4.22203 2.12037 -2.18314 0.15433 0.71642 0.110431 0.671364 0.254855 0 0 0 0 0
4.21909 2.14554 -2.24924 0.1542 0.712486 0.0880921 0.678842 0.161586 -0.27432 -0.0988983 -0.0268581 -0.0961107 0.340864
4.21821 2.15828 -2.28617 0.153981 0.708145 0.0657029 0.685932 0.0683173 -0.27432 -0.0988983 -0.0268581 -0.0961107 0.340864
4.21643 2.18283 -2.35484 0.149236 0.710987 0.104407 0.679209 0.360835 0.860347 0.147105 0.00257946 0.181153 0.340864
4.21322 2.22283 -2.45381 0.159946 0.705492 0.126269 0.678789 0.267406 -0.274792 0.137982 -0.0328102 0.0379947 0.340864
4.21133 2.25411 -2.52198 0.170556 0.699558 0.148052 0.677945 0.173977 -0.274792 0.137982 -0.0328102 0.0379947 0.340864
4.20848 2.27917 -2.57323 0.163673 0.717808 0.153807 0.659019 0.162084 -0.0349777 -0.000674029 0.138911 0.0860737 0.340864
4.20291 2.30233 -2.62067 0.156664 0.735504 0.159442 0.639584 0.150192 -0.0349777 -0.000674029 0.138911 0.0860737 0.340864
4.19508 2.32352 -2.66419 0.149534 0.752633 0.164955 0.619656 0.138299 -0.0349777 -0.000674029 0.138911 0.0860737 0.340864
4.18545 2.34271 -2.70373 0.142289 0.76918 0.17034 0.59925 0.126407 -0.0349777 -0.000674029 0.138911 0.0860737 0.340864
4.17449 2.35988 -2.73926 0.134934 0.785134 0.175594 0.578381 0.114515 -0.0349777 -0.000674029 0.138911 0.0860737 0.340864
4.16267 2.37503 -2.77077 0.127475 0.800482 0.180712 0.557065 0.102622 -0.0349777 -0.000674029 0.138911 0.0860737 0.340864
4.14762 2.3949 -2.80883 0.153119 0.787229 0.196583 0.564074 0.165045 0.183598 0.167628 -0.0610828 -0.0861524 0.340864
4.12758 2.42774 -2.86333 0.17859 0.773083 0.212231 0.570444 0.227469 0.183598 0.167628 -0.0610828 -0.0861524 0.340864
4.10395 2.47577 -2.9331 0.203859 0.758061 0.227637 0.576166 0.289892 0.183598 0.167628 -0.0610828 -0.0861524 0.340864
4.07821 2.54103 -3.01673 0.228896 0.742178 0.242786 0.581234 0.352315 0.183598 0.167628 -0.0610828 -0.0861524 0.340864
4.04779 2.62711 -3.12215 0.244568 0.750296 0.21344 0.575922 0.468063 0.340435 -0.0789902 0.112865 -0.150269 0.340864
4.02501 2.70442 -3.22412 0.243264 0.729511 0.17626 0.614467 0.296912 -0.503385 -0.197976 -0.188785 -0.198606 0.340864
4.01873 2.74397 -3.28374 0.241157 0.706317 0.138498 0.650982 0.125761 -0.503385 -0.197976 -0.188785 -0.198606 0.340864
4.01631 2.77555 -3.33623 0.215097 0.704398 0.157556 0.657824 0.234835 0.320804 -0.0287573 -0.0840507 0.172984 0.340864
4.01191 2.82519 -3.42106 0.188803 0.70171 0.176441 0.663946 0.343908 0.320804 -0.0287573 -0.0840507 0.172984 0.340864
4.00523 2.89202 -3.53871 0.162302 0.698255 0.195133 0.669343 0.452981 0.320804 -0.0287573 -0.0840507 0.172984 0.340864
3.99681 2.94702 -3.64183 0.154656 0.72082 0.170789 0.653706 0.236401 -0.637 -0.141102 0.16758 -0.0249596 0.340864
3.99182 2.9658 -3.68081 0.146793 0.742372 0.146204 0.63715 0.0198212 -0.637 -0.141102 0.16758 -0.0249596 0.340864
3.98919 2.97664 -3.70349 0.179395 0.720834 0.140985 0.654476 0.128891 0.320794 0.102996 -0.123881 -0.195492 0.340864
3.98659 3.00547 -3.75871 0.211665 0.697959 0.135505 0.670589 0.237961 0.320794 0.102996 -0.123881 -0.195492 0.340864
3.98914 3.0545 -3.84517 0.243542 0.673789 0.129773 0.685459 0.347031 0.320794 0.102996 -0.123881 -0.195492 0.340864
4.00211 3.12534 -3.96112 0.274968 0.648371 0.123801 0.699057 0.4561 0.320794 0.102996 -0.123881 -0.195492 0.340864
4.02218 3.19842 -4.07781 0.263342 0.634397 0.130348 0.714983 0.362399 -0.275591 -0.0384264 -0.137273 0.0370697 0.340864
4.04112 3.25382 -4.16771 0.25155 0.620025 0.136813 0.730461 0.268698 -0.275591 -0.0384264 -0.137273 0.0370697 0.340864
4.05688 3.29213 -4.23074 0.239601 0.605265 0.143193 0.745481 0.174997 -0.275591 -0.0384264 -0.137273 0.0370697 0.340864
4.06736 3.31392 -4.26698 0.227501 0.590126 0.149483 0.760033 0.0812962 -0.275591 -0.0384264 -0.137273 0.0370697 0.340864
4.07967 3.33915 -4.31186 0.215622 0.613094 0.132417 0.748391 0.230121 0.437718 -0.11699 0.155521 0.00591228 0.340864
4.09636 3.3745 -4.37818 0.183794 0.605088 0.153662 0.75926 0.222747 -0.0216875 -0.0710622 -0.126214 0.189745 0.340864
4.11149 3.40645 -4.44001 0.176141 0.613077 0.148906 0.755604 0.196231 -0.0779873 -0.0543815 0.0469174 0.0179384 0.340864
4.12367 3.43343 -4.49473 0.16846 0.620969 0.144126 0.751829 0.169715 -0.0779873 -0.0543815 0.0469174 0.0179384 0.340864
4.13319 3.45569 -4.54209 0.160752 0.628762 0.139323 0.747935 0.1432 -0.0779873 -0.0543815 0.0469174 0.0179384 0.340864
4.14037 3.4735 -4.58188 0.153019 0.636456 0.134498 0.743922 0.116684 -0.0779873 -0.0543815 0.0469174 0.0179384 0.340864
4.15054 3.49902 -4.64298 0.148759 0.64051 0.120836 0.743651 0.277412 0.472729 -0.0727547 0.0276831 -0.0399757 0.340864
4.16857 3.54244 -4.75517 0.144467 0.644422 0.107147 0.743215 0.43814 0.472729 -0.0727547 0.0276831 -0.0399757 0.340864
4.18325 3.58169 -4.8674 0.135684 0.667511 0.0861376 0.727048 0.266691 -0.504263 -0.118879 0.174581 -0.0287503 0.340864
4.18765 3.59952 -4.92611 0.126722 0.689723 0.0650153 0.709927 0.0952413 -0.504263 -0.118879 0.174581 -0.0287503 0.340864
4.19168 3.61722 -4.98246 0.164885 0.671285 0.0697056 0.719257 0.253081 0.464236 0.17855 -0.103788 -0.152605 0.340864
4.20481 3.65664 -5.08739 0.202733 0.651567 0.0742632 0.727217 0.410921 0.464236 0.17855 -0.103788 -0.152605 0.340864
4.2249 3.71027 -5.20845 0.224763 0.640703 0.0968413 0.727738 0.37701 -0.0997392 0.184937 -0.0657848 -0.00103912 0.340864
4.24571 3.7661 -5.31536 0.246544 0.629126 0.119311 0.727449 0.343099 -0.0997392 0.184937 -0.0657848 -0.00103912 0.340864
4.2667 3.82264 -5.40839 0.26805 0.616848 0.141649 0.72635 0.309187 -0.0997392 0.184937 -0.0657848 -0.00103912 0.340864
4.28735 3.87841 -5.48796 0.289257 0.603883 0.163828 0.724442 0.275276 -0.0997392 0.184937 -0.0657848 -0.00103912 0.340864
4.30715 3.93201 -5.55464 0.310143 0.590246 0.185826 0.721727 0.241365 -0.0997392 0.184937 -0.0657848 -0.00103912 0.340864
4.32757 3.98797 -5.61715 0.34567 0.59033 0.17883 0.707137 0.266597 0.0742118 0.153104 0.102636 -0.136987 0.340864
4.35059 4.05195 -5.6834 0.380671 0.589514 0.171561 0.69147 0.291829 0.0742118 0.153104 0.102636 -0.136987 0.340864
4.37652 4.1242 -5.75283 0.415091 0.587799 0.164031 0.674748 0.317061 0.0742118 0.153104 0.102636 -0.136987 0.340864
4.40573 4.20494 -5.82487 0.448879 0.585189 0.156251 0.656999 0.342293 0.0742118 0.153104 0.102636 -0.136987 0.340864
4.43864 4.29431 -5.89897 0.481982 0.581687 0.148233 0.638248 0.367525 0.0742118 0.153104 0.102636 -0.136987 0.340864
4.4757 4.39238 -5.97454 0.514351 0.577298 0.139989 0.618524 0.392757 0.0742118 0.153104 0.102636 -0.136987 0.340864
4.5174 4.49915 -6.05105 0.545936 0.57203 0.131532 0.597858 0.417989 0.0742118 0.153104 0.102636 -0.136987 0.340864
4.54824 4.57549 -6.10392 0.533731 0.564982 0.142701 0.612832 0.157589 -0.765883 -0.0479781 -0.120494 0.0461336 0.340864
4.57355 4.62879 -6.1406 0.548949 0.529436 0.138744 0.631746 0.251169 0.275235 0.0121662 -0.165853 -0.192377 0.340864
4.61829 4.70405 -6.19149 0.563141 0.492901 0.134528 0.649479 0.344748 0.275235 0.0121662 -0.165853 -0.192377 0.340864
