4.61829 4.70405 -6.19149 0.563141 0.492901 0.134528 0.649479 0.344748 0 0 0 0 0
4.68704 4.79908 -6.25438 0.576281 0.455445 0.13006 0.666 0.438328 0.275235 0.0121662 -0.165853 -0.192377 0.340864
4.74271 4.87227 -6.29852 0.571294 0.449077 0.172963 0.664858 0.161842 -0.813196 0.104181 -0.171192 0.160779 0.340864
4.80476 4.95392 -6.33917 0.577622 0.417457 0.188919 0.675568 0.487182 0.956883 0.0630891 -0.199184 -0.0714885 0.340864
4.90579 5.07265 -6.39566 0.566773 0.38419 0.183102 0.705437 0.488412 0.00361723 -0.121959 -0.197912 -0.142754 0.340864
5.01641 5.18423 -6.44994 0.554705 0.350096 0.176891 0.733788 0.489642 0.00361723 -0.121959 -0.197912 -0.142754 0.340864
5.1361 5.2883 -6.50108 0.541444 0.31525 0.1703 0.760562 0.490872 0.00361723 -0.121959 -0.197912 -0.142754 0.340864
5.26428 5.38456 -6.54815 0.527019 0.279725 0.163343 0.7857 0.492101 0.00361723 -0.121959 -0.197912 -0.142754 0.340864
5.40027 5.47279 -6.59026 0.51146 0.243599 0.156034 0.809148 0.493331 0.00361723 -0.121959 -0.197912 -0.142754 0.340864
5.54334 5.55282 -6.62657 0.494802 0.206949 0.14839 0.830857 0.494561 0.00361723 -0.121959 -0.197912 -0.142754 0.340864
5.69268 5.62457 -6.65627 0.47708 0.169855 0.140426 0.850779 0.495791 0.00361723 -0.121959 -0.197912 -0.142754 0.340864
5.84744 5.68802 -6.6786 0.458331 0.132395 0.132161 0.868871 0.497021 0.00361723 -0.121959 -0.197912 -0.142754 0.340864
6.00669 5.74324 -6.69286 0.438598 0.0946498 0.123612 0.885095 0.498251 0.00361723 -0.121959 -0.197912 -0.142754 0.340864
6.1695 5.79035 -6.69843 0.417921 0.0567015 0.114797 0.899416 0.499481 0.00361723 -0.121959 -0.197912 -0.142754 0.340864
6.30776 5.82649 -6.70084 0.39641 0.0641759 0.110316 0.90916 0.341282 -0.46529 -0.144317 0.032788 -0.0047371 0.340864
6.394 5.84877 -6.70438 0.374648 0.0716096 0.105765 0.918327 0.183083 -0.46529 -0.144317 0.032788 -0.0047371 0.340864
6.42819 5.85747 -6.70653 0.352649 0.078998 0.101147 0.926913 0.0248849 -0.46529 -0.144317 0.032788 -0.0047371 0.340864
6.44336 5.8618 -6.70712 0.37598 0.0614822 0.136678 0.914428 0.067953 0.126671 0.18011 -0.149581 0.154038 0.340864
6.47213 5.87162 -6.7063 0.398458 0.043827 0.171898 0.899868 0.111021 0.126671 0.18011 -0.149581 0.154038 0.340864
6.51382 5.88817 -6.70204 0.420031 0.0260722 0.206729 0.883265 0.154089 0.126671 0.18011 -0.149581 0.154038 0.340864
6.56746 5.91247 -6.69223 0.440651 0.00825834 0.24109 0.864658 0.197157 0.126671 0.18011 -0.149581 0.154038 0.340864
6.63185 5.94524 -6.67477 0.460272 -0.0095743 0.274904 0.844089 0.240225 0.126671 0.18011 -0.149581 0.154038 0.340864
6.70558 5.98694 -6.64756 0.478847 -0.0273852 0.308094 0.821604 0.283294 0.126671 0.18011 -0.149581 0.154038 0.340864
6.78706 6.03771 -6.6086 0.496336 -0.045134 0.340585 0.797255 0.326362 0.126671 0.18011 -0.149581 0.154038 0.340864
6.8745 6.09741 -6.55594 0.512699 -0.0627803 0.372303 0.771096 0.36943 0.126671 0.18011 -0.149581 0.154038 0.340864
6.95896 6.15897 -6.4964 0.539983 -0.0613068 0.389605 0.743551 0.338169 -0.0919421 0.197275 0.00408316 0.153374 0.340864
7.0331 6.21527 -6.43845 0.566293 -0.0597226 0.406205 0.714663 0.306909 -0.0919421 0.197275 0.00408316 0.153374 0.340864
7.09749 6.26592 -6.38281 0.591581 -0.0580307 0.422071 0.684486 0.275649 -0.0919421 0.197275 0.00408316 0.153374 0.340864
7.16301 6.31602 -6.32225 0.605059 -0.0745851 0.415691 0.674939 0.326349 0.149119 0.130782 -0.0142486 -0.0549993 0.340864
7.24028 6.36992 -6.24862 0.618181 -0.0910957 0.409066 0.664995 0.37705 0.149119 0.130782 -0.0142486 -0.0549993 0.340864
7.32937 6.42613 -6.16133 0.630941 -0.107553 0.402201 0.654661 0.42775 0.149119 0.130782 -0.0142486 -0.0549993 0.340864
7.43032 6.4831 -6.05988 0.643329 -0.123947 0.395099 0.643942 0.478451 0.149119 0.130782 -0.0142486 -0.0549993 0.340864
7.51011 6.52488 -5.98299 0.639399 -0.109519 0.375105 0.662171 0.218253 -0.765287 -0.102841 0.134493 -0.0663834 0.340864
7.5811 6.56433 -5.91844 0.646102 -0.0859248 0.393695 0.648208 0.392039 0.511135 0.0145912 0.0277802 0.196321 0.340864
7.64422 6.60512 -5.85732 0.633401 -0.0788343 0.42866 0.639405 0.177944 -0.629693 -0.0490768 -0.139747 0.174277 0.340864
7.66539 6.62002 -5.83506 0.641836 -0.094419 0.425523 0.630921 0.0229087 -0.455986 0.104094 -0.0295995 -0.0445624 0.340864
7.68887 6.6365 -5.80996 0.626123 -0.0895519 0.430438 0.643951 0.201312 0.524716 -0.122433 -0.0325881 -0.00472747 0.340864
7.7491 6.6816 -5.74598 0.61012 -0.0846432 0.435153 0.656682 0.379715 0.524716 -0.122433 -0.0325881 -0.00472747 0.340864
7.81833 6.73582 -5.66941 0.609496 -0.0971055 0.44827 0.646637 0.30618 -0.21628 0.0590161 -0.101823 0.0313489 0.340864
7.87014 6.77775 -5.60659 0.608611 -0.109526 0.461195 0.636314 0.232645 -0.21628 0.0590161 -0.101823 0.0313489 0.340864
7.90589 6.8077 -5.55905 0.607465 -0.1219 0.473923 0.625719 0.159109 -0.21628 0.0590161 -0.101823 0.0313489 0.340864
7.927 6.82603 -5.52826 0.606059 -0.134221 0.486447 0.614855 0.085574 -0.21628 0.0590161 -0.101823 0.0313489 0.340864
7.93495 6.8332 -5.51558 0.604392 -0.146485 0.498763 0.603728 0.0120386 -0.21628 0.0590161 -0.101823 0.0313489 0.340864
7.95974 6.85587 -5.47472 0.602645 -0.142694 0.492892 0.611158 0.299147 0.844438 -0.0386844 0.0356116 -0.0306749 0.340864
7.99639 6.88771 -5.41667 0.593002 -0.160477 0.474748 0.630247 0.145983 -0.450485 -0.035555 -0.0115485 -0.191745 0.340864
8.02956 6.91557 -5.36542 0.600139 -0.147942 0.482117 0.620894 0.248751 0.302261 0.0171233 0.0318711 0.103909 0.340864
8.07934 6.95924 -5.28778 0.607067 -0.135355 0.489318 0.611324 0.35152 0.302261 0.0171233 0.0318711 0.103909 0.340864
8.14519 7.01958 -5.18391 0.613782 -0.122721 0.496347 0.60154 0.454289 0.302261 0.0171233 0.0318711 0.103909 0.340864
8.2053 7.07934 -5.08513 0.602455 -0.118235 0.513729 0.599292 0.311436 -0.420155 -0.0576096 -0.0815829 0.0760986 0.340864
8.24031 7.11893 -5.02296 0.590854 -0.113694 0.530877 0.59677 0.168584 -0.420155 -0.0576096 -0.0815829 0.0760986 0.340864
8.25344 7.13573 -4.99774 0.578984 -0.109103 0.547784 0.593976 0.0257309 -0.420155 -0.0576096 -0.0815829 0.0760986 0.340864
8.26451 7.15318 -4.97403 0.553091 -0.0996371 0.567028 0.602198 0.15928 0.392793 -0.161356 -0.110649 0.0563768 0.340864
8.28877 7.19917 -4.91745 0.526535 -0.0900522 0.585593 0.609699 0.29283 0.392793 -0.161356 -0.110649 0.0563768 0.340864
8.32265 7.27779 -4.83019 0.499349 -0.0803594 0.603456 0.616469 0.42638 0.392793 -0.161356 -0.110649 0.0563768 0.340864
8.3576 7.35658 -4.74416 0.520227 -0.0886544 0.57694 0.623414 0.290131 -0.400732 0.0973139 0.125233 -0.135334 0.340864
8.38363 7.40259 -4.6903 0.540453 -0.0968381 0.549698 0.629575 0.153882 -0.400732 0.0973139 0.125233 -0.135334 0.340864
8.39523 7.41928 -4.66939 0.56 -0.1049 0.521766 0.634946 0.0176327 -0.400732 0.0973139 0.125233 -0.135334 0.340864
8.40394 7.42978 -4.65549 0.549114 -0.117022 0.508627 0.652747 0.0969792 0.233372 -0.0539875 -0.0244188 -0.150375 0.340864
8.42563 7.45439 -4.62259 0.537815 -0.129055 0.495103 0.670054 0.176326 0.233372 -0.0539875 -0.0244188 -0.150375 0.340864
