10.1578 8.40761 0.246687 0.672285 -0.432733 0.542436 0.257951 0.021382 0 0 0 0 0
10.1588 8.40271 0.261247 0.689505 -0.432333 0.521902 0.255519 0.0691712 0.140556 0.0867525 0.13058 0.0220221 0.340864
10.1621 8.39182 0.290766 0.706226 -0.43162 0.50099 0.252901 0.11696 0.140556 0.0867525 0.13058 0.0220221 0.340864
10.1692 8.3741 0.334679 0.722435 -0.430594 0.479715 0.2501 0.16475 0.140556 0.0867525 0.13058 0.0220221 0.340864
10.1815 8.34875 0.392293 0.738121 -0.429257 0.458093 0.247118 0.212539 0.140556 0.0867525 0.13058 0.0220221 0.340864
10.2003 8.315 0.462783 0.753272 -0.427608 0.436139 0.243957 0.260328 0.140556 0.0867525 0.13058 0.0220221 0.340864
10.2269 8.27215 0.545206 0.767878 -0.42565 0.413869 0.24062 0.308117 0.140556 0.0867525 0.13058 0.0220221 0.340864
10.2625 8.21956 0.638499 0.781928 -0.423384 0.391299 0.237108 0.355906 0.140556 0.0867525 0.13058 0.0220221 0.340864
10.3084 8.15663 0.741485 0.795411 -0.420811 0.368446 0.233424 0.403695 0.140556 0.0867525 0.13058 0.0220221 0.340864
10.357 8.08614 0.852337 0.777592 -0.442001 0.380255 0.235353 0.420416 0.0491766 -0.0167986 -0.118214 -0.13124 0.340864
10.3997 8.01137 0.969983 0.759066 -0.462789 0.391719 0.237067 0.437136 0.0491766 -0.0167986 -0.118214 -0.13124 0.340864
10.4355 7.9326 1.09427 0.739849 -0.483157 0.402826 0.238566 0.453856 0.0491766 -0.0167986 -0.118214 -0.13124 0.340864
10.4638 7.85016 1.22501 0.71996 -0.503084 0.413566 0.239848 0.470576 0.0491766 -0.0167986 -0.118214 -0.13124 0.340864
10.4907 7.77146 1.35714 0.719434 -0.491864 0.401447 0.281645 0.448001 -0.0663953 -0.169242 0.189632 -0.0728408 0.340864
10.5227 7.70321 1.48504 0.717456 -0.47965 0.388517 0.322873 0.425427 -0.0663953 -0.169242 0.189632 -0.0728408 0.340864
10.5594 7.64468 1.60771 0.714028 -0.466468 0.374802 0.363449 0.402853 -0.0663953 -0.169242 0.189632 -0.0728408 0.340864
10.5983 7.59209 1.71711 0.736351 -0.460251 0.353249 0.348096 0.34698 -0.164332 0.157678 0.110932 0.0751476 0.340864
10.6359 7.54336 1.80637 0.757763 -0.453465 0.331258 0.332313 0.291107 -0.164332 0.157678 0.110932 0.0751476 0.340864
10.6708 7.50016 1.87653 0.778238 -0.446118 0.308857 0.316118 0.235234 -0.164332 0.157678 0.110932 0.0751476 0.340864
10.7012 7.464 1.92883 0.79775 -0.438219 0.286075 0.299533 0.179362 -0.164332 0.157678 0.110932 0.0751476 0.340864
10.7276 7.43497 1.97037 0.806668 -0.41258 0.306473 0.291785 0.15681 -0.0663277 -0.0436659 -0.0555222 0.192321 0.340864
10.7513 7.4119 2.00714 0.814608 -0.386441 0.3265 0.283683 0.134259 -0.0663277 -0.0436659 -0.0555222 0.192321 0.340864
10.772 7.39421 2.03887 0.821559 -0.359832 0.34613 0.275238 0.111707 -0.0663277 -0.0436659 -0.0555222 0.192321 0.340864
10.7893 7.38125 2.0653 0.827514 -0.332787 0.36534 0.266458 0.0891559 -0.0663277 -0.0436659 -0.0555222 0.192321 0.340864
10.8052 7.36912 2.09066 0.819 -0.356579 0.368452 0.257553 0.100865 0.0344393 0.0750504 -0.088174 -0.108475 0.340864
10.8217 7.35413 2.11928 0.809891 -0.380111 0.371295 0.248461 0.112575 0.0344393 0.0750504 -0.088174 -0.108475 0.340864
10.8384 7.33603 2.15113 0.800192 -0.403366 0.373868 0.239188 0.124284 0.0344393 0.0750504 -0.088174 -0.108475 0.340864
10.855 7.31461 2.18613 0.789912 -0.426328 0.376169 0.229741 0.135993 0.0344393 0.0750504 -0.088174 -0.108475 0.340864
10.871 7.28967 2.22417 0.779057 -0.44898 0.378197 0.220126 0.147703 0.0344393 0.0750504 -0.088174 -0.108475 0.340864
10.8861 7.26102 2.26512 0.767634 -0.471305 0.379949 0.210352 0.159412 0.0344393 0.0750504 -0.088174 -0.108475 0.340864
10.8998 7.22851 2.30884 0.755654 -0.493287 0.381425 0.200425 0.171121 0.0344393 0.0750504 -0.088174 -0.108475 0.340864
10.9118 7.19202 2.35514 0.743124 -0.51491 0.382623 0.190352 0.182831 0.0344393 0.0750504 -0.088174 -0.108475 0.340864
10.9217 7.15145 2.40384 0.730053 -0.536159 0.383543 0.18014 0.19454 0.0344393 0.0750504 -0.088174 -0.108475 0.340864
10.929 7.10672 2.4547 0.716451 -0.557018 0.384184 0.169797 0.206249 0.0344393 0.0750504 -0.088174 -0.108475 0.340864
10.9398 7.02939 2.53703 0.726035 -0.557081 0.371111 0.157513 0.461257 0.750023 0.104327 0.0364471 0.0458423 0.340864
10.9564 6.92269 2.64572 0.731589 -0.552694 0.371854 0.145024 0.439981 -0.0625766 0.046474 -0.0279162 0.064894 0.340864
10.9734 6.81977 2.74782 0.736991 -0.548192 0.372521 0.132504 0.418705 -0.0625766 0.046474 -0.0279162 0.064894 0.340864
10.9909 6.72079 2.84347 0.742242 -0.543577 0.373111 0.119957 0.397429 -0.0625766 0.046474 -0.0279162 0.064894 0.340864
11.0087 6.62594 2.9328 0.747339 -0.53885 0.373624 0.107385 0.376153 -0.0625766 0.046474 -0.0279162 0.064894 0.340864
11.0267 6.53536 3.01596 0.752281 -0.534011 0.374059 0.0947907 0.354877 -0.0625766 0.046474 -0.0279162 0.064894 0.340864
11.0448 6.44922 3.09309 0.757068 -0.529062 0.374418 0.082177 0.333601 -0.0625766 0.046474 -0.0279162 0.064894 0.340864
11.0629 6.36765 3.16434 0.761699 -0.524003 0.374698 0.0695463 0.312325 -0.0625766 0.046474 -0.0279162 0.064894 0.340864
11.0809 6.29079 3.22985 0.766172 -0.518837 0.374902 0.0569012 0.291049 -0.0625766 0.046474 -0.0279162 0.064894 0.340864
11.0986 6.21878 3.28977 0.770487 -0.513563 0.375028 0.0442444 0.269773 -0.0625766 0.046474 -0.0279162 0.064894 0.340864
11.1151 6.15511 3.34328 0.773509 -0.495142 0.394563 0.0289552 0.22906 -0.119745 -0.0295761 -0.123285 0.131452 0.340864
11.1294 6.1029 3.38917 0.775786 -0.476244 0.413718 0.0136382 0.188346 -0.119745 -0.0295761 -0.123285 0.131452 0.340864
11.1412 6.06178 3.42701 0.777314 -0.456887 0.432474 -0.00169196 0.147633 -0.119745 -0.0295761 -0.123285 0.131452 0.340864
11.1503 6.03131 3.45636 0.778094 -0.437089 0.450813 -0.0170205 0.10692 -0.119745 -0.0295761 -0.123285 0.131452 0.340864
11.1592 5.99696 3.4877 0.764005 -0.474409 0.436361 -0.0286677 0.171676 0.190459 0.190907 0.00257991 -0.174759 0.340864
11.1693 5.94312 3.53024 0.748437 -0.51081 0.421063 -0.0402594 0.236432 0.190459 0.190907 0.00257991 -0.174759 0.340864
11.1783 5.86807 3.58158 0.731421 -0.546222 0.404951 -0.0517732 0.301188 0.190459 0.190907 0.00257991 -0.174759 0.340864
11.1839 5.77053 3.6391 0.712988 -0.580577 0.388054 -0.0631867 0.365945 0.190459 0.190907 0.00257991 -0.174759 0.340864
11.1878 5.66845 3.69871 0.720952 -0.572936 0.388816 -0.0281793 0.329891 -0.106039 -0.169864 0.131731 -0.0209514 0.340864
11.1931 5.58014 3.75714 0.727945 -0.564523 0.389053 0.00686609 0.293838 -0.106039 -0.169864 0.131731 -0.0209514 0.340864
11.1996 5.50511 3.81298 0.733957 -0.555349 0.388767 0.0419022 0.257785 -0.106039 -0.169864 0.131731 -0.0209514 0.340864
11.2071 5.44273 3.86491 0.738979 -0.545426 0.387956 0.0768819 0.221731 -0.106039 -0.169864 0.131731 -0.0209514 0.340864
11.2152 5.3923 3.91168 0.743005 -0.534768 0.386622 0.111758 0.185678 -0.106039 -0.169864 0.131731 -0.0209514 0.340864
11.2233 5.35302 3.95218 0.74603 -0.523389 0.384767 0.146483 0.149625 -0.106039 -0.169864 0.131731 -0.0209514 0.340864
11.2308 5.32401 3.98538 0.748049 -0.511305 0.382394 0.181011 0.113572 -0.106039 -0.169864 0.131731 -0.0209514 0.340864
