11.2308 5.32401 3.98538 0.748049 -0.511305 0.382394 0.181011 0.113572 0 0 0 0 0
11.2373 5.30431 4.01038 0.74906 -0.498532 0.379505 0.215295 0.0775183 -0.106039 -0.169864 0.131731 -0.0209514 0.340864
11.2419 5.29291 4.02643 0.749061 -0.485086 0.376104 0.249289 0.0414651 -0.106039 -0.169864 0.131731 -0.0209514 0.340864
11.2543 5.26747 4.06174 0.763681 -0.488367 0.342045 0.247576 0.224659 0.538807 0.133461 0.172761 -0.0189 0.340864
11.2748 5.22191 4.11926 0.761165 -0.504166 0.347479 0.21378 0.223632 -0.00302228 0.164375 -0.149603 -0.00228921 0.340864
11.2924 5.17339 4.17485 0.757563 -0.519246 0.352416 0.179679 0.222604 -0.00302228 0.164375 -0.149603 -0.00228921 0.340864
11.307 5.12204 4.22823 0.752879 -0.533584 0.356851 0.145321 0.221577 -0.00302228 0.164375 -0.149603 -0.00228921 0.340864
11.3189 5.06801 4.27909 0.747121 -0.54716 0.360776 0.110756 0.220549 -0.00302228 0.164375 -0.149603 -0.00228921 0.340864
11.3282 5.01147 4.32717 0.740295 -0.559956 0.364186 0.0760327 0.219522 -0.00302228 0.164375 -0.149603 -0.00228921 0.340864
11.335 4.95258 4.37221 0.732413 -0.571952 0.367076 0.0412007 0.218494 -0.00302228 0.164375 -0.149603 -0.00228921 0.340864
11.3396 4.89155 4.41398 0.723486 -0.583131 0.369442 0.00630996 0.217466 -0.00302228 0.164375 -0.149603 -0.00228921 0.340864
11.3419 4.80194 4.47524 0.7068 -0.594772 0.381288 0.0360453 0.421266 0.599412 -0.142537 0.0148927 -0.171 0.340864
11.3365 4.68213 4.55974 0.679518 -0.619733 0.391516 0.0300234 0.44199 0.0609517 0.0394623 -0.130107 -0.183598 0.340864
11.3266 4.58801 4.62799 0.670679 -0.60707 0.425366 0.0268275 0.244475 -0.580925 -0.141383 -0.165116 0.0317357 0.340864
11.3186 4.52452 4.6742 0.669333 -0.621606 0.40653 0.0182216 0.219836 -0.0724697 0.137386 0.0379223 -0.0435932 0.340864
11.3111 4.46601 4.71291 0.667559 -0.635742 0.387434 0.00960402 0.195196 -0.0724697 0.137386 0.0379223 -0.0435932 0.340864
11.3042 4.41302 4.74467 0.665355 -0.649471 0.368089 0.000980277 0.170556 -0.0724697 0.137386 0.0379223 -0.0435932 0.340864
11.2979 4.36602 4.77006 0.662725 -0.662783 0.348507 -0.0076441 0.145917 -0.0724697 0.137386 0.0379223 -0.0435932 0.340864
11.2898 4.29227 4.80972 0.679598 -0.649623 0.340322 0.0178268 0.348979 0.597244 -0.0951407 0.165242 0.0652494 0.340864
11.2844 4.19344 4.86288 0.699753 -0.638725 0.319822 0.00945527 0.312 -0.108763 0.0921161 0.0914684 0.135217 0.340864
11.285 4.10415 4.90739 0.719198 -0.627179 0.298998 0.00107414 0.27502 -0.108763 0.0921161 0.0914684 0.135217 0.340864
11.2903 4.02506 4.94374 0.737913 -0.614996 0.277869 -0.00730807 0.238041 -0.108763 0.0921161 0.0914684 0.135217 0.340864
11.2989 3.95674 4.97252 0.755878 -0.602188 0.256459 -0.0156829 0.201061 -0.108763 0.0921161 0.0914684 0.135217 0.340864
11.3094 3.89962 4.99441 0.773076 -0.58877 0.234788 -0.0240417 0.164082 -0.108763 0.0921161 0.0914684 0.135217 0.340864
11.3204 3.85399 5.01013 0.789489 -0.574753 0.212879 -0.0323762 0.127102 -0.108763 0.0921161 0.0914684 0.135217 0.340864
11.3315 3.8104 5.02263 0.781459 -0.592585 0.189169 -0.048787 0.147513 0.0600307 0.180269 0.047976 -0.0849174 0.340864
11.343 3.75921 5.03369 0.772479 -0.609698 0.16523 -0.0651385 0.167923 0.0600307 0.180269 0.047976 -0.0849174 0.340864
11.3544 3.70039 5.04241 0.762562 -0.626071 0.14109 -0.081411 0.188333 0.0600307 0.180269 0.047976 -0.0849174 0.340864
11.3644 3.64815 5.04991 0.770641 -0.612379 0.16322 -0.0668061 0.127673 -0.178413 -0.162271 -0.0453413 0.0684626 0.340864
11.3712 3.61642 5.05637 0.777984 -0.598102 0.185194 -0.0521374 0.0670122 -0.178413 -0.162271 -0.0453413 0.0684626 0.340864
11.3779 3.58835 5.06305 0.783446 -0.584806 0.197632 -0.0717985 0.107306 0.118512 0.0300613 -0.124236 0.0976806 0.340864
11.3887 3.54754 5.07285 0.788323 -0.571073 0.209922 -0.0914059 0.147601 0.118512 0.0300613 -0.124236 0.0976806 0.340864
11.4042 3.4942 5.08582 0.79261 -0.556913 0.222055 -0.110945 0.187895 0.118512 0.0300613 -0.124236 0.0976806 0.340864
11.4248 3.42853 5.10208 0.796304 -0.542336 0.234022 -0.130401 0.228189 0.118512 0.0300613 -0.124236 0.0976806 0.340864
11.4513 3.35079 5.12176 0.799403 -0.527354 0.245815 -0.14976 0.268483 0.118512 0.0300613 -0.124236 0.0976806 0.340864
11.484 3.26125 5.14506 0.801904 -0.511977 0.257423 -0.169006 0.308778 0.118512 0.0300613 -0.124236 0.0976806 0.340864
11.5235 3.16021 5.17219 0.803805 -0.496218 0.268838 -0.188126 0.349072 0.118512 0.0300613 -0.124236 0.0976806 0.340864
11.5703 3.048 5.20342 0.805105 -0.480087 0.280053 -0.207106 0.389366 0.118512 0.0300613 -0.124236 0.0976806 0.340864
11.6005 2.97271 5.22365 0.783372 -0.500846 0.289632 -0.227144 0.102546 -0.843589 0.128551 -0.11249 -0.138378 0.340864
11.6099 2.94667 5.23018 0.775635 -0.488685 0.309405 -0.252677 0.0647722 -0.111099 0.0490318 -0.195814 0.0503375 0.340864
11.6151 2.93242 5.23386 0.766928 -0.475912 0.328792 -0.277894 0.0269985 -0.111099 0.0490318 -0.195814 0.0503375 0.340864
11.6202 2.9167 5.23764 0.745757 -0.498609 0.334322 -0.288901 0.0727044 0.134429 0.112699 -0.0596183 -0.149442 0.340864
11.6283 2.8859 5.24394 0.723755 -0.52075 0.33948 -0.299586 0.11841 0.134429 0.112699 -0.0596183 -0.149442 0.340864
11.6379 2.83949 5.25173 0.700945 -0.542311 0.344259 -0.309936 0.164116 0.134429 0.112699 -0.0596183 -0.149442 0.340864
11.6473 2.77716 5.2599 0.677354 -0.563267 0.348654 -0.319941 0.209822 0.134429 0.112699 -0.0596183 -0.149442 0.340864
11.6548 2.69878 5.2673 0.653008 -0.583594 0.352661 -0.32959 0.255528 0.134429 0.112699 -0.0596183 -0.149442 0.340864
11.659 2.60438 5.27267 0.627933 -0.603271 0.356274 -0.33887 0.301234 0.134429 0.112699 -0.0596183 -0.149442 0.340864
11.6581 2.49424 5.27476 0.602158 -0.622275 0.35949 -0.347773 0.34694 0.134429 0.112699 -0.0596183 -0.149442 0.340864
11.6507 2.36877 5.27226 0.575712 -0.640585 0.362305 -0.356288 0.392646 0.134429 0.112699 -0.0596183 -0.149442 0.340864
11.6354 2.22861 5.26382 0.548624 -0.658181 0.364716 -0.364406 0.438352 0.134429 0.112699 -0.0596183 -0.149442 0.340864
11.6108 2.07457 5.24811 0.520924 -0.675043 0.366721 -0.372118 0.484058 0.134429 0.112699 -0.0596183 -0.149442 0.340864
11.5835 1.94674 5.23243 0.497637 -0.686341 0.38485 -0.364944 0.290386 -0.569624 -0.0186303 -0.0525828 -0.182275 0.340864
11.5663 1.88372 5.22471 0.473828 -0.696917 0.402575 -0.357388 0.0967136 -0.569624 -0.0186303 -0.0525828 -0.182275 0.340864
11.5445 1.81061 5.21576 0.476922 -0.687553 0.406653 -0.366674 0.355197 0.760246 -0.0195141 -0.0617947 0.0522036 0.340864
11.5133 1.69477 5.20146 0.478784 -0.668159 0.416549 -0.388352 0.355504 0.000901294 -0.0296193 -0.152839 0.0924619 0.340864
11.4865 1.57777 5.18681 0.480191 -0.648132 0.42605 -0.409661 0.35581 0.000901294 -0.0296193 -0.152839 0.0924619 0.340864
11.4641 1.45975 5.17205 0.481144 -0.627491 0.435148 -0.430583 0.356117 0.000901294 -0.0296193 -0.152839 0.0924619 0.340864
11.448 1.35757 5.15753 0.493416 -0.64156 0.39933 -0.430671 0.258454 -0.287242 0.137422 0.168141 0.0964476 0.340864
11.4386 1.28804 5.14499 0.504882 -0.654582 0.362861 -0.430056 0.160792 -0.287242 0.137422 0.168141 0.0964476 0.340864
