0 0 0 0 0 0 1 4.64183e-310 0 0 0 0 0
0.0481064 -0.00169946 -0.000781898 -0.0142894 0.0124652 -0.0263457 0.999473 0.28322 0.832999 -0.0840704 0.0733377 -0.155002 0.340864
0.169103 -0.00614738 -0.00515066 -0.0196814 0.0234616 -0.0108044 0.999473 0.429514 0.430277 -0.0288587 0.0667971 0.0908483 0.340864
0.318769 -0.010376 -0.010573 -0.0143083 0.0132933 -0.0167484 0.999669 0.451819 0.065602 0.0301468 -0.0608409 -0.0344992 0.340864
0.476031 -0.0166209 -0.0130722 -0.00893277 0.00312265 -0.0226896 0.999698 0.474123 0.065602 0.0301468 -0.0608409 -0.0344992 0.340864
0.640802 -0.0250898 -0.01236 -0.00355577 -0.00704848 -0.028627 0.999559 0.496428 0.065602 0.0301468 -0.0608409 -0.0344992 0.340864
0.804763 -0.0288909 -0.0066936 -0.0335777 -0.0274032 0.0050502 0.999048 0.469139 -0.0802618 -0.181431 -0.113989 0.197189 0.340864
0.959011 -0.021604 0.00452817 -0.0635174 -0.0476907 0.0387151 0.996088 0.44185 -0.0802618 -0.181431 -0.113989 0.197189 0.340864
1.1027 -0.00427015 0.0199286 -0.0933015 -0.0678615 0.0722851 0.990689 0.414561 -0.0802618 -0.181431 -0.113989 0.197189 0.340864
1.2394 0.0187754 0.0352576 -0.0645504 -0.0553177 0.0844543 0.992794 0.405887 -0.0255108 0.158543 0.0928619 0.0746289 0.340864
1.37303 0.0439978 0.0473275 -0.035726 -0.0427111 0.0965276 0.993772 0.397213 -0.0255108 0.158543 0.0928619 0.0746289 0.340864
1.50344 0.0714262 0.0564175 -0.00686091 -0.0300559 0.108491 0.993619 0.38854 -0.0255108 0.158543 0.0928619 0.0746289 0.340864
1.6305 0.101068 0.0628087 0.0220119 -0.0173666 0.120332 0.992338 0.379866 -0.0255108 0.158543 0.0928619 0.0746289 0.340864
1.75407 0.13291 0.0667826 0.0508598 -0.00465748 0.132035 0.989928 0.371192 -0.0255108 0.158543 0.0928619 0.0746289 0.340864
1.87406 0.166917 0.0686191 0.0796498 0.00805688 0.143589 0.986394 0.362519 -0.0255108 0.158543 0.0928619 0.0746289 0.340864
1.99036 0.203034 0.0685945 0.108349 0.0207621 0.154979 0.981739 0.353845 -0.0255108 0.158543 0.0928619 0.0746289 0.340864
2.10288 0.24119 0.0669804 0.136926 0.0334437 0.166193 0.975968 0.345171 -0.0255108 0.158543 0.0928619 0.0746289 0.340864
2.21156 0.281292 0.0640417 0.165347 0.0460873 0.177218 0.969087 0.336498 -0.0255108 0.158543 0.0928619 0.0746289 0.340864
2.31634 0.323233 0.0600351 0.193579 0.0586785 0.188042 0.961106 0.327824 -0.0255108 0.158543 0.0928619 0.0746289 0.340864
2.43052 0.367925 0.0585236 0.176209 0.0244296 0.174109 0.968524 0.393659 0.193632 -0.0736007 -0.199595 -0.120015 0.340864
2.56744 0.41529 0.0646954 0.158534 -0.00986141 0.159876 0.974274 0.459494 0.193632 -0.0736007 -0.199595 -0.120015 0.340864
2.70901 0.464112 0.0701361 0.156585 0.0268463 0.172256 0.972157 0.422192 -0.109709 -0.0444476 0.196921 0.107086 0.340864
2.83691 0.513496 0.0657872 0.1544 0.0635135 0.184376 0.968572 0.384891 -0.109709 -0.0444476 0.196921 0.107086 0.340864
2.95073 0.562375 0.0534384 0.151981 0.100085 0.196217 0.963527 0.34759 -0.109709 -0.0444476 0.196921 0.107086 0.340864
3.05031 0.609725 0.0349051 0.149333 0.136505 0.207763 0.957027 0.310289 -0.109709 -0.0444476 0.196921 0.107086 0.340864
3.13571 0.654568 0.0120076 0.14646 0.17272 0.218995 0.949083 0.272988 -0.109709 -0.0444476 0.196921 0.107086 0.340864
3.20719 0.695987 -0.01345 0.143366 0.208673 0.229896 0.939707 0.235687 -0.109709 -0.0444476 0.196921 0.107086 0.340864
3.26528 0.733134 -0.0397012 0.140055 0.244312 0.240451 0.928913 0.198386 -0.109709 -0.0444476 0.196921 0.107086 0.340864
3.31066 0.765239 -0.0650365 0.136533 0.279582 0.250643 0.916717 0.161085 -0.109709 -0.0444476 0.196921 0.107086 0.340864
3.34426 0.791621 -0.0878233 0.132806 0.314431 0.260456 0.903138 0.123784 -0.109709 -0.0444476 0.196921 0.107086 0.340864
3.36717 0.811689 -0.106525 0.128877 0.348804 0.269877 0.888196 0.0864827 -0.109709 -0.0444476 0.196921 0.107086 0.340864
3.39665 0.837657 -0.134719 0.129465 0.376628 0.233412 0.887079 0.198044 0.328123 -0.115111 0.176303 -0.168918 0.340864
3.44863 0.879067 -0.189737 0.129781 0.403659 0.196455 0.884094 0.309606 0.328123 -0.115111 0.176303 -0.168918 0.340864
3.52174 0.931281 -0.275489 0.129823 0.42984 0.159085 0.879247 0.421168 0.328123 -0.115111 0.176303 -0.168918 0.340864
3.60367 0.992351 -0.380373 0.162798 0.448164 0.171848 0.862041 0.440374 0.0564881 0.198872 0.159442 0.0127354 0.340864
3.68303 1.06391 -0.489829 0.195466 0.465645 0.184287 0.843212 0.45958 0.0564881 0.198872 0.159442 0.0127354 0.340864
3.75927 1.14655 -0.602948 0.227766 0.48225 0.19638 0.822795 0.478786 0.0564881 0.198872 0.159442 0.0127354 0.340864
3.8319 1.24081 -0.718722 0.259638 0.497947 0.208103 0.800831 0.497992 0.0564881 0.198872 0.159442 0.0127354 0.340864
3.8894 1.31896 -0.807179 0.264128 0.471859 0.214963 0.813251 0.274435 -0.657519 0.0542209 -0.16428 -0.0358907 0.340864
3.91589 1.35221 -0.842542 0.26838 0.445345 0.221629 0.824937 0.0508784 -0.657519 0.0542209 -0.16428 -0.0358907 0.340864
3.95248 1.39468 -0.889027 0.248747 0.454658 0.207202 0.829746 0.377514 0.960694 -0.152817 0.0297782 -0.0101426 0.340864
4.01756 1.47477 -0.976893 0.257209 0.467327 0.227234 0.814748 0.419903 0.124671 0.101393 0.0829658 0.111974 0.340864
4.07362 1.55257 -1.06243 0.24416 0.495401 0.222253 0.803472 0.336126 -0.246401 -0.096715 0.155666 0.0695622 0.340864
4.11224 1.61185 -1.13314 0.230839 0.522925 0.217026 0.791304 0.25235 -0.246401 -0.096715 0.155666 0.0695622 0.340864
4.13616 1.65316 -1.18643 0.217263 0.549868 0.211557 0.778258 0.168573 -0.246401 -0.096715 0.155666 0.0695622 0.340864
4.14829 1.67728 -1.21998 0.203445 0.576201 0.205854 0.764347 0.0847971 -0.246401 -0.096715 0.155666 0.0695622 0.340864
4.15168 1.68518 -1.23176 0.189401 0.601894 0.199922 0.749588 0.00102076 -0.246401 -0.096715 0.155666 0.0695622 0.340864
4.15825 1.70367 -1.26261 0.166761 0.613567 0.193726 0.747125 0.214035 0.626511 -0.132764 0.0404761 0.068744 0.340864
4.1756 1.7554 -1.35694 0.144006 0.624815 0.187395 0.744145 0.427049 0.626511 -0.132764 0.0404761 0.068744 0.340864
4.1883 1.79874 -1.43874 0.171128 0.641526 0.173115 0.727455 0.12264 -0.895319 0.061968 0.176526 -0.129668 0.340864
4.19453 1.82415 -1.48767 0.164322 0.648157 0.160656 0.726003 0.203741 0.238533 -0.0814337 0.039463 -0.0194807 0.340864
4.20311 1.8601 -1.56205 0.157476 0.654626 0.148157 0.724372 0.284843 0.238533 -0.0814337 0.039463 -0.0194807 0.340864
4.21352 1.90518 -1.66254 0.15059 0.660934 0.135621 0.722562 0.365944 0.238533 -0.0814337 0.039463 -0.0194807 0.340864
4.2252 1.95792 -1.78975 0.143668 0.667078 0.123052 0.720572 0.447046 0.238533 -0.0814337 0.039463 -0.0194807 0.340864
4.23191 1.99856 -1.88839 0.160392 0.681262 0.125518 0.703137 0.181809 -0.780107 0.0850429 0.138571 -0.0305703 0.340864
4.23324 2.03034 -1.96351 0.155773 0.698049 0.121415 0.688274 0.298101 0.342034 -0.0339234 0.129473 0.0283539 0.340864
4.23234 2.05375 -2.02236 0.134526 0.708244 0.114302 0.683541 0.0745298 -0.657562 -0.118184 0.0520568 0.0711739 0.340864
4.22837 2.08093 -2.08874 0.154372 0.719946 0.132707 0.663503 0.348124 0.804689 0.164499 0.129341 0.0140591 0.340864
4.22203 2.12037 -2.18314 0.15433 0.71642 0.110431 0.671364 0.254855 -0.27432 -0.0988983 -0.0268581 -0.0961107 0.340864
