8.42563 7.45439 -4.62259 0.537815 -0.129055 0.495103 0.670054 0.176326 0 0 0 0 0
8.46143 7.49246 -4.57099 0.526109 -0.140991 0.481206 0.686856 0.255672 0.233372 -0.0539875 -0.0244188 -0.150375 0.340864
8.51241 7.54327 -4.50097 0.514006 -0.15282 0.466946 0.703139 0.335019 0.233372 -0.0539875 -0.0244188 -0.150375 0.340864
8.57959 7.60598 -4.41275 0.501516 -0.164534 0.452333 0.718892 0.414365 0.233372 -0.0539875 -0.0244188 -0.150375 0.340864
8.62497 7.64729 -4.35045 0.510579 -0.193037 0.465912 0.6964 0.100147 -0.924172 0.167421 -0.158287 0.0419656 0.340864
8.66215 7.68176 -4.28739 0.520261 -0.225715 0.479897 0.669389 0.37594 0.811156 0.194534 -0.180065 0.044182 0.340864
8.71714 7.73544 -4.18271 0.519474 -0.224833 0.494732 0.659422 0.38799 0.0354398 0.00521687 -0.0573881 0.0882071 0.340864
8.77006 7.79226 -4.07355 0.51852 -0.22388 0.509408 0.649244 0.400039 0.0354398 0.00521687 -0.0573881 0.0882071 0.340864
8.82062 7.8522 -3.95993 0.5174 -0.222854 0.523922 0.638858 0.412089 0.0354398 0.00521687 -0.0573881 0.0882071 0.340864
8.86851 7.91521 -3.84184 0.516114 -0.221758 0.538267 0.628267 0.424138 0.0354398 0.00521687 -0.0573881 0.0882071 0.340864
8.91344 7.98123 -3.71932 0.514662 -0.22059 0.552439 0.617474 0.436188 0.0354398 0.00521687 -0.0573881 0.0882071 0.340864
8.95511 8.05019 -3.59239 0.513046 -0.219351 0.566434 0.606483 0.448237 0.0354398 0.00521687 -0.0573881 0.0882071 0.340864
8.99322 8.12202 -3.46108 0.511265 -0.218042 0.580248 0.595297 0.460287 0.0354398 0.00521687 -0.0573881 0.0882071 0.340864
9.02748 8.19661 -3.32545 0.509319 -0.216662 0.593875 0.583921 0.472336 0.0354398 0.00521687 -0.0573881 0.0882071 0.340864
9.05191 8.25157 -3.22179 0.500395 -0.247387 0.578987 0.594288 0.232653 -0.70495 0.0646099 -0.0789112 -0.19082 0.340864
9.06613 8.28261 -3.16275 0.483514 -0.24318 0.579465 0.609343 0.168552 -0.188535 -0.118363 -0.022284 -0.0617927 0.340864
9.07596 8.3051 -3.12337 0.466377 -0.238843 0.579635 0.624075 0.10445 -0.188535 -0.118363 -0.022284 -0.0617927 0.340864
9.08127 8.31773 -3.10292 0.448993 -0.234381 0.579498 0.638477 0.0403481 -0.188535 -0.118363 -0.022284 -0.0617927 0.340864
9.08773 8.33105 -3.08121 0.483742 -0.226947 0.561938 0.631438 0.114227 0.217292 0.148011 0.183097 0.0255931 0.340864
9.1027 8.35514 -3.03836 0.517707 -0.219145 0.543468 0.623376 0.188106 0.217292 0.148011 0.183097 0.0255931 0.340864
9.12861 8.38804 -2.97433 0.550834 -0.210989 0.524116 0.614303 0.261985 0.217292 0.148011 0.183097 0.0255931 0.340864
9.16793 8.42781 -2.88949 0.583067 -0.20249 0.503915 0.604235 0.335865 0.217292 0.148011 0.183097 0.0255931 0.340864
9.22309 8.47258 -2.78454 0.614356 -0.193663 0.482897 0.593188 0.409744 0.217292 0.148011 0.183097 0.0255931 0.340864
9.2965 8.52055 -2.66058 0.644649 -0.184522 0.461097 0.581179 0.483623 0.217292 0.148011 0.183097 0.0255931 0.340864
9.3733 8.56825 -2.53151 0.632684 -0.193677 0.478434 0.577323 0.443391 -0.118328 -0.0202723 -0.133691 0.0220274 0.340864
9.43768 8.61313 -2.41089 0.620375 -0.202727 0.495511 0.573153 0.40316 -0.118328 -0.0202723 -0.133691 0.0220274 0.340864
9.49062 8.65492 -2.29949 0.60773 -0.211667 0.51232 0.568673 0.362928 -0.118328 -0.0202723 -0.133691 0.0220274 0.340864
9.53315 8.69335 -2.19802 0.594756 -0.220492 0.52885 0.563885 0.322696 -0.118328 -0.0202723 -0.133691 0.0220274 0.340864
9.56634 8.72815 -2.10708 0.581459 -0.229197 0.545094 0.558791 0.282465 -0.118328 -0.0202723 -0.133691 0.0220274 0.340864
9.59477 8.7546 -2.03042 0.602541 -0.250513 0.505985 0.564062 0.223216 -0.17426 0.172416 0.138463 -0.190019 0.340864
9.62043 8.7699 -1.9718 0.622144 -0.271215 0.465633 0.567948 0.163968 -0.17426 0.172416 0.138463 -0.190019 0.340864
9.63357 8.77656 -1.9427 0.62009 -0.258742 0.495183 0.550759 0.0279473 -0.400061 -0.0252675 -0.0995437 0.188213 0.340864
9.63592 8.77787 -1.93696 0.637458 -0.266701 0.497254 0.524649 0.00933846 -0.0547318 0.171573 -0.022492 0.0801836 0.340864
9.64497 8.78227 -1.91197 0.640481 -0.279799 0.510966 0.50041 0.149134 0.411163 0.117033 -0.121046 0.0688552 0.340864
9.66716 8.79242 -1.84162 0.642891 -0.292629 0.52419 0.475693 0.288929 0.411163 0.117033 -0.121046 0.0688552 0.340864
9.69849 8.80528 -1.72443 0.644686 -0.30518 0.536913 0.450522 0.428724 0.411163 0.117033 -0.121046 0.0688552 0.340864
9.72316 8.81366 -1.61945 0.656843 -0.303895 0.547053 0.42064 0.207537 -0.650551 0.123297 -0.0503046 0.147972 0.340864
9.73148 8.81574 -1.58325 0.654686 -0.317319 0.530145 0.435479 0.0113123 -0.577132 0.0107524 0.0517059 -0.145325 0.340864
9.735 8.81639 -1.56758 0.663348 -0.307602 0.548744 0.405255 0.0832776 0.211663 0.073584 -0.0761576 0.195533 0.340864
9.74285 8.81762 -1.52782 0.671062 -0.297445 0.566559 0.374451 0.155243 0.211663 0.073584 -0.0761576 0.195533 0.340864
9.75369 8.8188 -1.46372 0.677817 -0.286864 0.583564 0.343113 0.227208 0.211663 0.073584 -0.0761576 0.195533 0.340864
9.77197 8.81666 -1.36351 0.69399 -0.308869 0.551839 0.344168 0.372273 0.426661 0.157553 0.139422 -0.128135 0.340864
9.80312 8.80674 -1.23466 0.724521 -0.306055 0.522241 0.329641 0.40993 0.110757 0.165812 0.199302 0.0542113 0.340864
9.84698 8.78872 -1.09686 0.753584 -0.302621 0.491585 0.314446 0.447588 0.110757 0.165812 0.199302 0.0542113 0.340864
9.90513 8.76177 -0.951857 0.781118 -0.298573 0.459933 0.298613 0.485245 0.110757 0.165812 0.199302 0.0542113 0.340864
9.95887 8.73275 -0.820845 0.763069 -0.322763 0.474236 0.297741 0.365172 -0.353158 0.0126275 -0.158605 -0.115387 0.340864
9.99151 8.71014 -0.72502 0.744168 -0.346593 0.48801 0.296537 0.245098 -0.353158 0.0126275 -0.158605 -0.115387 0.340864
10.0077 8.69549 -0.666012 0.724436 -0.370035 0.501239 0.295002 0.125024 -0.353158 0.0126275 -0.158605 -0.115387 0.340864
10.0122 8.69009 -0.645064 0.703895 -0.393065 0.513909 0.293138 0.00495061 -0.353158 0.0126275 -0.158605 -0.115387 0.340864
10.0167 8.68246 -0.618292 0.712584 -0.391838 0.51523 0.270602 0.160991 0.458941 0.10154 -0.0291978 0.095583 0.340864
10.0299 8.65851 -0.541765 0.720855 -0.390381 0.516249 0.247907 0.31703 0.458941 0.10154 -0.0291978 0.095583 0.340864
10.0518 8.61537 -0.416463 0.728703 -0.388696 0.516965 0.225067 0.47307 0.458941 0.10154 -0.0291978 0.095583 0.340864
10.0705 8.57846 -0.304914 0.725186 -0.358837 0.544687 0.220583 0.226894 -0.724048 -0.139656 -0.100278 0.170333 0.340864
10.0843 8.55311 -0.219974 0.725948 -0.364932 0.536316 0.228449 0.300826 0.217447 0.0046309 0.0468485 -0.0604589 0.340864
10.103 8.52012 -0.111574 0.726587 -0.370965 0.527854 0.236276 0.374758 0.217447 0.0046309 0.0468485 -0.0604589 0.340864
10.1271 8.47921 0.0201148 0.727102 -0.376935 0.519302 0.244064 0.44869 0.217447 0.0046309 0.0468485 -0.0604589 0.340864
10.147 8.44111 0.141034 0.709365 -0.39584 0.527417 0.248884 0.306254 -0.418929 -0.00632285 -0.105358 -0.123276 0.340864
10.1557 8.41711 0.216747 0.691088 -0.414444 0.53513 0.253514 0.163818 -0.418929 -0.00632285 -0.105358 -0.123276 0.340864
10.1578 8.40761 0.246687 0.672285 -0.432733 0.542436 0.257951 0.021382 -0.418929 -0.00632285 -0.105358 -0.123276 0.340864
