11.4386 1.28804 5.14499 0.504882 -0.654582 0.362861 -0.430056 0.160792 0 0 0 0 0
11.4343 1.2511 5.13687 0.515525 -0.666536 0.3258 -0.428739 0.0631301 -0.287242 0.137422 0.168141 0.0964476 0.340864
11.4313 1.21433 5.12789 0.527942 -0.65613 0.317216 -0.436057 0.160218 0.285554 0.00458832 -0.00511156 0.115921 0.340864
11.4284 1.14546 5.11098 0.540152 -0.645467 0.308509 -0.443204 0.257307 0.285554 0.00458832 -0.00511156 0.115921 0.340864
11.4281 1.04451 5.08606 0.552152 -0.634553 0.299681 -0.450179 0.354395 0.285554 0.00458832 -0.00511156 0.115921 0.340864
11.4328 0.92813 5.05328 0.559658 -0.633705 0.259458 -0.466778 0.357562 0.00931534 0.182741 0.0797009 0.166601 0.340864
11.4431 0.813427 5.01279 0.566073 -0.631622 0.218728 -0.482466 0.360729 0.00931534 0.182741 0.0797009 0.166601 0.340864
11.4588 0.701222 4.96451 0.571383 -0.628306 0.177572 -0.497213 0.363897 0.00931534 0.182741 0.0797009 0.166601 0.340864
11.4794 0.59233 4.9084 0.575578 -0.623765 0.136069 -0.51099 0.367064 0.00931534 0.182741 0.0797009 0.166601 0.340864
11.5048 0.487548 4.84451 0.578652 -0.618008 0.0943009 -0.523771 0.370231 0.00931534 0.182741 0.0797009 0.166601 0.340864
11.5343 0.387653 4.77293 0.580596 -0.611045 0.052349 -0.53553 0.373398 0.00931534 0.182741 0.0797009 0.166601 0.340864
11.5675 0.293396 4.69383 0.581408 -0.60289 0.0102949 -0.546244 0.376565 0.00931534 0.182741 0.0797009 0.166601 0.340864
11.604 0.205491 4.60743 0.581086 -0.593559 -0.0317793 -0.555893 0.379733 0.00931534 0.182741 0.0797009 0.166601 0.340864
11.6431 0.124613 4.514 0.57963 -0.58307 -0.0737915 -0.564458 0.3829 0.00931534 0.182741 0.0797009 0.166601 0.340864
11.6845 0.0458373 4.41924 0.610372 -0.574094 -0.0761632 -0.540427 0.382026 -0.00257118 -0.172024 0.0473711 0.154394 0.340864
11.7287 -0.0359287 4.32869 0.640132 -0.564193 -0.0784124 -0.515527 0.381151 -0.00257118 -0.172024 0.0473711 0.154394 0.340864
11.7756 -0.120285 4.24248 0.668862 -0.553386 -0.0805355 -0.489797 0.380277 -0.00257118 -0.172024 0.0473711 0.154394 0.340864
11.8256 -0.206815 4.16068 0.696517 -0.541687 -0.082529 -0.46328 0.379403 -0.00257118 -0.172024 0.0473711 0.154394 0.340864
11.8787 -0.295091 4.08334 0.72305 -0.529118 -0.0843897 -0.436017 0.378529 -0.00257118 -0.172024 0.0473711 0.154394 0.340864
11.9352 -0.384677 4.0105 0.748421 -0.515697 -0.0861147 -0.408053 0.377655 -0.00257118 -0.172024 0.0473711 0.154394 0.340864
11.9952 -0.475127 3.94216 0.772587 -0.501447 -0.0877011 -0.379432 0.37678 -0.00257118 -0.172024 0.0473711 0.154394 0.340864
12.0587 -0.565993 3.87827 0.795511 -0.486389 -0.0891465 -0.350201 0.375906 -0.00257118 -0.172024 0.0473711 0.154394 0.340864
12.1129 -0.641806 3.82526 0.774885 -0.493214 -0.081382 -0.386873 0.254956 -0.355737 0.188363 -0.116419 -0.126213 0.340864
12.1457 -0.687838 3.79094 0.752804 -0.499112 -0.0734648 -0.422819 0.134005 -0.355737 0.188363 -0.116419 -0.126213 0.340864
12.1727 -0.722606 3.76193 0.754468 -0.474994 -0.0963941 -0.442568 0.176148 0.123951 0.161096 -0.0171559 0.160224 0.340864
12.2095 -0.762822 3.72293 0.755001 -0.450163 -0.119179 -0.461653 0.218292 0.123951 0.161096 -0.0171559 0.160224 0.340864
12.257 -0.806482 3.67334 0.7544 -0.424656 -0.141785 -0.480046 0.260435 0.123951 0.161096 -0.0171559 0.160224 0.340864
12.3158 -0.851459 3.61272 0.752668 -0.398513 -0.164178 -0.497718 0.302579 0.123951 0.161096 -0.0171559 0.160224 0.340864
12.3865 -0.895534 3.54081 0.749807 -0.371772 -0.186324 -0.514644 0.344722 0.123951 0.161096 -0.0171559 0.160224 0.340864
12.4692 -0.936419 3.45753 0.745821 -0.344472 -0.208192 -0.530797 0.386865 0.123951 0.161096 -0.0171559 0.160224 0.340864
12.552 -0.971033 3.36978 0.736458 -0.347854 -0.24091 -0.527816 0.351558 -0.103846 0.0783301 0.17164 0.0720139 0.340864
12.6228 -0.998375 3.28539 0.726226 -0.350825 -0.273344 -0.524214 0.31625 -0.103846 0.0783301 0.17164 0.0720139 0.340864
12.6822 -1.01926 3.20575 0.715139 -0.353383 -0.305457 -0.519993 0.280942 -0.103846 0.0783301 0.17164 0.0720139 0.340864
12.7308 -1.03453 3.13213 0.703209 -0.355525 -0.337209 -0.515159 0.245635 -0.103846 0.0783301 0.17164 0.0720139 0.340864
12.7693 -1.04503 3.06572 0.69045 -0.357248 -0.368564 -0.509719 0.210327 -0.103846 0.0783301 0.17164 0.0720139 0.340864
12.8071 -1.05399 2.9999 0.698669 -0.344811 -0.351842 -0.518821 0.239256 0.0850851 0.00414771 -0.142164 -0.00208948 0.340864
12.8483 -1.06284 2.93311 0.715599 -0.326747 -0.358695 -0.502487 0.22535 -0.0408998 -0.067521 -0.0288798 0.163327 0.340864
12.8881 -1.07041 2.87089 0.731866 -0.308379 -0.365216 -0.485687 0.211444 -0.0408998 -0.067521 -0.0288798 0.163327 0.340864
12.9263 -1.07674 2.81315 0.747455 -0.289726 -0.371398 -0.468438 0.197538 -0.0408998 -0.067521 -0.0288798 0.163327 0.340864
12.9628 -1.08187 2.75982 0.762351 -0.270805 -0.377236 -0.450754 0.183632 -0.0408998 -0.067521 -0.0288798 0.163327 0.340864
13 -1.08602 2.70739 0.766806 -0.258009 -0.375071 -0.452506 0.195277 0.0342498 0.0209865 -0.0563177 0.0548511 0.340864
13.0406 -1.08929 2.65247 0.771115 -0.245164 -0.372833 -0.454171 0.206922 0.0342498 0.0209865 -0.0563177 0.0548511 0.340864
13.0847 -1.09152 2.59519 0.775276 -0.232272 -0.370525 -0.455749 0.218567 0.0342498 0.0209865 -0.0563177 0.0548511 0.340864
13.1324 -1.09257 2.53566 0.779289 -0.219336 -0.368145 -0.45724 0.230212 0.0342498 0.0209865 -0.0563177 0.0548511 0.340864
13.1837 -1.09229 2.47401 0.783153 -0.206358 -0.365695 -0.458644 0.241857 0.0342498 0.0209865 -0.0563177 0.0548511 0.340864
13.2406 -1.09159 2.40861 0.79002 -0.202852 -0.355722 -0.456269 0.267969 0.0767988 -0.0340286 -0.0672913 0.0026884 0.340864
13.3049 -1.09158 2.33797 0.796756 -0.199313 -0.345691 -0.45382 0.29408 0.0767988 -0.0340286 -0.0672913 0.0026884 0.340864
13.377 -1.09239 2.26239 0.803361 -0.19574 -0.335603 -0.451295 0.320192 0.0767988 -0.0340286 -0.0672913 0.0026884 0.340864
13.457 -1.09414 2.18221 0.809834 -0.192136 -0.325459 -0.448697 0.346303 0.0767988 -0.0340286 -0.0672913 0.0026884 0.340864
13.5453 -1.09693 2.09777 0.816174 -0.1885 -0.315262 -0.446024 0.372415 0.0767988 -0.0340286 -0.0672913 0.0026884 0.340864
13.642 -1.10088 2.00942 0.822379 -0.184833 -0.305013 -0.443278 0.398527 0.0767988 -0.0340286 -0.0672913 0.0026884 0.340864
13.7474 -1.10607 1.91753 0.828449 -0.181136 -0.294714 -0.44046 0.424638 0.0767988 -0.0340286 -0.0672913 0.0026884 0.340864
13.8617 -1.1126 1.82247 0.834383 -0.177408 -0.284367 -0.437569 0.45075 0.0767988 -0.0340286 -0.0672913 0.0026884 0.340864
13.9727 -1.11724 1.72774 0.819622 -0.178708 -0.309886 -0.447497 0.408158 -0.12527 0.1112 0.142946 0.0272998 0.340864
14.0684 -1.11719 1.63757 0.804067 -0.179833 -0.335104 -0.456992 0.365566 -0.12527 0.1112 0.142946 0.0272998 0.340864
14.1496 -1.11327 1.55337 0.787732 -0.180785 -0.359998 -0.466044 0.322974 -0.12527 0.1112 0.142946 0.0272998 0.340864
14.2217 -1.10443 1.47925 0.789285 -0.13914 -0.352629 -0.483035 0.287424 -0.104558 0.154883 -0.169727 0.138489 0.340864
14.2884 -1.09021 1.4181 0.789196 -0.0972056 -0.344527 -0.499021 0.251875 -0.104558 0.154883 -0.169727 0.138489 0.340864
14.3448 -1.07547 1.36635 0.78411 -0.109903 -0.370589 -0.485548 0.206692 -0.132889 -0.0584612 0.176302 0.0419629 0.340864
14.3874 -1.06385 1.32195 0.778203 -0.122485 -0.396262 -0.471565 0.16151 -0.132889 -0.0584612 0.176302 0.0419629 0.340864
14.4173 -1.05533 1.28642 0.77148 -0.134939 -0.421521 -0.457089 0.116327 -0.132889 -0.0584612 0.176302 0.0419629 0.340864
14.4399 -1.04789 1.25782 0.766653 -0.113625 -0.429934 -0.46313 0.102399 -0.0409659 0.0999293 -0.0119537 0.100546 0.340864
14.4594 -1.03989 1.23318 0.761377 -0.0922448 -0.438096 -0.4689 0.0884706 -0.0409659 0.0999293 -0.0119537 0.100546 0.340864
14.4759 -1.03178 1.21246 0.755657 -0.0708106 -0.446002 -0.474396 0.0745422 -0.0409659 0.0999293 -0.0119537 0.100546 0.340864
14.4958 -1.01989 1.18618 0.740876 -0.0600248 -0.472577 -0.473467 0.131508 0.167547 0.0764956 0.127213 0.118403 0.340864
14.5241 -0.999199 1.14462 0.725324 -0.0491764 -0.498659 -0.472044 0.188474 0.167547 0.0764956 0.127213 0.118403 0.340864
14.5589 -0.968214 1.08745 0.709016 -0.0382767 -0.524222 -0.47013 0.245441 0.167547 0.0764956 0.127213 0.118403 0.340864
14.593 -0.929836 1.0245 0.687044 -0.0111861 -0.552078 -0.472287 0.232454 -0.0381945 0.159623 0.108567 0.178483 0.340864
14.6206 -0.88852 0.965977 0.663699 0.0159268 -0.578832 -0.473501 0.219468 -0.0381945 0.159623 0.108567 0.178483 0.340864
14.6422 -0.845173 0.91217 0.639029 0.0430079 -0.60443 -0.473768 0.206482 -0.0381945 0.159623 0.108567 0.178483 0.340864
14.6581 -0.800675 0.86329 0.613083 0.0700031 -0.62882 -0.47309 0.193496 -0.0381945 0.159623 0.108567 0.178483 0.340864
14.6686 -0.755866 0.819461 0.585912 0.0968585 -0.651954 -0.471467 0.18051 -0.0381945 0.159623 0.108567 0.178483 0.340864
14.6788 -0.706702 0.774625 0.606276 0.117149 -0.633888 -0.465717 0.215444 0.102746 0.0118195 -0.199953 0.0302835 0.340864
14.6936 -0.648515 0.723019 0.625921 0.137302 -0.615069 -0.459415 0.250377 0.102746 0.0118195 -0.199953 0.0302835 0.340864
14.714 -0.581173 0.665216 0.644823 0.157291 -0.595521 -0.452567 0.285311 0.102746 0.0118195 -0.199953 0.0302835 0.340864
14.7407 -0.504534 0.601868 0.662961 0.177093 -0.575267 -0.445184 0.320245 0.102746 0.0118195 -0.199953 0.0302835 0.340864
14.7686 -0.428234 0.539611 0.649247 0.157543 -0.583014 -0.462334 0.281916 -0.112734 0.0285747 0.145704 -0.0997201 0.340864
14.7926 -0.361936 0.484729 0.634933 0.137847 -0.590222 -0.479058 0.243586 -0.112734 0.0285747 0.145704 -0.0997201 0.340864
14.8126 -0.305538 0.437399 0.620032 0.118024 -0.596884 -0.495338 0.205256 -0.112734 0.0285747 0.145704 -0.0997201 0.340864
14.8288 -0.258945 0.397794 0.604557 0.0980917 -0.602995 -0.511161 0.166927 -0.112734 0.0285747 0.145704 -0.0997201 0.340864
14.8414 -0.222074 0.366076 0.588524 0.0780686 -0.608548 -0.526511 0.128597 -0.112734 0.0285747 0.145704 -0.0997201 0.340864
14.8505 -0.19485 0.342395 0.571947 0.0579733 -0.613539 -0.541374 0.0902678 -0.112734 0.0285747 0.145704 -0.0997201 0.340864
14.8573 -0.172754 0.323363 0.557684 0.0596129 -0.624695 -0.543314 0.0858637 -0.0129531 0.0540642 0.0844555 0.0389085 0.340864
14.8629 -0.151353 0.305498 0.543235 0.0612325 -0.635643 -0.545073 0.0814597 -0.0129531 0.0540642 0.0844555 0.0389085 0.340864
14.8675 -0.130704 0.288807 0.528604 0.0628317 -0.646378 -0.546649 0.0770556 -0.0129531 0.0540642 0.0844555 0.0389085 0.340864
14.8712 -0.110862 0.27329 0.513796 0.0644098 -0.656897 -0.548043 0.0726516 -0.0129531 0.0540642 0.0844555 0.0389085 0.340864
14.8739 -0.0918805 0.258944 0.498817 0.0659664 -0.667197 -0.549253 0.0682476 -0.0129531 0.0540642 0.0844555 0.0389085 0.340864
14.8759 -0.0738109 0.245759 0.48367 0.067501 -0.677273 -0.55028 0.0638435 -0.0129531 0.0540642 0.0844555 0.0389085 0.340864
14.8771 -0.0567021 0.233721 0.468363 0.069013 -0.687123 -0.551122 0.0594395 -0.0129531 0.0540642 0.0844555 0.0389085 0.340864
14.8778 -0.0406008 0.222811 0.452898 0.0705019 -0.696743 -0.551781 0.0550355 -0.0129531 0.0540642 0.0844555 0.0389085 0.340864
14.8779 -0.0255511 0.213006 0.437282 0.0719672 -0.70613 -0.552255 0.0506314 -0.0129531 0.0540642 0.0844555 0.0389085 0.340864
14.8775 -0.0115948 0.204276 0.42152 0.0734085 -0.715281 -0.552544 0.0462274 -0.0129531 0.0540642 0.0844555 0.0389085 0.340864
14.8768 0.0011442 0.197023 0.392498 0.0914471 -0.722597 -0.561637 0.0401166 -0.017973 0.189655 0.085564 0.0427853 0.340864
14.8759 0.0124461 0.191535 0.362965 0.109366 -0.72897 -0.569998 0.0340058 -0.017973 0.189655 0.085564 0.0427853 0.340864
14.8749 0.0221456 0.187593 0.332958 0.127143 -0.734393 -0.577616 0.0278949 -0.017973 0.189655 0.085564 0.0427853 0.340864
14.8739 0.0301026 0.184963 0.302517 0.144754 -0.738858 -0.584481 0.0217841 -0.017973 0.189655 0.085564 0.0427853 0.340864
14.8729 0.0362038 0.183392 0.271682 0.162176 -0.74236 -0.590584 0.0156733 -0.017973 0.189655 0.085564 0.0427853 0.340864
14.8722 0.0403632 0.182615 0.240492 0.179387 -0.744894 -0.595916 0.00956252 -0.017973 0.189655 0.085564 0.0427853 0.340864
14.8718 0.0425233 0.182359 0.208989 0.196364 -0.746457 -0.600472 0.00345171 -0.017973 0.189655 0.085564 0.0427853 0.340864
