14.3448 -1.07547 1.36635 0.78411 -0.109903 -0.370589 -0.485548 0.206692 0 0 0 0 0
14.3916 -1.06271 1.31714 0.783386 -0.119492 -0.399397 -0.460989 0.199864 -0.0200837 -0.113515 0.177766 0.0911476 0.340864
14.4335 -1.05093 1.26648 0.781466 -0.128898 -0.427597 -0.435726 0.193035 -0.0200837 -0.113515 0.177766 0.0911476 0.340864
14.4706 -1.0403 1.21482 0.778354 -0.138108 -0.455144 -0.409799 0.186207 -0.0200837 -0.113515 0.177766 0.0911476 0.340864
14.5029 -1.03096 1.16258 0.774055 -0.147107 -0.481996 -0.383247 0.179378 -0.0200837 -0.113515 0.177766 0.0911476 0.340864
14.5306 -1.02305 1.11018 0.768575 -0.155881 -0.508114 -0.35611 0.17255 -0.0200837 -0.113515 0.177766 0.0911476 0.340864
14.554 -1.01664 1.05804 0.761922 -0.164418 -0.533456 -0.328429 0.165721 -0.0200837 -0.113515 0.177766 0.0911476 0.340864
14.5732 -1.01181 1.00653 0.754107 -0.172704 -0.557984 -0.300248 0.158893 -0.0200837 -0.113515 0.177766 0.0911476 0.340864
14.5884 -1.00859 0.956025 0.745142 -0.180726 -0.581661 -0.271609 0.152064 -0.0200837 -0.113515 0.177766 0.0911476 0.340864
14.5999 -1.00699 0.906855 0.73504 -0.188473 -0.604451 -0.242555 0.145236 -0.0200837 -0.113515 0.177766 0.0911476 0.340864
14.6081 -1.00698 0.859336 0.723816 -0.195932 -0.626319 -0.213131 0.138407 -0.0200837 -0.113515 0.177766 0.0911476 0.340864
14.6171 -1.00581 0.787095 0.704777 -0.191428 -0.637851 -0.24452 0.289984 0.445812 0.187449 0.0774406 -0.103976 0.340864
14.625 -1.00151 0.703896 0.696767 -0.168515 -0.660119 -0.224412 0.202286 -0.257935 0.0392142 0.112087 0.1935 0.340864
14.63 -0.995612 0.640392 0.688837 -0.159821 -0.656668 -0.2622 0.174106 -0.0828812 0.195739 -0.0322976 -0.123552 0.340864
14.6351 -0.987227 0.586893 0.679819 -0.150874 -0.652179 -0.299575 0.145927 -0.0828812 0.195739 -0.0322976 -0.123552 0.340864
14.6402 -0.977608 0.543416 0.669729 -0.14169 -0.646661 -0.336477 0.117747 -0.0828812 0.195739 -0.0322976 -0.123552 0.340864
14.6449 -0.967982 0.509848 0.658581 -0.132282 -0.640123 -0.372848 0.0895673 -0.0828812 0.195739 -0.0322976 -0.123552 0.340864
14.649 -0.959533 0.485957 0.646394 -0.122665 -0.632574 -0.40863 0.0613877 -0.0828812 0.195739 -0.0322976 -0.123552 0.340864
14.6519 -0.953385 0.471389 0.633186 -0.112854 -0.624027 -0.443767 0.033208 -0.0828812 0.195739 -0.0322976 -0.123552 0.340864
14.6532 -0.950591 0.465676 0.618979 -0.102866 -0.614495 -0.478204 0.00502843 -0.0828812 0.195739 -0.0322976 -0.123552 0.340864
