4.22203 2.12037 -2.18314 0.15433 0.71642 0.110431 0.671364 0.254855 0 0 0 0 0
4.21909 2.14554 -2.24924 0.1542 0.712486 0.0880921 0.678842 0.161586 -0.27432 -0.0988983 -0.0268581 -0.0961107 0.340864
4.21821 2.15828 -2.28617 0.153981 0.708145 0.0657029 0.685932 0.0683173 -0.27432 -0.0988983 -0.0268581 -0.0961107 0.340864
4.21643 2.18283 -2.35484 0.149236 0.710987 0.104407 0.679209 0.360835 0.860347 0.147105 0.00257946 0.181153 0.340864
4.21322 2.22283 -2.45381 0.159946 0.705492 0.126269 0.678789 0.267406 -0.274792 0.137982 -0.0328102 0.0379947 0.340864
4.21133 2.25411 -2.52198 0.170556 0.699558 0.148052 0.677945 0.173977 -0.274792 0.137982 -0.0328102 0.0379947 0.340864
4.20848 2.27917 -2.57323 0.163673 0.717808 0.153807 0.659019 0.162084 -0.0349777 -0.000674029 0.138911 0.0860737 0.340864
4.20291 2.30233 -2.62067 0.156664 0.735504 0.159442 0.639584 0.150192 -0.0349777 -0.000674029 0.138911 0.0860737 0.340864
4.19508 2.32352 -2.66419 0.149534 0.752633 0.164955 0.619656 0.138299 -0.0349777 -0.000674029 0.138911 0.0860737 0.340864
4.18545 2.34271 -2.70373 0.142289 0.76918 0.17034 0.59925 0.126407 -0.0349777 -0.000674029 0.138911 0.0860737 0.340864
4.17449 2.35988 -2.73926 0.134934 0.785134 0.175594 0.578381 0.114515 -0.0349777 -0.000674029 0.138911 0.0860737 0.340864
4.16267 2.37503 -2.77077 0.127475 0.800482 0.180712 0.557065 0.102622 -0.0349777 -0.000674029 0.138911 0.0860737 0.340864
4.14762 2.3949 -2.80883 0.153119 0.787229 0.196583 0.564074 0.165045 0.183598 0.167628 -0.0610828 -0.0861524 0.340864
4.12758 2.42774 -2.86333 0.17859 0.773083 0.212231 0.570444 0.227469 0.183598 0.167628 -0.0610828 -0.0861524 0.340864
4.10395 2.47577 -2.9331 0.203859 0.758061 0.227637 0.576166 0.289892 0.183598 0.167628 -0.0610828 -0.0861524 0.340864
4.07821 2.54103 -3.01673 0.228896 0.742178 0.242786 0.581234 0.352315 0.183598 0.167628 -0.0610828 -0.0861524 0.340864
4.04779 2.62711 -3.12215 0.244568 0.750296 0.21344 0.575922 0.468063 0.340435 -0.0789902 0.112865 -0.150269 0.340864
4.02501 2.70442 -3.22412 0.243264 0.729511 0.17626 0.614467 0.296912 -0.503385 -0.197976 -0.188785 -0.198606 0.340864
4.01873 2.74397 -3.28374 0.241157 0.706317 0.138498 0.650982 0.125761 -0.503385 -0.197976 -0.188785 -0.198606 0.340864
4.01631 2.77555 -3.33623 0.215097 0.704398 0.157556 0.657824 0.234835 0.320804 -0.0287573 -0.0840507 0.172984 0.340864
4.01191 2.82519 -3.42106 0.188803 0.70171 0.176441 0.663946 0.343908 0.320804 -0.0287573 -0.0840507 0.172984 0.340864
4.00523 2.89202 -3.53871 0.162302 0.698255 0.195133 0.669343 0.452981 0.320804 -0.0287573 -0.0840507 0.172984 0.340864
3.99681 2.94702 -3.64183 0.154656 0.72082 0.170789 0.653706 0.236401 -0.637 -0.141102 0.16758 -0.0249596 0.340864
3.99182 2.9658 -3.68081 0.146793 0.742372 0.146204 0.63715 0.0198212 -0.637 -0.141102 0.16758 -0.0249596 0.340864
3.98919 2.97664 -3.70349 0.179395 0.720834 0.140985 0.654476 0.128891 0.320794 0.102996 -0.123881 -0.195492 0.340864
3.98659 3.00547 -3.75871 0.211665 0.697959 0.135505 0.670589 0.237961 0.320794 0.102996 -0.123881 -0.195492 0.340864
3.98914 3.0545 -3.84517 0.243542 0.673789 0.129773 0.685459 0.347031 0.320794 0.102996 -0.123881 -0.195492 0.340864
4.00211 3.12534 -3.96112 0.274968 0.648371 0.123801 0.699057 0.4561 0.320794 0.102996 -0.123881 -0.195492 0.340864
4.02218 3.19842 -4.07781 0.263342 0.634397 0.130348 0.714983 0.362399 -0.275591 -0.0384264 -0.137273 0.0370697 0.340864
4.04112 3.25382 -4.16771 0.25155 0.620025 0.136813 0.730461 0.268698 -0.275591 -0.0384264 -0.137273 0.0370697 0.340864
4.05688 3.29213 -4.23074 0.239601 0.605265 0.143193 0.745481 0.174997 -0.275591 -0.0384264 -0.137273 0.0370697 0.340864
4.06736 3.31392 -4.26698 0.227501 0.590126 0.149483 0.760033 0.0812962 -0.275591 -0.0384264 -0.137273 0.0370697 0.340864
4.07967 3.33915 -4.31186 0.215622 0.613094 0.132417 0.748391 0.230121 0.437718 -0.11699 0.155521 0.00591228 0.340864
4.09636 3.3745 -4.37818 0.183794 0.605088 0.153662 0.75926 0.222747 -0.0216875 -0.0710622 -0.126214 0.189745 0.340864
4.11149 3.40645 -4.44001 0.176141 0.613077 0.148906 0.755604 0.196231 -0.0779873 -0.0543815 0.0469174 0.0179384 0.340864
4.12367 3.43343 -4.49473 0.16846 0.620969 0.144126 0.751829 0.169715 -0.0779873 -0.0543815 0.0469174 0.0179384 0.340864
4.13319 3.45569 -4.54209 0.160752 0.628762 0.139323 0.747935 0.1432 -0.0779873 -0.0543815 0.0469174 0.0179384 0.340864
4.14037 3.4735 -4.58188 0.153019 0.636456 0.134498 0.743922 0.116684 -0.0779873 -0.0543815 0.0469174 0.0179384 0.340864
4.15054 3.49902 -4.64298 0.148759 0.64051 0.120836 0.743651 0.277412 0.472729 -0.0727547 0.0276831 -0.0399757 0.340864
4.16857 3.54244 -4.75517 0.144467 0.644422 0.107147 0.743215 0.43814 0.472729 -0.0727547 0.0276831 -0.0399757 0.340864
4.18325 3.58169 -4.8674 0.135684 0.667511 0.0861376 0.727048 0.266691 -0.504263 -0.118879 0.174581 -0.0287503 0.340864
4.18765 3.59952 -4.92611 0.126722 0.689723 0.0650153 0.709927 0.0952413 -0.504263 -0.118879 0.174581 -0.0287503 0.340864
4.19168 3.61722 -4.98246 0.164885 0.671285 0.0697056 0.719257 0.253081 0.464236 0.17855 -0.103788 -0.152605 0.340864
4.20481 3.65664 -5.08739 0.202733 0.651567 0.0742632 0.727217 0.410921 0.464236 0.17855 -0.103788 -0.152605 0.340864
4.2249 3.71027 -5.20845 0.224763 0.640703 0.0968413 0.727738 0.37701 -0.0997392 0.184937 -0.0657848 -0.00103912 0.340864
4.24571 3.7661 -5.31536 0.246544 0.629126 0.119311 0.727449 0.343099 -0.0997392 0.184937 -0.0657848 -0.00103912 0.340864
4.2667 3.82264 -5.40839 0.26805 0.616848 0.141649 0.72635 0.309187 -0.0997392 0.184937 -0.0657848 -0.00103912 0.340864
4.28735 3.87841 -5.48796 0.289257 0.603883 0.163828 0.724442 0.275276 -0.0997392 0.184937 -0.0657848 -0.00103912 0.340864
4.30715 3.93201 -5.55464 0.310143 0.590246 0.185826 0.721727 0.241365 -0.0997392 0.184937 -0.0657848 -0.00103912 0.340864
4.32757 3.98797 -5.61715 0.34567 0.59033 0.17883 0.707137 0.266597 0.0742118 0.153104 0.102636 -0.136987 0.340864
4.35059 4.05195 -5.6834 0.380671 0.589514 0.171561 0.69147 0.291829 0.0742118 0.153104 0.102636 -0.136987 0.340864
4.37652 4.1242 -5.75283 0.415091 0.587799 0.164031 0.674748 0.317061 0.0742118 0.153104 0.102636 -0.136987 0.340864
4.40573 4.20494 -5.82487 0.448879 0.585189 0.156251 0.656999 0.342293 0.0742118 0.153104 0.102636 -0.136987 0.340864
4.43864 4.29431 -5.89897 0.481982 0.581687 0.148233 0.638248 0.367525 0.0742118 0.153104 0.102636 -0.136987 0.340864
4.4757 4.39238 -5.97454 0.514351 0.577298 0.139989 0.618524 0.392757 0.0742118 0.153104 0.102636 -0.136987 0.340864
4.5174 4.49915 -6.05105 0.545936 0.57203 0.131532 0.597858 0.417989 0.0742118 0.153104 0.102636 -0.136987 0.340864
4.54824 4.57549 -6.10392 0.533731 0.564982 0.142701 0.612832 0.157589 -0.765883 -0.0479781 -0.120494 0.0461336 0.340864
4.57355 4.62879 -6.1406 0.548949 0.529436 0.138744 0.631746 0.251169 0.275235 0.0121662 -0.165853 -0.192377 0.340864
4.61829 4.70405 -6.19149 0.563141 0.492901 0.134528 0.649479 0.344748 0.275235 0.0121662 -0.165853 -0.192377 0.340864
4.68704 4.79908 -6.25438 0.576281 0.455445 0.13006 0.666 0.438328 0.275235 0.0121662 -0.165853 -0.192377 0.340864
4.74271 4.87227 -6.29852 0.571294 0.449077 0.172963 0.664858 0.161842 -0.813196 0.104181 -0.171192 0.160779 0.340864
4.80476 4.95392 -6.33917 0.577622 0.417457 0.188919 0.675568 0.487182 0.956883 0.0630891 -0.199184 -0.0714885 0.340864
4.90579 5.07265 -6.39566 0.566773 0.38419 0.183102 0.705437 0.488412 0.00361723 -0.121959 -0.197912 -0.142754 0.340864
5.01641 5.18423 -6.44994 0.554705 0.350096 0.176891 0.733788 0.489642 0.00361723 -0.121959 -0.197912 -0.142754 0.340864
5.1361 5.2883 -6.50108 0.541444 0.31525 0.1703 0.760562 0.490872 0.00361723 -0.121959 -0.197912 -0.142754 0.340864
5.26428 5.38456 -6.54815 0.527019 0.279725 0.163343 0.7857 0.492101 0.00361723 -0.121959 -0.197912 -0.142754 0.340864
5.40027 5.47279 -6.59026 0.51146 0.243599 0.156034 0.809148 0.493331 0.00361723 -0.121959 -0.197912 -0.142754 0.340864
5.54334 5.55282 -6.62657 0.494802 0.206949 0.14839 0.830857 0.494561 0.00361723 -0.121959 -0.197912 -0.142754 0.340864
5.69268 5.62457 -6.65627 0.47708 0.169855 0.140426 0.850779 0.495791 0.00361723 -0.121959 -0.197912 -0.142754 0.340864
5.84744 5.68802 -6.6786 0.458331 0.132395 0.132161 0.868871 0.497021 0.00361723 -0.121959 -0.197912 -0.142754 0.340864
6.00669 5.74324 -6.69286 0.438598 0.0946498 0.123612 0.885095 0.498251 0.00361723 -0.121959 -0.197912 -0.142754 0.340864
6.1695 5.79035 -6.69843 0.417921 0.0567015 0.114797 0.899416 0.499481 0.00361723 -0.121959 -0.197912 -0.142754 0.340864
6.30776 5.82649 -6.70084 0.39641 0.0641759 0.110316 0.90916 0.341282 -0.46529 -0.144317 0.032788 -0.0047371 0.340864
6.394 5.84877 -6.70438 0.374648 0.0716096 0.105765 0.918327 0.183083 -0.46529 -0.144317 0.032788 -0.0047371 0.340864
6.42819 5.85747 -6.70653 0.352649 0.078998 0.101147 0.926913 0.0248849 -0.46529 -0.144317 0.032788 -0.0047371 0.340864
6.44336 5.8618 -6.70712 0.37598 0.0614822 0.136678 0.914428 0.067953 0.126671 0.18011 -0.149581 0.154038 0.340864
6.47213 5.87162 -6.7063 0.398458 0.043827 0.171898 0.899868 0.111021 0.126671 0.18011 -0.149581 0.154038 0.340864
6.51382 5.88817 -6.70204 0.420031 0.0260722 0.206729 0.883265 0.154089 0.126671 0.18011 -0.149581 0.154038 0.340864
6.56746 5.91247 -6.69223 0.440651 0.00825834 0.24109 0.864658 0.197157 0.126671 0.18011 -0.149581 0.154038 0.340864
6.63185 5.94524 -6.67477 0.460272 -0.0095743 0.274904 0.844089 0.240225 0.126671 0.18011 -0.149581 0.154038 0.340864
6.70558 5.98694 -6.64756 0.478847 -0.0273852 0.308094 0.821604 0.283294 0.126671 0.18011 -0.149581 0.154038 0.340864
6.78706 6.03771 -6.6086 0.496336 -0.045134 0.340585 0.797255 0.326362 0.126671 0.18011 -0.149581 0.154038 0.340864
6.8745 6.09741 -6.55594 0.512699 -0.0627803 0.372303 0.771096 0.36943 0.126671 0.18011 -0.149581 0.154038 0.340864
6.95896 6.15897 -6.4964 0.539983 -0.0613068 0.389605 0.743551 0.338169 -0.0919421 0.197275 0.00408316 0.153374 0.340864
7.0331 6.21527 -6.43845 0.566293 -0.0597226 0.406205 0.714663 0.306909 -0.0919421 0.197275 0.00408316 0.153374 0.340864
7.09749 6.26592 -6.38281 0.591581 -0.0580307 0.422071 0.684486 0.275649 -0.0919421 0.197275 0.00408316 0.153374 0.340864
7.16301 6.31602 -6.32225 0.605059 -0.0745851 0.415691 0.674939 0.326349 0.149119 0.130782 -0.0142486 -0.0549993 0.340864
7.24028 6.36992 -6.24862 0.618181 -0.0910957 0.409066 0.664995 0.37705 0.149119 0.130782 -0.0142486 -0.0549993 0.340864
7.32937 6.42613 -6.16133 0.630941 -0.107553 0.402201 0.654661 0.42775 0.149119 0.130782 -0.0142486 -0.0549993 0.340864
7.43032 6.4831 -6.05988 0.643329 -0.123947 0.395099 0.643942 0.478451 0.149119 0.130782 -0.0142486 -0.0549993 0.340864
7.51011 6.52488 -5.98299 0.639399 -0.109519 0.375105 0.662171 0.218253 -0.765287 -0.102841 0.134493 -0.0663834 0.340864
7.5811 6.56433 -5.91844 0.646102 -0.0859248 0.393695 0.648208 0.392039 0.511135 0.0145912 0.0277802 0.196321 0.340864
7.64422 6.60512 -5.85732 0.633401 -0.0788343 0.42866 0.639405 0.177944 -0.629693 -0.0490768 -0.139747 0.174277 0.340864
7.66539 6.62002 -5.83506 0.641836 -0.094419 0.425523 0.630921 0.0229087 -0.455986 0.104094 -0.0295995 -0.0445624 0.340864
7.68887 6.6365 -5.80996 0.626123 -0.0895519 0.430438 0.643951 0.201312 0.524716 -0.122433 -0.0325881 -0.00472747 0.340864
7.7491 6.6816 -5.74598 0.61012 -0.0846432 0.435153 0.656682 0.379715 0.524716 -0.122433 -0.0325881 -0.00472747 0.340864
7.81833 6.73582 -5.66941 0.609496 -0.0971055 0.44827 0.646637 0.30618 -0.21628 0.0590161 -0.101823 0.0313489 0.340864
7.87014 6.77775 -5.60659 0.608611 -0.109526 0.461195 0.636314 0.232645 -0.21628 0.0590161 -0.101823 0.0313489 0.340864
7.90589 6.8077 -5.55905 0.607465 -0.1219 0.473923 0.625719 0.159109 -0.21628 0.0590161 -0.101823 0.0313489 0.340864
7.927 6.82603 -5.52826 0.606059 -0.134221 0.486447 0.614855 0.085574 -0.21628 0.0590161 -0.101823 0.0313489 0.340864
7.93495 6.8332 -5.51558 0.604392 -0.146485 0.498763 0.603728 0.0120386 -0.21628 0.0590161 -0.101823 0.0313489 0.340864
7.95974 6.85587 -5.47472 0.602645 -0.142694 0.492892 0.611158 0.299147 0.844438 -0.0386844 0.0356116 -0.0306749 0.340864
7.99639 6.88771 -5.41667 0.593002 -0.160477 0.474748 0.630247 0.145983 -0.450485 -0.035555 -0.0115485 -0.191745 0.340864
8.02956 6.91557 -5.36542 0.600139 -0.147942 0.482117 0.620894 0.248751 0.302261 0.0171233 0.0318711 0.103909 0.340864
8.07934 6.95924 -5.28778 0.607067 -0.135355 0.489318 0.611324 0.35152 0.302261 0.0171233 0.0318711 0.103909 0.340864
8.14519 7.01958 -5.18391 0.613782 -0.122721 0.496347 0.60154 0.454289 0.302261 0.0171233 0.0318711 0.103909 0.340864
8.2053 7.07934 -5.08513 0.602455 -0.118235 0.513729 0.599292 0.311436 -0.420155 -0.0576096 -0.0815829 0.0760986 0.340864
8.24031 7.11893 -5.02296 0.590854 -0.113694 0.530877 0.59677 0.168584 -0.420155 -0.0576096 -0.0815829 0.0760986 0.340864
8.25344 7.13573 -4.99774 0.578984 -0.109103 0.547784 0.593976 0.0257309 -0.420155 -0.0576096 -0.0815829 0.0760986 0.340864
8.26451 7.15318 -4.97403 0.553091 -0.0996371 0.567028 0.602198 0.15928 0.392793 -0.161356 -0.110649 0.0563768 0.340864
8.28877 7.19917 -4.91745 0.526535 -0.0900522 0.585593 0.609699 0.29283 0.392793 -0.161356 -0.110649 0.0563768 0.340864
8.32265 7.27779 -4.83019 0.499349 -0.0803594 0.603456 0.616469 0.42638 0.392793 -0.161356 -0.110649 0.0563768 0.340864
8.3576 7.35658 -4.74416 0.520227 -0.0886544 0.57694 0.623414 0.290131 -0.400732 0.0973139 0.125233 -0.135334 0.340864
8.38363 7.40259 -4.6903 0.540453 -0.0968381 0.549698 0.629575 0.153882 -0.400732 0.0973139 0.125233 -0.135334 0.340864
8.39523 7.41928 -4.66939 0.56 -0.1049 0.521766 0.634946 0.0176327 -0.400732 0.0973139 0.125233 -0.135334 0.340864
8.40394 7.42978 -4.65549 0.549114 -0.117022 0.508627 0.652747 0.0969792 0.233372 -0.0539875 -0.0244188 -0.150375 0.340864
8.42563 7.45439 -4.62259 0.537815 -0.129055 0.495103 0.670054 0.176326 0.233372 -0.0539875 -0.0244188 -0.150375 0.340864
8.46143 7.49246 -4.57099 0.526109 -0.140991 0.481206 0.686856 0.255672 0.233372 -0.0539875 -0.0244188 -0.150375 0.340864
8.51241 7.54327 -4.50097 0.514006 -0.15282 0.466946 0.703139 0.335019 0.233372 -0.0539875 -0.0244188 -0.150375 0.340864
8.57959 7.60598 -4.41275 0.501516 -0.164534 0.452333 0.718892 0.414365 0.233372 -0.0539875 -0.0244188 -0.150375 0.340864
8.62497 7.64729 -4.35045 0.510579 -0.193037 0.465912 0.6964 0.100147 -0.924172 0.167421 -0.158287 0.0419656 0.340864
8.66215 7.68176 -4.28739 0.520261 -0.225715 0.479897 0.669389 0.37594 0.811156 0.194534 -0.180065 0.044182 0.340864
8.71714 7.73544 -4.18271 0.519474 -0.224833 0.494732 0.659422 0.38799 0.0354398 0.00521687 -0.0573881 0.0882071 0.340864
8.77006 7.79226 -4.07355 0.51852 -0.22388 0.509408 0.649244 0.400039 0.0354398 0.00521687 -0.0573881 0.0882071 0.340864
8.82062 7.8522 -3.95993 0.5174 -0.222854 0.523922 0.638858 0.412089 0.0354398 0.00521687 -0.0573881 0.0882071 0.340864
8.86851 7.91521 -3.84184 0.516114 -0.221758 0.538267 0.628267 0.424138 0.0354398 0.00521687 -0.0573881 0.0882071 0.340864
8.91344 7.98123 -3.71932 0.514662 -0.22059 0.552439 0.617474 0.436188 0.0354398 0.00521687 -0.0573881 0.0882071 0.340864
8.95511 8.05019 -3.59239 0.513046 -0.219351 0.566434 0.606483 0.448237 0.0354398 0.00521687 -0.0573881 0.0882071 0.340864
8.99322 8.12202 -3.46108 0.511265 -0.218042 0.580248 0.595297 0.460287 0.0354398 0.00521687 -0.0573881 0.0882071 0.340864
9.02748 8.19661 -3.32545 0.509319 -0.216662 0.593875 0.583921 0.472336 0.0354398 0.00521687 -0.0573881 0.0882071 0.340864
9.05191 8.25157 -3.22179 0.500395 -0.247387 0.578987 0.594288 0.232653 -0.70495 0.0646099 -0.0789112 -0.19082 0.340864
9.06613 8.28261 -3.16275 0.483514 -0.24318 0.579465 0.609343 0.168552 -0.188535 -0.118363 -0.022284 -0.0617927 0.340864
9.07596 8.3051 -3.12337 0.466377 -0.238843 0.579635 0.624075 0.10445 -0.188535 -0.118363 -0.022284 -0.0617927 0.340864
9.08127 8.31773 -3.10292 0.448993 -0.234381 0.579498 0.638477 0.0403481 -0.188535 -0.118363 -0.022284 -0.0617927 0.340864
9.08773 8.33105 -3.08121 0.483742 -0.226947 0.561938 0.631438 0.114227 0.217292 0.148011 0.183097 0.0255931 0.340864
9.1027 8.35514 -3.03836 0.517707 -0.219145 0.543468 0.623376 0.188106 0.217292 0.148011 0.183097 0.0255931 0.340864
9.12861 8.38804 -2.97433 0.550834 -0.210989 0.524116 0.614303 0.261985 0.217292 0.148011 0.183097 0.0255931 0.340864
9.16793 8.42781 -2.88949 0.583067 -0.20249 0.503915 0.604235 0.335865 0.217292 0.148011 0.183097 0.0255931 0.340864
9.22309 8.47258 -2.78454 0.614356 -0.193663 0.482897 0.593188 0.409744 0.217292 0.148011 0.183097 0.0255931 0.340864
9.2965 8.52055 -2.66058 0.644649 -0.184522 0.461097 0.581179 0.483623 0.217292 0.148011 0.183097 0.0255931 0.340864
9.3733 8.56825 -2.53151 0.632684 -0.193677 0.478434 0.577323 0.443391 -0.118328 -0.0202723 -0.133691 0.0220274 0.340864
9.43768 8.61313 -2.41089 0.620375 -0.202727 0.495511 0.573153 0.40316 -0.118328 -0.0202723 -0.133691 0.0220274 0.340864
9.49062 8.65492 -2.29949 0.60773 -0.211667 0.51232 0.568673 0.362928 -0.118328 -0.0202723 -0.133691 0.0220274 0.340864
9.53315 8.69335 -2.19802 0.594756 -0.220492 0.52885 0.563885 0.322696 -0.118328 -0.0202723 -0.133691 0.0220274 0.340864
9.56634 8.72815 -2.10708 0.581459 -0.229197 0.545094 0.558791 0.282465 -0.118328 -0.0202723 -0.133691 0.0220274 0.340864
9.59477 8.7546 -2.03042 0.602541 -0.250513 0.505985 0.564062 0.223216 -0.17426 0.172416 0.138463 -0.190019 0.340864
9.62043 8.7699 -1.9718 0.622144 -0.271215 0.465633 0.567948 0.163968 -0.17426 0.172416 0.138463 -0.190019 0.340864
9.63357 8.77656 -1.9427 0.62009 -0.258742 0.495183 0.550759 0.0279473 -0.400061 -0.0252675 -0.0995437 0.188213 0.340864
9.63592 8.77787 -1.93696 0.637458 -0.266701 0.497254 0.524649 0.00933846 -0.0547318 0.171573 -0.022492 0.0801836 0.340864
9.64497 8.78227 -1.91197 0.640481 -0.279799 0.510966 0.50041 0.149134 0.411163 0.117033 -0.121046 0.0688552 0.340864
9.66716 8.79242 -1.84162 0.642891 -0.292629 0.52419 0.475693 0.288929 0.411163 0.117033 -0.121046 0.0688552 0.340864
9.69849 8.80528 -1.72443 0.644686 -0.30518 0.536913 0.450522 0.428724 0.411163 0.117033 -0.121046 0.0688552 0.340864
9.72316 8.81366 -1.61945 0.656843 -0.303895 0.547053 0.42064 0.207537 -0.650551 0.123297 -0.0503046 0.147972 0.340864
9.73148 8.81574 -1.58325 0.654686 -0.317319 0.530145 0.435479 0.0113123 -0.577132 0.0107524 0.0517059 -0.145325 0.340864
9.735 8.81639 -1.56758 0.663348 -0.307602 0.548744 0.405255 0.0832776 0.211663 0.073584 -0.0761576 0.195533 0.340864
9.74285 8.81762 -1.52782 0.671062 -0.297445 0.566559 0.374451 0.155243 0.211663 0.073584 -0.0761576 0.195533 0.340864
9.75369 8.8188 -1.46372 0.677817 -0.286864 0.583564 0.343113 0.227208 0.211663 0.073584 -0.0761576 0.195533 0.340864
9.77197 8.81666 -1.36351 0.69399 -0.308869 0.551839 0.344168 0.372273 0.426661 0.157553 0.139422 -0.128135 0.340864
9.80312 8.80674 -1.23466 0.724521 -0.306055 0.522241 0.329641 0.40993 0.110757 0.165812 0.199302 0.0542113 0.340864
9.84698 8.78872 -1.09686 0.753584 -0.302621 0.491585 0.314446 0.447588 0.110757 0.165812 0.199302 0.0542113 0.340864
9.90513 8.76177 -0.951857 0.781118 -0.298573 0.459933 0.298613 0.485245 0.110757 0.165812 0.199302 0.0542113 0.340864
9.95887 8.73275 -0.820845 0.763069 -0.322763 0.474236 0.297741 0.365172 -0.353158 0.0126275 -0.158605 -0.115387 0.340864
9.99151 8.71014 -0.72502 0.744168 -0.346593 0.48801 0.296537 0.245098 -0.353158 0.0126275 -0.158605 -0.115387 0.340864
10.0077 8.69549 -0.666012 0.724436 -0.370035 0.501239 0.295002 0.125024 -0.353158 0.0126275 -0.158605 -0.115387 0.340864
10.0122 8.69009 -0.645064 0.703895 -0.393065 0.513909 0.293138 0.00495061 -0.353158 0.0126275 -0.158605 -0.115387 0.340864
10.0167 8.68246 -0.618292 0.712584 -0.391838 0.51523 0.270602 0.160991 0.458941 0.10154 -0.0291978 0.095583 0.340864
10.0299 8.65851 -0.541765 0.720855 -0.390381 0.516249 0.247907 0.31703 0.458941 0.10154 -0.0291978 0.095583 0.340864
10.0518 8.61537 -0.416463 0.728703 -0.388696 0.516965 0.225067 0.47307 0.458941 0.10154 -0.0291978 0.095583 0.340864
10.0705 8.57846 -0.304914 0.725186 -0.358837 0.544687 0.220583 0.226894 -0.724048 -0.139656 -0.100278 0.170333 0.340864
10.0843 8.55311 -0.219974 0.725948 -0.364932 0.536316 0.228449 0.300826 0.217447 0.0046309 0.0468485 -0.0604589 0.340864
10.103 8.52012 -0.111574 0.726587 -0.370965 0.527854 0.236276 0.374758 0.217447 0.0046309 0.0468485 -0.0604589 0.340864
10.1271 8.47921 0.0201148 0.727102 -0.376935 0.519302 0.244064 0.44869 0.217447 0.0046309 0.0468485 -0.0604589 0.340864
10.147 8.44111 0.141034 0.709365 -0.39584 0.527417 0.248884 0.306254 -0.418929 -0.00632285 -0.105358 -0.123276 0.340864
10.1557 8.41711 0.216747 0.691088 -0.414444 0.53513 0.253514 0.163818 -0.418929 -0.00632285 -0.105358 -0.123276 0.340864
10.1578 8.40761 0.246687 0.672285 -0.432733 0.542436 0.257951 0.021382 -0.418929 -0.00632285 -0.105358 -0.123276 0.340864
10.1601 8.3978 0.28174 0.681175 -0.401472 0.549164 0.270628 0.193168 0.505253 -0.153546 0.0814829 0.116037 0.340864
10.169 8.37693 0.373847 0.689206 -0.369705 0.555198 0.282964 0.364954 0.505253 -0.153546 0.0814829 0.116037 0.340864
10.1834 8.35512 0.487365 0.689108 -0.370816 0.541886 0.306571 0.320292 -0.131359 -0.0632966 0.103151 -0.10399 0.340864
10.1987 8.33778 0.585988 0.688502 -0.371655 0.528175 0.329952 0.275629 -0.131359 -0.0632966 0.103151 -0.10399 0.340864
10.2142 8.32434 0.669632 0.68739 -0.372221 0.514075 0.353091 0.230967 -0.131359 -0.0632966 0.103151 -0.10399 0.340864
10.229 8.31426 0.738273 0.685773 -0.372512 0.499597 0.37597 0.186305 -0.131359 -0.0632966 0.103151 -0.10399 0.340864
10.2422 8.30705 0.791949 0.68365 -0.37253 0.484751 0.398572 0.141643 -0.131359 -0.0632966 0.103151 -0.10399 0.340864
10.253 8.30228 0.830757 0.681025 -0.372273 0.469549 0.420881 0.0969809 -0.131359 -0.0632966 0.103151 -0.10399 0.340864
10.2605 8.29956 0.854853 0.677899 -0.371743 0.454001 0.442881 0.0523187 -0.131359 -0.0632966 0.103151 -0.10399 0.340864
10.2638 8.29856 0.864451 0.674274 -0.370938 0.43812 0.464554 0.00765659 -0.131359 -0.0632966 0.103151 -0.10399 0.340864
10.2683 8.29696 0.876585 0.674192 -0.392031 0.417016 0.466771 0.069007 0.180442 0.0914084 0.0306958 -0.147242 0.340864
10.28 8.29138 0.907888 0.673507 -0.412773 0.395538 0.468569 0.130357 0.180442 0.0914084 0.0306958 -0.147242 0.340864
10.2989 8.2799 0.957951 0.672219 -0.433145 0.373707 0.469948 0.191708 0.180442 0.0914084 0.0306958 -0.147242 0.340864
10.3249 8.26063 1.02628 0.670329 -0.453129 0.351541 0.470906 0.253058 0.180442 0.0914084 0.0306958 -0.147242 0.340864
10.3577 8.23172 1.11228 0.667839 -0.472708 0.32906 0.471443 0.314408 0.180442 0.0914084 0.0306958 -0.147242 0.340864
10.3967 8.19139 1.2153 0.664751 -0.491864 0.306285 0.471557 0.375759 0.180442 0.0914084 0.0306958 -0.147242 0.340864
10.4414 8.13788 1.3346 0.661068 -0.510579 0.283235 0.47125 0.437109 0.180442 0.0914084 0.0306958 -0.147242 0.340864
10.491 8.06954 1.46936 0.656793 -0.528837 0.259932 0.47052 0.49846 0.180442 0.0914084 0.0306958 -0.147242 0.340864
10.5317 8.01311 1.5777 0.632858 -0.528187 0.237944 0.513705 0.25891 -0.704557 -0.165764 0.184581 -0.19893 0.340864
10.5476 7.99347 1.61766 0.607073 -0.525993 0.215261 0.555388 0.0193607 -0.704557 -0.165764 0.184581 -0.19893 0.340864
10.5605 7.97824 1.65034 0.594858 -0.537326 0.217897 0.556727 0.205908 0.548668 -0.0384949 -0.0577631 -0.071352 0.340864
10.5924 7.93809 1.73821 0.582473 -0.548505 0.22047 0.557907 0.392455 0.548668 -0.0384949 -0.0577631 -0.071352 0.340864
10.6255 7.89493 1.83581 0.592754 -0.542825 0.244187 0.542547 0.264861 -0.375276 0.0024801 -0.0988609 0.150412 0.340864
10.6451 7.86948 1.89615 0.60248 -0.536636 0.267675 0.526678 0.137267 -0.375276 0.0024801 -0.0988609 0.150412 0.340864
10.652 7.86049 1.91841 0.611642 -0.529945 0.290912 0.510317 0.00967304 -0.375276 0.0024801 -0.0988609 0.150412 0.340864
10.6537 7.85768 1.92481 0.608945 -0.566232 0.284028 0.477383 0.032585 0.0673882 0.194034 -0.191518 -0.103314 0.340864
10.656 7.85089 1.93794 0.604753 -0.601129 0.276446 0.443277 0.055497 0.0673882 0.194034 -0.191518 -0.103314 0.340864
10.658 7.8392 1.95736 0.599076 -0.634549 0.268186 0.408083 0.078409 0.0673882 0.194034 -0.191518 -0.103314 0.340864
10.6584 7.82177 1.98244 0.591928 -0.666411 0.259266 0.371886 0.101321 0.0673882 0.194034 -0.191518 -0.103314 0.340864
10.656 7.79792 2.01235 0.583325 -0.696636 0.24971 0.334775 0.124233 0.0673882 0.194034 -0.191518 -0.103314 0.340864
10.65 7.76708 2.04609 0.57329 -0.72515 0.23954 0.296843 0.147145 0.0673882 0.194034 -0.191518 -0.103314 0.340864
10.6391 7.72885 2.0825 0.561847 -0.751884 0.228782 0.258181 0.170057 0.0673882 0.194034 -0.191518 -0.103314 0.340864
10.6231 7.6775 2.12675 0.568646 -0.752319 0.215665 0.25327 0.239677 0.204764 0.0851615 0.0301221 0.015318 0.340864
10.6026 7.60692 2.18426 0.575307 -0.752573 0.202495 0.248298 0.309297 0.204764 0.0851615 0.0301221 0.015318 0.340864
10.578 7.51625 2.25402 0.581828 -0.752643 0.189277 0.243266 0.378917 0.204764 0.0851615 0.0301221 0.015318 0.340864
10.55 7.40472 2.33501 0.588208 -0.752531 0.176012 0.238174 0.448536 0.204764 0.0851615 0.0301221 0.015318 0.340864
10.5271 7.28966 2.41185 0.618368 -0.735703 0.15468 0.22899 0.376715 -0.211241 0.15108 0.0879784 0.171404 0.340864
10.5156 7.1906 2.4708 0.647456 -0.717601 0.133081 0.219408 0.304893 -0.211241 0.15108 0.0879784 0.171404 0.340864
10.5125 7.10979 2.51345 0.675422 -0.698255 0.111251 0.209447 0.233071 -0.211241 0.15108 0.0879784 0.171404 0.340864
10.5145 7.04903 2.54165 0.702219 -0.6777 0.0892286 0.199123 0.161249 -0.211241 0.15108 0.0879784 0.171404 0.340864
10.5186 7.0097 2.55753 0.727799 -0.655971 0.0670514 0.188454 0.0894275 -0.211241 0.15108 0.0879784 0.171404 0.340864
10.5214 6.99273 2.56343 0.752119 -0.633106 0.0447581 0.177458 0.0176057 -0.211241 0.15108 0.0879784 0.171404 0.340864
10.5332 6.9358 2.58307 0.743281 -0.634162 0.0484301 0.207427 0.343386 0.958178 -0.155237 0.0919483 -0.0416519 0.340864
10.5558 6.81458 2.62658 0.728798 -0.648961 0.0348656 0.215609 0.425793 0.242374 0.00137049 0.0676547 -0.137626 0.340864
10.5737 6.69122 2.66764 0.712308 -0.664484 -0.00446117 0.225961 0.346407 -0.233491 0.0880463 0.185112 -0.181566 0.340864
10.5825 6.63236 2.68612 0.728346 -0.63785 -0.01278 0.249991 0.0202221 -0.959367 -0.0461667 0.163807 0.163901 0.340864
10.5906 6.60011 2.69553 0.753333 -0.60773 -0.0312341 0.249355 0.18298 0.478701 0.111013 0.119127 0.195676 0.340864
10.6174 6.5169 2.71624 0.77691 -0.576472 -0.0496298 0.248251 0.345738 0.478701 0.111013 0.119127 0.195676 0.340864
10.6548 6.39992 2.7397 0.762715 -0.600591 -0.0711615 0.229113 0.389937 0.129997 0.132743 0.00242556 -0.195445 0.340864
10.6764 6.31845 2.75304 0.747982 -0.613224 -0.0974775 0.234472 0.112005 -0.817449 0.0437915 0.126166 -0.141977 0.340864
10.6861 6.27468 2.76005 0.727305 -0.621734 -0.114176 0.267279 0.154959 0.126335 -0.117547 0.191994 -0.116282 0.340864
10.6973 6.21675 2.77084 0.705279 -0.62909 -0.130663 0.299591 0.197913 0.126335 -0.117547 0.191994 -0.116282 0.340864
10.7106 6.13267 2.78602 0.686906 -0.635535 -0.168958 0.30937 0.310706 0.331745 0.0638295 0.197892 -0.154751 0.340864
10.7247 6.01002 2.80419 0.667199 -0.640746 -0.206926 0.318548 0.423499 0.331745 0.0638295 0.197892 -0.154751 0.340864
10.7358 5.91344 2.81779 0.68025 -0.627099 -0.192952 0.326766 0.153922 -0.792875 -0.0438585 -0.0141828 0.138947 0.340864
10.7442 5.85011 2.82939 0.662879 -0.63807 -0.179688 0.348096 0.228068 0.218077 -0.180154 0.0242368 -0.0582777 0.340864
10.7543 5.76312 2.85071 0.64481 -0.648368 -0.166234 0.369059 0.302214 0.218077 -0.180154 0.0242368 -0.0582777 0.340864
10.7653 5.65343 2.88463 0.626063 -0.657984 -0.152605 0.389634 0.376361 0.218077 -0.180154 0.0242368 -0.0582777 0.340864
10.7764 5.5223 2.93395 0.606656 -0.666907 -0.138815 0.409798 0.450507 0.218077 -0.180154 0.0242368 -0.0582777 0.340864
10.785 5.42556 2.97511 0.594213 -0.656929 -0.145429 0.440688 0.170004 -0.825008 -0.106153 0.17903 -0.00392672 0.340864
10.7884 5.39229 2.99027 0.577539 -0.657152 -0.155958 0.45856 0.0460024 -0.364711 -0.0652072 0.119569 -0.0772299 0.340864
10.7908 5.36348 3.0023 0.574858 -0.652485 -0.20144 0.450803 0.138207 0.27119 0.199291 0.139623 -0.124353 0.340864
10.7942 5.30424 3.02239 0.570937 -0.646411 -0.246487 0.442072 0.230412 0.27119 0.199291 0.139623 -0.124353 0.340864
10.7968 5.21339 3.04635 0.565784 -0.638942 -0.291002 0.432388 0.322617 0.27119 0.199291 0.139623 -0.124353 0.340864
10.7965 5.0903 3.06999 0.559411 -0.630094 -0.334889 0.421771 0.414821 0.27119 0.199291 0.139623 -0.124353 0.340864
10.7909 4.95576 3.09433 0.529089 -0.644949 -0.340362 0.433888 0.390237 -0.0723082 -0.124109 0.0858158 -0.151011 0.340864
10.78 4.83094 3.12273 0.49807 -0.658955 -0.345387 0.445434 0.365652 -0.0723082 -0.124109 0.0858158 -0.151011 0.340864
10.7646 4.71613 3.15453 0.466396 -0.672094 -0.349956 0.456394 0.341067 -0.0723082 -0.124109 0.0858158 -0.151011 0.340864
10.7485 4.60738 3.18505 0.467634 -0.650649 -0.379282 0.46273 0.330084 -0.0323029 0.146058 0.160563 -0.00195776 0.340864
10.7344 4.50085 3.21012 0.468236 -0.628319 -0.408091 0.468436 0.319101 -0.0323029 0.146058 0.160563 -0.00195776 0.340864
10.7218 4.39684 3.22992 0.4682 -0.605133 -0.436345 0.473504 0.308118 -0.0323029 0.146058 0.160563 -0.00195776 0.340864
10.7105 4.29565 3.24465 0.467527 -0.581123 -0.464004 0.477928 0.297135 -0.0323029 0.146058 0.160563 -0.00195776 0.340864
10.7003 4.19753 3.25457 0.466217 -0.556322 -0.491032 0.481701 0.286152 -0.0323029 0.146058 0.160563 -0.00195776 0.340864
10.6908 4.10274 3.25995 0.464272 -0.530764 -0.517391 0.484818 0.275169 -0.0323029 0.146058 0.160563 -0.00195776 0.340864
10.6796 3.98035 3.26719 0.452829 -0.534305 -0.505989 0.503428 0.449044 0.511398 -0.129845 0.0517001 0.0437628 0.340864
10.6632 3.83538 3.2763 0.439183 -0.532136 -0.537137 0.485216 0.411052 -0.111741 0.112478 0.0727858 -0.183603 0.340864
10.6401 3.70418 3.28003 0.424881 -0.529173 -0.567482 0.46628 0.37306 -0.111741 0.112478 0.0727858 -0.183603 0.340864
10.6119 3.58717 3.27952 0.409944 -0.52542 -0.596981 0.446647 0.335068 -0.111741 0.112478 0.0727858 -0.183603 0.340864
10.5802 3.48456 3.2758 0.394396 -0.520882 -0.625588 0.426348 0.297076 -0.111741 0.112478 0.0727858 -0.183603 0.340864
10.5467 3.39638 3.26988 0.378259 -0.515567 -0.653261 0.405413 0.259084 -0.111741 0.112478 0.0727858 -0.183603 0.340864
10.5129 3.32243 3.26267 0.361558 -0.509483 -0.67996 0.383872 0.221092 -0.111741 0.112478 0.0727858 -0.183603 0.340864
10.4805 3.26235 3.25503 0.344316 -0.502638 -0.705643 0.361759 0.1831 -0.111741 0.112478 0.0727858 -0.183603 0.340864
10.4402 3.1919 3.24535 0.345482 -0.500227 -0.70238 0.370239 0.29785 0.3375 -0.0143347 0.0187533 0.0504727 0.340864
10.3822 3.08678 3.23194 0.346618 -0.497772 -0.699054 0.378685 0.4126 0.3375 -0.0143347 0.0187533 0.0504727 0.340864
10.3327 2.99538 3.2192 0.342102 -0.464327 -0.722062 0.382091 0.203661 -0.614526 0.187946 0.149991 0.0177311 0.340864
10.307 2.94419 3.21087 0.371364 -0.465177 -0.698258 0.397663 0.136778 -0.196714 -0.034203 -0.131602 0.19791 0.340864
10.2937 2.9121 3.20554 0.400007 -0.465251 -0.673291 0.412572 0.0698955 -0.196714 -0.034203 -0.131602 0.19791 0.340864
10.2898 2.9005 3.20361 0.427983 -0.464551 -0.647202 0.426794 0.00301272 -0.196714 -0.034203 -0.131602 0.19791 0.340864
10.2876 2.89136 3.20249 0.427973 -0.471004 -0.618992 0.460264 0.0527043 0.146152 -0.186003 0.00428147 0.182032 0.340864
10.283 2.86546 3.20086 0.427125 -0.476535 -0.589571 0.492834 0.102396 0.146152 -0.186003 0.00428147 0.182032 0.340864
10.2792 2.8388 3.19961 0.448687 -0.475307 -0.581264 0.48466 0.0561569 -0.135997 0.0640246 -0.115011 0.0592646 0.340864
10.2779 2.82768 3.19882 0.469978 -0.473793 -0.572608 0.476194 0.00991793 -0.135997 0.0640246 -0.115011 0.0592646 0.340864
10.2757 2.80604 3.19709 0.481449 -0.491858 -0.554921 0.467274 0.118437 0.319174 -0.053358 -0.163019 0.00152298 0.340864
10.27 2.74774 3.19311 0.49251 -0.509505 -0.536763 0.457956 0.226956 0.319174 -0.053358 -0.163019 0.00152298 0.340864
10.261 2.65269 3.18783 0.503153 -0.526719 -0.518148 0.448249 0.335475 0.319174 -0.053358 -0.163019 0.00152298 0.340864
10.2491 2.52084 3.18221 0.513367 -0.543485 -0.499092 0.438161 0.443994 0.319174 -0.053358 -0.163019 0.00152298 0.340864
10.24 2.42474 3.18098 0.484036 -0.54636 -0.501756 0.464156 0.123911 -0.941421 -0.154062 0.16989 -0.0330113 0.340864
10.2339 2.33935 3.1808 0.521159 -0.538953 -0.484113 0.451174 0.379744 0.752449 0.103515 -0.181357 0.1503 0.340864
10.2295 2.24796 3.17722 0.526526 -0.51869 -0.503768 0.447156 0.158959 -0.649368 0.146594 0.086024 0.0155317 0.340864
10.2267 2.20615 3.17358 0.52224 -0.519077 -0.527183 0.424149 0.0885009 -0.207229 0.130308 0.0140078 -0.144069 0.340864
10.2232 2.1491 3.16797 0.517339 -0.491269 -0.525858 0.46313 0.249357 0.473107 -0.0498079 0.199612 0.194724 0.340864
10.2228 2.03735 3.15907 0.511238 -0.462321 -0.523314 0.501037 0.410214 0.473107 -0.0498079 0.199612 0.194724 0.340864
10.2264 1.94311 3.15169 0.517116 -0.445876 -0.523327 0.509818 0.146277 -0.776285 0.0415774 0.0542962 0.0924404 0.340864
10.2308 1.8375 3.14383 0.50148 -0.451787 -0.528798 0.514567 0.4772 0.973303 -0.0651847 0.0595078 -0.0607775 0.340864
10.238 1.6863 3.13344 0.50654 -0.43871 -0.525126 0.524589 0.415362 -0.181876 0.0166706 0.039647 0.0943147 0.340864
10.2483 1.55637 3.12365 0.511443 -0.425497 -0.521291 0.534448 0.353524 -0.181876 0.0166706 0.039647 0.0943147 0.340864
10.2603 1.44772 3.11468 0.516186 -0.412152 -0.517294 0.544141 0.291687 -0.181876 0.0166706 0.039647 0.0943147 0.340864
10.2727 1.36028 3.10678 0.52077 -0.398679 -0.513136 0.553665 0.229849 -0.181876 0.0166706 0.039647 0.0943147 0.340864
10.2842 1.29395 3.10024 0.525191 -0.385082 -0.50882 0.563017 0.168011 -0.181876 0.0166706 0.039647 0.0943147 0.340864
10.2935 1.24854 3.09536 0.52945 -0.371366 -0.504345 0.572194 0.106174 -0.181876 0.0166706 0.039647 0.0943147 0.340864
10.2993 1.2238 3.09248 0.533544 -0.357534 -0.499713 0.581194 0.044336 -0.181876 0.0166706 0.039647 0.0943147 0.340864
10.3149 1.16753 3.08373 0.549555 -0.332202 -0.501741 0.579557 0.303053 0.760933 0.138623 0.0424663 0.101445 0.340864
10.3448 1.06432 3.06929 0.533634 -0.35262 -0.487327 0.59448 0.334871 0.0935823 -0.190981 -0.0400625 -0.00393116 0.340864
10.3778 0.950001 3.06126 0.517126 -0.37265 -0.472376 0.608748 0.366689 0.0935823 -0.190981 -0.0400625 -0.00393116 0.340864
10.4136 0.824974 3.06109 0.500049 -0.392269 -0.456905 0.622346 0.398507 0.0935823 -0.190981 -0.0400625 -0.00393116 0.340864
10.4522 0.689787 3.07021 0.482421 -0.411456 -0.440931 0.635259 0.430325 0.0935823 -0.190981 -0.0400625 -0.00393116 0.340864
10.4796 0.59521 3.07872 0.479087 -0.392241 -0.452115 0.64204 0.151069 -0.821342 0.0452144 0.128612 0.0222568 0.340864
10.4975 0.539315 3.08158 0.481062 -0.357513 -0.458329 0.656277 0.194681 0.128272 0.0740486 0.176311 0.116849 0.340864
10.5228 0.470214 3.08199 0.482338 -0.322266 -0.463877 0.669562 0.238293 0.128272 0.0740486 0.176311 0.116849 0.340864
10.5564 0.388498 3.0785 0.482914 -0.286551 -0.468753 0.681875 0.281906 0.128272 0.0740486 0.176311 0.116849 0.340864
10.599 0.294867 3.06961 0.48279 -0.250421 -0.472948 0.693198 0.325518 0.128272 0.0740486 0.176311 0.116849 0.340864
10.6511 0.190118 3.05375 0.481964 -0.213927 -0.476457 0.703516 0.36913 0.128272 0.0740486 0.176311 0.116849 0.340864
10.7132 0.0751442 3.02935 0.48044 -0.177122 -0.479274 0.712812 0.412743 0.128272 0.0740486 0.176311 0.116849 0.340864
10.7853 -0.0490797 2.99484 0.478218 -0.140061 -0.481396 0.721074 0.456355 0.128272 0.0740486 0.176311 0.116849 0.340864
10.8675 -0.181504 2.94863 0.475302 -0.102796 -0.482819 0.72829 0.499967 0.128272 0.0740486 0.176311 0.116849 0.340864
10.9528 -0.315327 2.8997 0.45479 -0.10626 -0.480904 0.742029 0.477013 -0.067512 -0.137298 0.0463768 0.0251439 0.340864
11.0345 -0.444232 2.85777 0.433993 -0.109656 -0.478687 0.755304 0.454059 -0.067512 -0.137298 0.0463768 0.0251439 0.340864
11.1126 -0.567871 2.82242 0.412925 -0.112985 -0.476171 0.768107 0.431105 -0.067512 -0.137298 0.0463768 0.0251439 0.340864
11.1872 -0.685926 2.79322 0.391599 -0.116242 -0.473358 0.78043 0.408151 -0.067512 -0.137298 0.0463768 0.0251439 0.340864
11.2583 -0.79811 2.76973 0.370028 -0.119427 -0.470249 0.792264 0.385197 -0.067512 -0.137298 0.0463768 0.0251439 0.340864
11.3258 -0.90417 2.75147 0.348225 -0.122538 -0.466845 0.803604 0.362243 -0.067512 -0.137298 0.0463768 0.0251439 0.340864
11.3898 -1.00389 2.73799 0.326205 -0.125572 -0.46315 0.814441 0.339289 -0.067512 -0.137298 0.0463768 0.0251439 0.340864
11.4322 -1.07216 2.72809 0.340257 -0.110586 -0.486639 0.796981 0.137108 -0.594649 0.159037 0.065698 -0.120991 0.340864
11.4506 -1.10358 2.72251 0.312246 -0.0993215 -0.492501 0.806276 0.079488 -0.169471 -0.113886 0.1508 0.00344991 0.340864
11.4591 -1.11837 2.72003 0.283912 -0.0879545 -0.497855 0.814738 0.0218678 -0.169471 -0.113886 0.1508 0.00344991 0.340864
11.4804 -1.15301 2.71403 0.265189 -0.0618763 -0.477764 0.835217 0.220107 0.583057 -0.0579727 0.156903 0.190187 0.340864
11.5413 -1.24124 2.69695 0.245975 -0.0356834 -0.456787 0.854148 0.418346 0.583057 -0.0579727 0.156903 0.190187 0.340864
11.6268 -1.35198 2.67267 0.250013 -0.0222184 -0.433378 0.865554 0.416962 -0.00407215 0.0350579 0.0253296 0.168619 0.340864
11.7179 -1.45699 2.64642 0.253832 -0.008734 -0.409589 0.876202 0.415577 -0.00407215 0.0350579 0.0253296 0.168619 0.340864
11.8144 -1.55596 2.61824 0.257429 0.00475805 -0.385442 0.886082 0.414193 -0.00407215 0.0350579 0.0253296 0.168619 0.340864
11.9157 -1.64859 2.58817 0.260801 0.0182459 -0.360957 0.895187 0.412808 -0.00407215 0.0350579 0.0253296 0.168619 0.340864
12.0216 -1.73461 2.55624 0.263944 0.0317178 -0.336156 0.903508 0.411424 -0.00407215 0.0350579 0.0253296 0.168619 0.340864
12.1316 -1.81377 2.5225 0.266856 0.045162 -0.311061 0.911037 0.410039 -0.00407215 0.0350579 0.0253296 0.168619 0.340864
12.2452 -1.88586 2.48702 0.269535 0.0585666 -0.285693 0.917769 0.408655 -0.00407215 0.0350579 0.0253296 0.168619 0.340864
12.362 -1.95066 2.44985 0.271977 0.0719199 -0.260075 0.923697 0.40727 -0.00407215 0.0350579 0.0253296 0.168619 0.340864
12.4816 -2.00803 2.41107 0.274181 0.0852102 -0.23423 0.928817 0.405886 -0.00407215 0.0350579 0.0253296 0.168619 0.340864
12.561 -2.04312 2.38469 0.248321 0.0971989 -0.231523 0.935568 0.127632 -0.818393 -0.134324 0.0933963 0.0563997 0.340864
12.6237 -2.07205 2.36204 0.271633 0.101256 -0.25038 0.923728 0.299883 0.50662 0.140359 0.0248974 -0.12733 0.340864
12.7343 -2.127 2.31773 0.294659 0.105206 -0.268973 0.910912 0.472134 0.50662 0.140359 0.0248974 -0.12733 0.340864
12.8223 -2.17054 2.27993 0.257126 0.132304 -0.250063 0.92404 0.146475 -0.95782 -0.169365 0.163754 0.192377 0.340864
12.866 -2.19076 2.25932 0.266134 0.152422 -0.250023 0.918384 0.161718 0.0448329 0.0871492 0.100451 0.0153207 0.340864
12.9133 -2.21204 2.23439 0.275004 0.172461 -0.249852 0.912252 0.176961 0.0448329 0.0871492 0.100451 0.0153207 0.340864
12.9641 -2.23412 2.2048 0.283731 0.19241 -0.249553 0.905648 0.192205 0.0448329 0.0871492 0.100451 0.0153207 0.340864
13.018 -2.25676 2.17022 0.292312 0.212261 -0.249124 0.898575 0.207448 0.0448329 0.0871492 0.100451 0.0153207 0.340864
13.0748 -2.27968 2.13035 0.300741 0.232001 -0.248566 0.891036 0.222691 0.0448329 0.0871492 0.100451 0.0153207 0.340864
13.1343 -2.30261 2.08489 0.309015 0.251621 -0.24788 0.883036 0.237934 0.0448329 0.0871492 0.100451 0.0153207 0.340864
13.1962 -2.32525 2.03358 0.317128 0.27111 -0.247065 0.874579 0.253177 0.0448329 0.0871492 0.100451 0.0153207 0.340864
13.2474 -2.34301 1.98882 0.332858 0.276335 -0.246553 0.867212 0.160298 -0.273175 0.103079 0.0148158 -0.0234143 0.340864
13.2754 -2.35216 1.96371 0.348477 0.281469 -0.245961 0.859559 0.0674186 -0.273175 0.103079 0.0148158 -0.0234143 0.340864
13.2945 -2.35806 1.94642 0.322743 0.287876 -0.232872 0.871054 0.0882468 0.0612596 -0.122763 0.023768 0.138575 0.340864
13.3189 -2.36531 1.92461 0.296684 0.293993 -0.219549 0.881672 0.109075 0.0612596 -0.122763 0.023768 0.138575 0.340864
13.3487 -2.3738 1.89832 0.270325 0.299814 -0.206004 0.891402 0.129903 0.0612596 -0.122763 0.023768 0.138575 0.340864
13.3839 -2.3834 1.86756 0.243695 0.305332 -0.192253 0.900235 0.150732 0.0612596 -0.122763 0.023768 0.138575 0.340864
13.4245 -2.39398 1.83237 0.21682 0.310544 -0.178308 0.908162 0.17156 0.0612596 -0.122763 0.023768 0.138575 0.340864
13.458 -2.40187 1.80497 0.240518 0.284691 -0.166681 0.912863 0.0871166 -0.248363 0.114754 -0.186426 -0.00922115 0.340864
13.4701 -2.40431 1.79604 0.263883 0.258444 -0.154822 0.916298 0.00267324 -0.248363 0.114754 -0.186426 -0.00922115 0.340864
13.4725 -2.40466 1.79457 0.26045 0.240827 -0.125295 0.926536 0.013696 0.0324199 -0.00554983 -0.153259 0.146379 0.340864
13.4782 -2.4052 1.79139 0.256679 0.222897 -0.0956054 0.935571 0.0247187 0.0324199 -0.00554983 -0.153259 0.146379 0.340864
13.4874 -2.40563 1.78685 0.252575 0.204678 -0.0657914 0.94339 0.0357415 0.0324199 -0.00554983 -0.153259 0.146379 0.340864
13.5003 -2.40559 1.78132 0.248143 0.186193 -0.035892 0.949984 0.0467643 0.0324199 -0.00554983 -0.153259 0.146379 0.340864
13.5169 -2.40474 1.77516 0.243388 0.167466 -0.00594599 0.955344 0.057787 0.0324199 -0.00554983 -0.153259 0.146379 0.340864
13.5373 -2.40271 1.76876 0.238318 0.148522 0.0240078 0.959463 0.0688098 0.0324199 -0.00554983 -0.153259 0.146379 0.340864
13.5616 -2.39915 1.76249 0.232937 0.129384 0.0539303 0.962336 0.0798325 0.0324199 -0.00554983 -0.153259 0.146379 0.340864
13.5895 -2.39368 1.75673 0.227255 0.110079 0.0837829 0.96396 0.0908553 0.0324199 -0.00554983 -0.153259 0.146379 0.340864
13.6084 -2.38999 1.75297 0.243823 0.124345 0.0478924 0.960622 0.0249761 -0.193762 0.0681583 0.139237 -0.193582 0.340864
13.6252 -2.38662 1.74943 0.257426 0.122722 0.082149 0.954947 0.0780388 0.156067 0.110545 -0.0503332 0.182938 0.340864
13.659 -2.37752 1.74309 0.27067 0.120927 0.116291 0.94794 0.131102 0.156067 0.110545 -0.0503332 0.182938 0.340864
13.7091 -2.36038 1.73496 0.283537 0.118965 0.150271 0.939613 0.184164 0.156067 0.110545 -0.0503332 0.182938 0.340864
13.7747 -2.333 1.72616 0.296008 0.116836 0.184042 0.929977 0.237227 0.156067 0.110545 -0.0503332 0.182938 0.340864
13.8547 -2.29335 1.7179 0.308068 0.114545 0.217556 0.919045 0.29029 0.156067 0.110545 -0.0503332 0.182938 0.340864
13.9478 -2.23954 1.71151 0.319698 0.112094 0.250767 0.906832 0.343352 0.156067 0.110545 -0.0503332 0.182938 0.340864
14.0524 -2.1699 1.70834 0.330883 0.109487 0.283629 0.893355 0.396415 0.156067 0.110545 -0.0503332 0.182938 0.340864
14.1353 -2.11293 1.70482 0.317931 0.129002 0.258198 0.903113 0.19587 -0.589838 -0.136018 0.124186 -0.103619 0.340864
14.1675 -2.09106 1.70269 0.305155 0.114215 0.284539 0.901595 0.0331676 -0.478537 -0.0225955 -0.146094 0.124304 0.340864
14.1848 -2.07777 1.70154 0.278482 0.132401 0.307099 0.900338 0.095264 0.182637 -0.154523 0.0121581 0.17236 0.340864
14.2172 -2.04992 1.69779 0.251377 0.150382 0.329182 0.897683 0.15736 0.182637 -0.154523 0.0121581 0.17236 0.340864
14.2631 -2.00599 1.68979 0.223882 0.168129 0.350754 0.893634 0.219457 0.182637 -0.154523 0.0121581 0.17236 0.340864
14.3207 -1.94477 1.67579 0.196039 0.185615 0.371781 0.888197 0.281553 0.182637 -0.154523 0.0121581 0.17236 0.340864
14.3878 -1.86536 1.65395 0.167892 0.202812 0.392231 0.881382 0.34365 0.182637 -0.154523 0.0121581 0.17236 0.340864
14.4625 -1.76714 1.62238 0.139484 0.219695 0.412073 0.873198 0.405746 0.182637 -0.154523 0.0121581 0.17236 0.340864
14.5427 -1.64986 1.57916 0.110859 0.236237 0.431274 0.863658 0.467843 0.182637 -0.154523 0.0121581 0.17236 0.340864
14.5977 -1.56323 1.54655 0.131679 0.236145 0.438344 0.857176 0.165715 -0.888611 0.120069 0.0567547 0.0233707 0.340864
14.6232 -1.5239 1.53304 0.13632 0.21872 0.425959 0.867258 0.121136 -0.131114 0.0433229 -0.0803134 -0.108397 0.340864
14.64 -1.49823 1.52504 0.133949 0.208217 0.44585 0.860187 0.0653849 -0.163975 0.0454877 -0.0663824 0.11383 0.340864
14.6519 -1.47943 1.51938 0.14499 0.220381 0.43497 0.860936 0.0698211 0.0130477 0.010046 0.0981699 -0.0609589 0.340864
14.6934 -1.42157 1.50105 0.120749 0.195475 0.409634 0.882842 0.362564 0.86101 -0.110608 -0.195021 -0.174245 0.340864
14.7333 -1.36772 1.48524 0.146901 0.186543 0.427004 0.872519 0.0426897 -0.940808 0.184677 0.0161643 0.0786821 0.340864
14.7436 -1.35345 1.48095 0.133253 0.21652 0.410802 0.87556 0.0638182 0.0621424 -0.165791 0.130265 -0.0499277 0.340864
14.758 -1.33415 1.47322 0.119423 0.246202 0.394042 0.877413 0.0849466 0.0621424 -0.165791 0.130265 -0.0499277 0.340864
14.7764 -1.31029 1.46112 0.105432 0.275551 0.376747 0.878076 0.106075 0.0621424 -0.165791 0.130265 -0.0499277 0.340864
14.7986 -1.28243 1.44376 0.0912972 0.304526 0.358942 0.877547 0.127203 0.0621424 -0.165791 0.130265 -0.0499277 0.340864
14.8184 -1.25678 1.4271 0.0915148 0.29625 0.386274 0.868708 0.0869983 -0.118251 0.0723156 -0.0411124 0.154939 0.340864
14.83 -1.23989 1.41727 0.0916507 0.287709 0.41326 0.859092 0.0467931 -0.118251 0.0723156 -0.0411124 0.154939 0.340864
14.8344 -1.23285 1.41355 0.0917046 0.278911 0.439877 0.848709 0.00658787 -0.118251 0.0723156 -0.0411124 0.154939 0.340864
14.8378 -1.22639 1.41049 0.115711 0.289775 0.450638 0.836401 0.040222 0.0989238 0.116054 0.130761 0.0520507 0.340864
14.843 -1.2161 1.40599 0.143824 0.287322 0.458566 0.82854 0.0325832 -0.022467 0.163706 0.0704657 0.0102609 0.340864
14.847 -1.20776 1.4028 0.171803 0.284604 0.466072 0.819915 0.0249444 -0.022467 0.163706 0.0704657 0.0102609 0.340864
14.8499 -1.20151 1.40073 0.199625 0.281624 0.473149 0.810535 0.0173056 -0.022467 0.163706 0.0704657 0.0102609 0.340864
14.8517 -1.19745 1.39959 0.227263 0.278385 0.479791 0.800409 0.00966681 -0.022467 0.163706 0.0704657 0.0102609 0.340864
14.8524 -1.19566 1.39917 0.254691 0.274889 0.48599 0.789545 0.00202802 -0.022467 0.163706 0.0704657 0.0102609 0.340864
14.8557 -1.18746 1.3972 0.230932 0.289768 0.487194 0.790789 0.0512342 0.144724 -0.152821 -0.0026358 0.0627529 0.340864
14.8647 -1.16422 1.39052 0.20699 0.304418 0.488013 0.791409 0.10044 0.144724 -0.152821 -0.0026358 0.0627529 0.340864
14.8786 -1.12621 1.37758 0.182885 0.318828 0.488447 0.791405 0.149647 0.144724 -0.152821 -0.0026358 0.0627529 0.340864
14.897 -1.07384 1.35684 0.158635 0.332986 0.488496 0.790776 0.198853 0.144724 -0.152821 -0.0026358 0.0627529 0.340864
14.9191 -1.00766 1.32683 0.134261 0.346882 0.48816 0.789523 0.248059 0.144724 -0.152821 -0.0026358 0.0627529 0.340864
14.9445 -0.928354 1.28609 0.10978 0.360504 0.487438 0.787648 0.297265 0.144724 -0.152821 -0.0026358 0.0627529 0.340864
14.9725 -0.836737 1.23321 0.0852132 0.373842 0.486332 0.785151 0.346471 0.144724 -0.152821 -0.0026358 0.0627529 0.340864
14.9882 -0.775393 1.19577 0.0914308 0.401168 0.507692 0.756937 0.0863883 -0.76495 0.0116595 0.1954 0.179451 0.340864
14.9912 -0.759264 1.18589 0.0650728 0.388456 0.524498 0.754831 0.026269 -0.176821 -0.0386137 -0.139413 0.136507 0.340864
14.9933 -0.744397 1.17696 0.0855192 0.406968 0.536038 0.734661 0.0764738 0.147661 0.0677768 0.186991 0.0738527 0.340864
14.9955 -0.714541 1.15975 0.105854 0.42495 0.546881 0.713536 0.126679 0.147661 0.0677768 0.186991 0.0738527 0.340864
14.9962 -0.669304 1.13494 0.126052 0.44238 0.557013 0.691482 0.176883 0.147661 0.0677768 0.186991 0.0738527 0.340864
14.9935 -0.608387 1.10337 0.146085 0.459235 0.56642 0.668529 0.227088 0.147661 0.0677768 0.186991 0.0738527 0.340864
14.9858 -0.531585 1.06605 0.165929 0.475492 0.575091 0.644706 0.277293 0.147661 0.0677768 0.186991 0.0738527 0.340864
14.9716 -0.438792 1.02417 0.185556 0.49113 0.583013 0.620045 0.327498 0.147661 0.0677768 0.186991 0.0738527 0.340864
14.9573 -0.363464 0.993986 0.199996 0.474656 0.606294 0.605897 0.157222 -0.500809 0.191902 0.00489333 0.0737484 0.340864
14.9488 -0.326212 0.981057 0.215878 0.493763 0.613846 0.576878 0.0800939 -0.226848 0.0437006 0.196932 0.108573 0.340864
14.9452 -0.313226 0.976905 0.231433 0.512121 0.620467 0.546984 0.00296551 -0.226848 0.0437006 0.196932 0.108573 0.340864
