0 0 0 0 0 0 1 0 0 0 0 0 0
0.0401075 5.97284e-06 -0.000672987 -0.00304127 0.0125829 0.00014038 0.999916 0.0786547 0.0771124 -0.00596343 0.024673 0.000275262 1.02259
0.373023 0.0209543 -0.0261961 0.03086 0.0583249 0.0532127 0.996401 0.202697 0.0521185 0.0290623 0.0386514 0.0441646 2.38605
0.613712 0.0416344 -0.0561021 0.0161113 0.0664506 0.0302667 0.9972 0.274648 0.0705401 -0.0323397 0.0156356 -0.042741 1.02259
1.30029 0.0899352 -0.194677 -0.0237053 0.132997 0.0401789 0.990018 0.241995 -0.0120045 -0.0301375 0.0481911 0.010172 2.72691
1.6157 0.103433 -0.296635 -0.050227 0.184907 0.00666184 0.981449 0.083464 -0.0777114 -0.0323812 0.0497163 -0.0299655 2.04519
1.83925 0.113039 -0.396404 -0.0231471 0.22426 0.0429802 0.973306 0.204914 0.0714413 0.0384022 0.0495983 0.0338031 1.70432
2.10356 0.134907 -0.538194 0.0156538 0.263698 0.0336387 0.963891 0.148977 -0.0329045 0.0397358 0.0493774 -0.0215433 1.70432
2.5847 0.15298 -0.853889 -0.0224941 0.303238 0.00630801 0.952629 0.335088 0.078198 -0.03795 0.0338255 -0.0128541 2.38605
3.11013 0.17015 -1.26438 0.0608369 0.361117 0.0160518 0.930395 0.057534 -0.0816335 0.0480124 0.0369049 -0.0101057 3.40864
3.15721 0.174473 -1.30642 0.0764271 0.352196 0.00346471 0.932794 0.0168929 -0.0239066 0.011715 -0.00958914 -0.0210865 1.70432
3.37752 0.194931 -1.5105 0.15001 0.373165 -0.0211949 0.915312 0.204449 0.0689545 0.0450626 0.0205056 -0.0347854 2.72691
3.47891 0.203804 -1.60609 0.156968 0.364907 -0.0330753 0.91712 0.206255 0.00265565 0.00438114 -0.0194083 -0.0431529 0.681728
3.65352 0.214665 -1.77915 0.13861 0.394883 -0.042106 0.907238 0.155697 -0.0371748 -0.0258737 0.0487212 0.004112 1.36346
3.83103 0.220564 -1.97548 0.154302 0.409785 -0.0639321 0.896761 0.1558 6.06824e-05 0.00905813 0.0235583 -0.0286803 1.70432
4.38046 0.344319 -2.71141 0.185976 0.480288 0.0257985 0.85678 0.39065 0.0690734 0.0447343 0.0375904 0.0447108 3.40864
4.45415 0.375668 -2.82232 0.191804 0.478653 0.0302069 0.856265 0.414052 0.0688305 0.0426392 -0.0107248 0.00404151 0.340864
4.97425 0.572261 -3.50631 0.24958 0.411936 -0.00349024 0.87636 0.1049 -0.090927 0.0185602 -0.0344873 -0.0411886 3.40864
5.25722 0.686621 -3.80182 0.246357 0.401209 0.0758128 0.878972 0.145209 0.0118555 0.017168 -0.0178179 0.0401355 3.40864
5.32268 0.718878 -3.86633 0.226447 0.392037 0.0867647 0.887412 0.141251 -0.0058209 -0.0426243 -0.0460509 0.0432846 0.681728
5.78644 0.918812 -4.27009 0.260087 0.34932 0.059584 0.898209 0.239258 0.0288256 0.0120419 -0.0194631 -0.0282053 3.40864
6.08557 1.03538 -4.49457 0.240729 0.322769 0.0831074 0.911572 0.221676 -0.0103421 -0.0130198 -0.0421165 0.023759 1.70432
6.77319 1.31666 -4.97943 0.277682 0.327418 0.0799586 0.899609 0.358166 0.0446045 0.0229874 0.00779803 -0.0082924 3.06778
6.86473 1.35589 -5.04366 0.27358 0.326004 0.0877378 0.900654 0.338937 -0.0565557 -0.00776269 -0.0241304 0.0462654 0.340864
7.04923 1.43586 -5.17 0.265422 0.31707 0.0931745 0.905724 0.35955 0.0303126 -0.0181728 -0.0350069 0.0137278 0.681728
7.69909 1.68188 -5.57869 0.2115 0.277383 0.0811454 0.933671 0.233426 -0.046369 -0.0414877 -0.0343241 -0.00510455 2.72691
7.92076 1.75945 -5.70313 0.210351 0.266947 0.107493 0.934311 0.287765 0.0532736 0.0136232 -0.0305671 0.0444368 1.02259
8.39949 1.95602 -5.9457 0.235618 0.246902 0.138765 0.92966 0.272749 -0.0073608 0.0344119 -0.0209367 0.018395 2.04519
8.5477 2.02074 -6.01696 0.249394 0.256628 0.124158 0.925489 0.247068 -0.0377655 0.0259843 0.0453711 -0.0415073 0.681728
9.24896 2.26863 -6.34389 0.214789 0.226518 0.0864204 0.94609 0.436002 0.0793839 -0.0362511 -0.0235768 -0.030366 2.38605
10.2579 2.64232 -6.72757 0.19271 0.176972 0.178293 0.948554 0.236943 -0.0585469 0.00216559 -0.0407093 0.0477768 3.40864
10.5448 2.78626 -6.8171 0.186453 0.183938 0.20566 0.942924 0.253207 0.0119591 -0.00183632 0.00178655 0.0432605 1.36346
11.034 3.03714 -6.9541 0.206398 0.153898 0.19232 0.946957 0.222991 -0.0126956 0.0183058 -0.0188939 -0.0190623 2.38605
11.3269 3.18089 -7.01458 0.212406 0.126679 0.202716 0.947493 0.265073 0.0309426 0.0182579 -0.0394892 0.00470555 1.36346
11.7171 3.35118 -7.07253 0.168864 0.0755926 0.150961 0.971072 0.0159049 -0.0814276 -0.0277902 -0.0322142 -0.0387118 3.06778
12.1533 3.44876 -7.12442 0.104153 0.0698042 0.0733566 0.989393 0.249044 0.0685703 -0.0417948 -0.00216277 -0.0437305 3.40864
12.4653 3.48824 -7.15603 0.0548933 0.0337207 0.03489 0.997313 0.0609824 -0.0921869 -0.0486702 -0.0351884 -0.038229 2.04519
12.569 3.49636 -7.1604 0.0044316 2.13822e-05 0.044498 0.999 0.000250053 -0.0178625 -0.028794 -0.0211625 0.00551823 3.40864
12.8891 3.55446 -7.13134 0.0659618 -0.0605025 0.114952 0.98933 0.192067 0.0564168 0.0378473 -0.034211 0.0415835 3.40864
13.2278 3.62291 -7.07706 0.0271916 -0.0887127 0.0865796 0.991915 0.101955 -0.0378623 -0.0282227 -0.0255074 -0.0273869 2.38605
13.4586 3.66195 -7.03398 -0.040751 -0.0946793 0.0771987 0.991673 0.0730425 -0.0106296 -0.0485957 -0.00851197 -0.0113867 2.72691
13.7809 3.70682 -6.98278 0.00492068 -0.0683651 0.060438 0.995816 0.249916 0.0867026 0.0441557 0.0287697 -0.0134276 2.04519
14.06 3.73738 -6.93822 0.0179896 -0.0918457 0.0469932 0.994501 0.0845835 -0.0972543 0.0180721 -0.0266113 -0.0147447 1.70432
14.4058 3.78476 -6.84733 0.0769209 -0.148145 0.0935333 0.981523 0.180851 0.0353924 0.0421306 -0.0406856 0.0377725 2.72691
14.7546 3.83409 -6.74171 0.053147 -0.132979 0.0612308 0.987797 0.179808 -0.000511005 -0.0200556 0.0157663 -0.033979 2.04519
14.926 3.85162 -6.69722 0.0874313 -0.108951 0.0543115 0.988704 0.0819262 -0.0719723 0.0489362 0.0387207 -0.00155096 1.36346
14.999 3.85872 -6.68186 0.0723008 -0.08827 0.0575943 0.991798 0.0649266 -0.0166662 -0.0327704 0.0385843 0.00634848 1.02259
