0 0 0 0 0 0 1 6.92082e-310 0 0 0 0 0
0.0668957 0.00276049 -0.000802692 -0.014067 0.00866524 0.0310175 0.999382 0.0787825 0.0463427 -0.0165528 0.0101965 0.0364987 1.70432
0.172922 0.00747703 0.000216045 0.00569962 -0.0185927 0.0134171 0.999721 0.0773275 -0.00106992 0.0300839 -0.0395367 -0.0255766 1.36346
0.311045 0.0129503 0.00881736 -0.00884531 -0.0432256 0.0257489 0.998694 0.0856329 0.00488556 -0.0169837 -0.0293113 0.0140391 1.70432
0.599649 0.0346005 0.0186958 0.0366698 0.00424542 0.0465109 0.998235 0.198385 0.0552704 0.0425159 0.047827 0.0218744 2.04519
1.05379 0.0951645 0.0348893 0.0197386 -0.0328236 0.0834163 0.995778 0.341202 0.0840106 -0.0175742 -0.0460632 0.0419825 1.70432
1.47716 0.176972 0.069582 0.0315179 -0.0430942 0.10934 0.99257 0.295052 -0.0339341 0.0173539 -0.0145046 0.0386315 1.36346
2.11675 0.354539 0.139619 0.0740541 -0.0481656 0.165633 0.982223 0.266136 -0.0121494 0.0342096 -0.00218924 0.0493531 2.38605
2.2931 0.41113 0.164974 0.0858577 -0.0638931 0.151796 0.982601 0.283701 0.0258306 0.0436432 -0.0366211 -0.0419167 0.681728
2.86316 0.631977 0.288653 0.0174433 -0.129537 0.235345 0.963083 0.0838303 -0.0587856 -0.0359344 -0.0491381 0.0442683 3.40864
3.29052 0.822538 0.386647 0.0380767 -0.0768619 0.187369 0.978537 0.22888 0.047402 0.00877959 0.0382229 -0.0302579 3.06778
3.54677 0.931799 0.427524 0.0747176 -0.0451816 0.221322 0.971284 0.102437 -0.0743782 0.0324723 0.0423962 0.045445 1.70432
3.66999 0.991941 0.44186 0.0661645 -0.0271959 0.234741 0.969422 0.0597669 -0.0251003 -0.0150076 0.0170482 0.0169464 1.70432
3.8313 1.06306 0.452936 0.0620674 -0.00877923 0.177161 0.982184 0.0442053 -0.00457693 -0.00445776 0.0123894 -0.0339672 3.40864
3.91549 1.09189 0.45526 0.0508744 3.48023e-05 0.154586 0.986669 0.0867184 0.0312596 -0.0185836 0.0119347 -0.0331203 1.36346
3.95448 1.10433 0.45586 0.0346869 -0.00137333 0.153023 0.987613 0.0336763 -0.0780031 -0.0464789 -0.011213 -0.00517375 0.681728
