0 0 0 0 0 0 1 6.94971e-310 0 0 0 0 0
0.0506093 -0.00100732 -0.00175768 -0.00628476 0.0260998 -0.0147946 0.99953 0.29797 0.876383 -0.036975 0.153552 -0.0870408 0.340864
0.147881 -0.00380777 -0.00647052 0.0185202 0.0220682 -0.0142238 0.999484 0.275125 -0.0671908 0.145594 -0.0258371 -0.000306951 0.340864
0.237433 -0.00619609 -0.0101442 0.0433135 0.0180227 -0.0136439 0.998806 0.25228 -0.0671908 0.145594 -0.0258371 -0.000306951 0.340864
0.319253 -0.00823521 -0.0128858 0.0680794 0.0139658 -0.0130555 0.997497 0.229436 -0.0671908 0.145594 -0.0258371 -0.000306951 0.340864
0.393332 -0.00997977 -0.0148059 0.0928023 0.00990013 -0.0124588 0.995557 0.206591 -0.0671908 0.145594 -0.0258371 -0.000306951 0.340864
0.459661 -0.0114759 -0.0160183 0.117467 0.00582817 -0.0118542 0.992989 0.183746 -0.0671908 0.145594 -0.0258371 -0.000306951 0.340864
0.518233 -0.0127613 -0.0166392 0.142057 0.00175251 -0.0112421 0.989793 0.160901 -0.0671908 0.145594 -0.0258371 -0.000306951 0.340864
0.569044 -0.0138645 -0.016787 0.166557 -0.00232424 -0.010623 0.985972 0.138056 -0.0671908 0.145594 -0.0258371 -0.000306951 0.340864
0.612088 -0.0148057 -0.0165812 0.190952 -0.00639953 -0.00999709 0.981528 0.115211 -0.0671908 0.145594 -0.0258371 -0.000306951 0.340864
0.654097 -0.0159035 -0.0153966 0.187423 -0.0257733 -0.0103199 0.981887 0.132098 0.0496673 -0.021907 -0.111282 -0.0237385 0.340864
0.701746 -0.0175189 -0.0122371 0.183821 -0.0451371 -0.0106387 0.981865 0.148985 0.0496673 -0.021907 -0.111282 -0.0237385 0.340864
0.754932 -0.0197242 -0.0066691 0.180148 -0.0644833 -0.0109533 0.981462 0.165872 0.0496673 -0.021907 -0.111282 -0.0237385 0.340864
0.813527 -0.0225856 0.00173687 0.176406 -0.0838045 -0.0112637 0.980679 0.182759 0.0496673 -0.021907 -0.111282 -0.0237385 0.340864
0.877376 -0.0261632 0.0134045 0.172594 -0.103093 -0.0115698 0.979515 0.199646 0.0496673 -0.021907 -0.111282 -0.0237385 0.340864
0.9463 -0.0305107 0.0287505 0.168716 -0.122342 -0.0118713 0.977971 0.216532 0.0496673 -0.021907 -0.111282 -0.0237385 0.340864
1.0201 -0.0356752 0.0481834 0.164772 -0.141543 -0.0121683 0.976047 0.233419 0.0496673 -0.021907 -0.111282 -0.0237385 0.340864
1.09439 -0.043267 0.0689304 0.177543 -0.142018 -0.0387508 0.97304 0.222557 -0.0319478 0.0983529 0.0196268 -0.142685 0.340864
1.16482 -0.0545697 0.0879079 0.190159 -0.142367 -0.0652994 0.969179 0.211695 -0.0319478 0.0983529 0.0196268 -0.142685 0.340864
1.23123 -0.0691294 0.105068 0.202607 -0.142592 -0.0917905 0.964465 0.200833 -0.0319478 0.0983529 0.0196268 -0.142685 0.340864
1.29349 -0.0864868 0.120386 0.214877 -0.142691 -0.118201 0.958903 0.18997 -0.0319478 0.0983529 0.0196268 -0.142685 0.340864
1.35151 -0.10618 0.13386 0.226958 -0.142664 -0.144507 0.952499 0.179108 -0.0319478 0.0983529 0.0196268 -0.142685 0.340864
1.40523 -0.127749 0.145508 0.238839 -0.142513 -0.170687 0.945258 0.168246 -0.0319478 0.0983529 0.0196268 -0.142685 0.340864
1.4546 -0.150735 0.155373 0.250511 -0.142236 -0.196716 0.937185 0.157384 -0.0319478 0.0983529 0.0196268 -0.142685 0.340864
1.49964 -0.174687 0.163516 0.261962 -0.141834 -0.222573 0.928289 0.146521 -0.0319478 0.0983529 0.0196268 -0.142685 0.340864
1.54722 -0.200859 0.170699 0.289912 -0.129812 -0.212654 0.924055 0.175699 0.0858162 0.166635 0.0102334 0.0904803 0.340864
1.60436 -0.230458 0.177274 0.31756 -0.117656 -0.202513 0.918859 0.204876 0.0858162 0.166635 0.0102334 0.0904803 0.340864
1.67132 -0.262922 0.182743 0.344876 -0.105377 -0.192161 0.912705 0.234054 0.0858162 0.166635 0.0102334 0.0904803 0.340864
1.7483 -0.29764 0.18665 0.371834 -0.092988 -0.181609 0.9056 0.263231 0.0858162 0.166635 0.0102334 0.0904803 0.340864
1.83547 -0.333949 0.188588 0.398403 -0.0805022 -0.170868 0.897551 0.292409 0.0858162 0.166635 0.0102334 0.0904803 0.340864
1.93299 -0.371141 0.188204 0.424558 -0.0679326 -0.159948 0.888567 0.321586 0.0858162 0.166635 0.0102334 0.0904803 0.340864
2.04098 -0.408467 0.185199 0.45027 -0.0552921 -0.148862 0.878658 0.350764 0.0858162 0.166635 0.0102334 0.0904803 0.340864
2.1595 -0.445148 0.179335 0.475514 -0.0425941 -0.137621 0.867832 0.379941 0.0858162 0.166635 0.0102334 0.0904803 0.340864
2.28862 -0.480372 0.170436 0.500261 -0.0298516 -0.126236 0.856103 0.409119 0.0858162 0.166635 0.0102334 0.0904803 0.340864
2.42834 -0.513307 0.158391 0.524488 -0.0170781 -0.11472 0.843481 0.438296 0.0858162 0.166635 0.0102334 0.0904803 0.340864
2.52409 -0.533276 0.150101 0.503274 -0.0164512 -0.102152 0.85791 0.139161 -0.87981 -0.150631 -0.0199034 0.0719094 0.340864
2.56848 -0.542071 0.146698 0.495071 -0.0161583 -0.104277 0.862421 0.127779 -0.0334753 -0.0543673 0.0131343 -0.00793979 0.340864
2.60905 -0.550284 0.143555 0.486823 -0.0158639 -0.106392 0.866852 0.116398 -0.0334753 -0.0543673 0.0131343 -0.00793979 0.340864
2.6458 -0.557883 0.140679 0.47853 -0.0155681 -0.108498 0.871203 0.105016 -0.0334753 -0.0543673 0.0131343 -0.00793979 0.340864
2.67875 -0.564838 0.138079 0.470193 -0.0152708 -0.110593 0.875474 0.0936346 -0.0334753 -0.0543673 0.0131343 -0.00793979 0.340864
2.70789 -0.571116 0.135762 0.461812 -0.0149721 -0.112678 0.879664 0.082253 -0.0334753 -0.0543673 0.0131343 -0.00793979 0.340864
2.73324 -0.576688 0.133733 0.453389 -0.0146721 -0.114753 0.883773 0.0708714 -0.0334753 -0.0543673 0.0131343 -0.00793979 0.340864
2.75479 -0.581522 0.131999 0.444924 -0.0143707 -0.116817 0.887801 0.0594898 -0.0334753 -0.0543673 0.0131343 -0.00793979 0.340864
2.77257 -0.585586 0.130562 0.436418 -0.0140679 -0.118871 0.891746 0.0481081 -0.0334753 -0.0543673 0.0131343 -0.00793979 0.340864
2.78657 -0.588849 0.129426 0.427872 -0.0137639 -0.120914 0.89561 0.0367265 -0.0334753 -0.0543673 0.0131343 -0.00793979 0.340864
2.79681 -0.591279 0.128594 0.419286 -0.0134586 -0.122945 0.89939 0.0253449 -0.0334753 -0.0543673 0.0131343 -0.00793979 0.340864
2.80779 -0.593935 0.127963 0.437679 -0.0362674 -0.115014 0.891007 0.0412482 0.0467744 0.100877 -0.154222 -0.0189071 0.340864
2.82403 -0.597943 0.127736 0.455637 -0.0590402 -0.106969 0.881741 0.0571515 0.0467744 0.100877 -0.154222 -0.0189071 0.340864
2.84547 -0.603389 0.128372 0.473144 -0.0817545 -0.0988185 0.871599 0.0730548 0.0467744 0.100877 -0.154222 -0.0189071 0.340864
2.87204 -0.610384 0.130318 0.490182 -0.104388 -0.0905696 0.860594 0.0889581 0.0467744 0.100877 -0.154222 -0.0189071 0.340864
2.90361 -0.619057 0.134013 0.506733 -0.126917 -0.0822309 0.848735 0.104861 0.0467744 0.100877 -0.154222 -0.0189071 0.340864
2.96734 -0.636975 0.143571 0.524938 -0.136675 -0.0742426 0.836808 0.288594 0.54039 0.115767 -0.0902461 0.0186209 0.340864
3.05434 -0.664266 0.155116 0.507097 -0.128943 -0.116469 0.844192 0.252174 -0.107118 -0.073321 0.182241 -0.19517 0.340864
3.12839 -0.692632 0.161131 0.488134 -0.120926 -0.158437 0.849706 0.215754 -0.107118 -0.073321 0.182241 -0.19517 0.340864
3.18941 -0.720588 0.163034 0.468088 -0.112641 -0.200053 0.853337 0.179333 -0.107118 -0.073321 0.182241 -0.19517 0.340864
3.23759 -0.746622 0.162168 0.447005 -0.104107 -0.241227 0.855077 0.142913 -0.107118 -0.073321 0.182241 -0.19517 0.340864
3.27337 -0.769222 0.159774 0.424932 -0.0953415 -0.281866 0.854923 0.106493 -0.107118 -0.073321 0.182241 -0.19517 0.340864
3.34004 -0.817201 0.15272 0.433989 -0.100423 -0.300944 0.843209 0.37851 0.80005 0.0771106 0.000545176 -0.123001 0.340864
3.40782 -0.866162 0.146639 0.430686 -0.113394 -0.276214 0.851679 0.114692 -0.775935 -0.0755885 -0.116634 0.102606 0.340864
3.44449 -0.890015 0.14485 0.412915 -0.0989156 -0.253717 0.869106 0.142872 0.0828817 -0.124692 0.0560489 0.16589 0.340864
3.49071 -0.916617 0.142984 0.394592 -0.0843052 -0.23088 0.885372 0.171052 0.0828817 -0.124692 0.0560489 0.16589 0.340864
3.54686 -0.944968 0.140993 0.375743 -0.0695821 -0.207735 0.900456 0.199231 0.0828817 -0.124692 0.0560489 0.16589 0.340864
3.61327 -0.974037 0.138759 0.356392 -0.0547662 -0.184313 0.914338 0.227411 0.0828817 -0.124692 0.0560489 0.16589 0.340864
3.69013 -1.00277 0.136088 0.336565 -0.0398771 -0.160644 0.926999 0.255591 0.0828817 -0.124692 0.0560489 0.16589 0.340864
3.77757 -1.03011 0.132714 0.316288 -0.0249348 -0.136762 0.938422 0.283771 0.0828817 -0.124692 0.0560489 0.16589 0.340864
3.87315 -1.05454 0.131981 0.306231 -0.0461274 -0.102783 0.945267 0.296701 0.038032 -0.090312 -0.171158 0.152211 0.340864
3.97402 -1.07478 0.137761 0.295637 -0.0672392 -0.068625 0.950457 0.309632 0.038032 -0.090312 -0.171158 0.152211 0.340864
4.0796 -1.09015 0.150482 0.284526 -0.0882332 -0.0343465 0.953981 0.322563 0.038032 -0.090312 -0.171158 0.152211 0.340864
4.18919 -1.09994 0.170509 0.272916 -0.109073 -7.79585e-06 0.955835 0.335494 0.038032 -0.090312 -0.171158 0.152211 0.340864
4.28364 -1.1036 0.192585 0.292684 -0.121818 0.0306027 0.947924 0.235575 -0.29388 0.104233 -0.125915 0.164372 0.340864
4.34444 -1.10315 0.209478 0.311997 -0.134375 0.0611656 0.938541 0.135656 -0.29388 0.104233 -0.125915 0.164372 0.340864
4.37212 -1.10175 0.218436 0.330826 -0.146723 0.0916335 0.927701 0.0357365 -0.29388 0.104233 -0.125915 0.164372 0.340864
4.40292 -1.09866 0.230288 0.349153 -0.158761 0.118612 0.91587 0.159266 0.363321 0.10626 -0.118551 0.146026 0.340864
4.47129 -1.08937 0.260054 0.367008 -0.170584 0.145431 0.902804 0.282795 0.363321 0.10626 -0.118551 0.146026 0.340864
4.57514 -1.07149 0.311203 0.384369 -0.182178 0.172054 0.888521 0.406324 0.363321 0.10626 -0.118551 0.146026 0.340864
4.67198 -1.05214 0.359496 0.362746 -0.163977 0.170188 0.901423 0.240385 -0.488057 -0.158636 0.0913048 -0.00482773 0.340864
4.71981 -1.04164 0.381085 0.340771 -0.145617 0.168158 0.913452 0.0744456 -0.488057 -0.158636 0.0913048 -0.00482773 0.340864
4.74435 -1.03575 0.390889 0.333962 -0.125927 0.168936 0.918734 0.084821 0.0305159 -0.0673222 0.102033 0.0325963 0.340864
4.77237 -1.02855 0.400845 0.326999 -0.10618 0.169637 0.923591 0.0951964 0.0305159 -0.0673222 0.102033 0.0325963 0.340864
4.8039 -1.01993 0.410671 0.319884 -0.0863829 0.170259 0.928022 0.105572 0.0305159 -0.0673222 0.102033 0.0325963 0.340864
4.83893 -1.0098 0.420078 0.312622 -0.0665462 0.170802 0.932023 0.115947 0.0305159 -0.0673222 0.102033 0.0325963 0.340864
4.87744 -0.998081 0.428774 0.305215 -0.0466788 0.171266 0.935592 0.126323 0.0305159 -0.0673222 0.102033 0.0325963 0.340864
4.9194 -0.984697 0.436463 0.297666 -0.0267898 0.171651 0.938729 0.136698 0.0305159 -0.0673222 0.102033 0.0325963 0.340864
4.96476 -0.969588 0.442849 0.28998 -0.00688834 0.171956 0.941432 0.147073 0.0305159 -0.0673222 0.102033 0.0325963 0.340864
5.01346 -0.952701 0.447635 0.28216 0.0130163 0.172182 0.9437 0.157449 0.0305159 -0.0673222 0.102033 0.0325963 0.340864
5.06541 -0.933996 0.450523 0.27421 0.0329148 0.172329 0.945531 0.167824 0.0305159 -0.0673222 0.102033 0.0325963 0.340864
5.12052 -0.913443 0.451218 0.266132 0.0527982 0.172395 0.946924 0.1782 0.0305159 -0.0673222 0.102033 0.0325963 0.340864
5.20837 -0.87759 0.451058 0.259491 0.0519125 0.195378 0.94435 0.380007 0.593551 -0.0249308 -0.0468518 0.131314 0.340864
5.33268 -0.823579 0.452095 0.24892 0.0462637 0.19964 0.946595 0.417258 0.109563 -0.0543573 -0.0507216 0.0157031 0.340864
5.46825 -0.763765 0.454471 0.238307 0.0406071 0.203869 0.948682 0.45451 0.109563 -0.0543573 -0.0507216 0.0157031 0.340864
5.615 -0.697995 0.458376 0.227654 0.0349438 0.208064 0.950611 0.491762 0.109563 -0.0543573 -0.0507216 0.0157031 0.340864
5.75991 -0.636687 0.459345 0.238405 0.0537634 0.178895 0.953032 0.433981 -0.169943 0.0278482 0.156992 -0.14311 0.340864
5.88906 -0.589231 0.453846 0.248838 0.0725118 0.149489 0.954188 0.376201 -0.169943 0.0278482 0.156992 -0.14311 0.340864
6.00124 -0.553888 0.443551 0.258942 0.0911639 0.119884 0.954079 0.31842 -0.169943 0.0278482 0.156992 -0.14311 0.340864
6.0955 -0.528879 0.430226 0.268703 0.109695 0.0901204 0.952704 0.26064 -0.169943 0.0278482 0.156992 -0.14311 0.340864
6.17116 -0.512405 0.415715 0.278106 0.128081 0.0602372 0.950065 0.202859 -0.169943 0.0278482 0.156992 -0.14311 0.340864
6.25645 -0.496105 0.395666 0.25056 0.139481 0.0576723 0.956263 0.321416 0.348695 -0.170081 0.0534874 0.0228776 0.340864
6.38483 -0.475353 0.362661 0.250162 0.140582 0.0322222 0.957401 0.467912 0.430871 -0.0251745 0.0426352 -0.141612 0.340864
6.51788 -0.456008 0.325565 0.227489 0.155133 0.0391318 0.960547 0.35253 -0.339356 -0.129379 0.0648919 0.0784902 0.340864
6.61251 -0.44081 0.296187 0.204638 0.169563 0.0460109 0.962941 0.237149 -0.339356 -0.129379 0.0648919 0.0784902 0.340864
6.66945 -0.430869 0.276656 0.181627 0.18386 0.0528538 0.96458 0.121768 -0.339356 -0.129379 0.0648919 0.0784902 0.340864
6.68955 -0.427119 0.269134 0.158473 0.198013 0.0596554 0.965463 0.00638721 -0.339356 -0.129379 0.0648919 0.0784902 0.340864
6.70047 -0.425374 0.26525 0.187127 0.168665 0.0354529 0.967098 0.0625806 0.165275 0.143369 -0.136012 -0.198833 0.340864
6.72983 -0.422159 0.256442 0.215356 0.138934 0.0111699 0.966537 0.118774 0.165275 0.143369 -0.136012 -0.198833 0.340864
6.77825 -0.419508 0.24454 0.243096 0.108888 -0.0131384 0.963782 0.174967 0.165275 0.143369 -0.136012 -0.198833 0.340864
6.84598 -0.419639 0.231259 0.270284 0.0785942 -0.0374169 0.958838 0.231161 0.165275 0.143369 -0.136012 -0.198833 0.340864
6.93297 -0.424916 0.218164 0.296858 0.048122 -0.0616105 0.951716 0.287354 0.165275 0.143369 -0.136012 -0.198833 0.340864
7.0388 -0.437807 0.206643 0.322758 0.0175406 -0.0856641 0.942434 0.343547 0.165275 0.143369 -0.136012 -0.198833 0.340864
7.10899 -0.448134 0.200604 0.303562 0.0170337 -0.0776185 0.949492 0.0752998 -0.788963 -0.11925 -0.0091415 0.0491819 0.340864
7.1718 -0.45894 0.195256 0.317185 0.0107616 -0.104458 0.942532 0.300977 0.663755 0.0829767 0.00737377 -0.165676 0.340864
7.28773 -0.483795 0.187381 0.328071 -0.0149179 -0.115647 0.937429 0.398083 0.285609 0.0533938 -0.127884 -0.11379 0.340864
7.43485 -0.521111 0.183084 0.338651 -0.0405835 -0.126729 0.931455 0.49519 0.285609 0.0533938 -0.127884 -0.11379 0.340864
7.54807 -0.554109 0.184692 0.33344 -0.0730382 -0.135624 0.930102 0.198715 -0.871985 -0.047934 -0.156572 -0.115668 0.340864
7.6122 -0.572796 0.188454 0.313906 -0.0730741 -0.112414 0.93994 0.194853 -0.011361 -0.136197 -0.0259159 0.126397 0.340864
7.67575 -0.588197 0.193481 0.294052 -0.0730358 -0.0890885 0.948822 0.19099 -0.011361 -0.136197 -0.0259159 0.126397 0.340864
7.73857 -0.600344 0.199589 0.273899 -0.0729231 -0.0656727 0.956738 0.187127 -0.011361 -0.136197 -0.0259159 0.126397 0.340864
7.8005 -0.609289 0.2066 0.253468 -0.0727363 -0.0421903 0.963682 0.183265 -0.011361 -0.136197 -0.0259159 0.126397 0.340864
7.86138 -0.615098 0.214337 0.232779 -0.0724755 -0.0186648 0.969646 0.179402 -0.011361 -0.136197 -0.0259159 0.126397 0.340864
7.92108 -0.617851 0.22263 0.211853 -0.072141 0.00487956 0.974623 0.175539 -0.011361 -0.136197 -0.0259159 0.126397 0.340864
7.98565 -0.620428 0.232341 0.225904 -0.0817057 -0.010246 0.970663 0.208893 0.0980988 0.0921915 -0.0372664 -0.0925672 0.340864
8.06114 -0.626197 0.244557 0.239834 -0.0912268 -0.025366 0.966185 0.242246 0.0980988 0.0921915 -0.0372664 -0.0925672 0.340864
8.14735 -0.635987 0.259415 0.253637 -0.100699 -0.0404726 0.961192 0.2756 0.0980988 0.0921915 -0.0372664 -0.0925672 0.340864
8.24405 -0.650626 0.277013 0.267304 -0.110118 -0.0555575 0.955686 0.308953 0.0980988 0.0921915 -0.0372664 -0.0925672 0.340864
8.35095 -0.670937 0.297405 0.280829 -0.119478 -0.0706128 0.94967 0.342307 0.0980988 0.0921915 -0.0372664 -0.0925672 0.340864
8.46774 -0.697734 0.3206 0.294204 -0.128774 -0.0856305 0.943148 0.375661 0.0980988 0.0921915 -0.0372664 -0.0925672 0.340864
8.59405 -0.731819 0.346566 0.307422 -0.138002 -0.100602 0.936123 0.409014 0.0980988 0.0921915 -0.0372664 -0.0925672 0.340864
8.72951 -0.773979 0.375225 0.320476 -0.147156 -0.115521 0.928599 0.442368 0.0980988 0.0921915 -0.0372664 -0.0925672 0.340864
8.87366 -0.824981 0.406456 0.333359 -0.156231 -0.130378 0.920579 0.475721 0.0980988 0.0921915 -0.0372664 -0.0925672 0.340864
8.97165 -0.861875 0.428185 0.312593 -0.156559 -0.133807 0.927292 0.153349 -0.948153 -0.122725 0.0270486 -0.033153 0.340864
9.04961 -0.890673 0.442479 0.322603 -0.12397 -0.138792 0.92806 0.342762 0.557095 0.083451 0.179792 0.042568 0.340864
9.10931 -0.911227 0.450781 0.29177 -0.0984368 -0.126909 0.942907 0.0318738 -0.914377 -0.184379 0.15289 0.102994 0.340864
9.16402 -0.928292 0.456857 0.272357 -0.0909003 -0.129729 0.949068 0.307135 0.809593 -0.110999 0.0647055 -0.00934838 0.340864
9.2598 -0.959813 0.467328 0.263075 -0.0955526 -0.145455 0.948949 0.289207 -0.0527294 -0.046776 0.00624257 -0.100309 0.340864
9.35199 -0.989291 0.476073 0.261732 -0.0739289 -0.126412 0.953966 0.282575 -0.0195059 -0.00745825 0.0952173 0.143322 0.340864
9.44358 -1.01364 0.481741 0.260166 -0.0522418 -0.10726 0.958165 0.275943 -0.0195059 -0.00745825 0.0952173 0.143322 0.340864
9.53417 -1.03301 0.484415 0.258376 -0.0305099 -0.0880166 0.961542 0.269311 -0.0195059 -0.00745825 0.0952173 0.143322 0.340864
9.62341 -1.04759 0.484191 0.256365 -0.00875182 -0.0686976 0.964096 0.262679 -0.0195059 -0.00745825 0.0952173 0.143322 0.340864
9.71097 -1.05754 0.481176 0.254135 0.0130137 -0.0493197 0.965823 0.256047 -0.0195059 -0.00745825 0.0952173 0.143322 0.340864
9.79652 -1.06309 0.475491 0.251686 0.0347681 -0.0298996 0.966722 0.249415 -0.0195059 -0.00745825 0.0952173 0.143322 0.340864
9.87976 -1.06446 0.467268 0.249022 0.0564927 -0.0104538 0.966792 0.242783 -0.0195059 -0.00745825 0.0952173 0.143322 0.340864
9.96043 -1.06186 0.456647 0.246144 0.0781689 0.00900092 0.966034 0.236151 -0.0195059 -0.00745825 0.0952173 0.143322 0.340864
10.0383 -1.05557 0.443779 0.243055 0.0997781 0.0284479 0.964448 0.229519 -0.0195059 -0.00745825 0.0952173 0.143322 0.340864
10.1249 -1.04389 0.42679 0.231235 0.117451 0.0529977 0.964327 0.294409 0.190853 -0.0554423 0.0632643 0.171531 0.340864
10.216 -1.02668 0.408169 0.197991 0.116289 0.0838228 0.969665 0.261599 -0.096501 -0.174242 -0.0625921 0.194647 0.340864
10.2955 -1.00717 0.392419 0.164334 0.114885 0.114473 0.972981 0.228789 -0.096501 -0.174242 -0.0625921 0.194647 0.340864
10.3815 -0.985207 0.378102 0.192477 0.0891247 0.0998816 0.972128 0.300464 0.210811 0.169434 -0.113834 -0.126895 0.340864
10.4926 -0.961153 0.365644 0.2203 0.0632159 0.0851233 0.969652 0.37214 0.210811 0.169434 -0.113834 -0.126895 0.340864
10.6289 -0.93713 0.357292 0.247754 0.0372017 0.0702229 0.965558 0.443816 0.210811 0.169434 -0.113834 -0.126895 0.340864
10.7751 -0.912517 0.346895 0.216257 0.0699981 0.0752793 0.97091 0.430534 -0.0390646 -0.199206 0.164783 0.0812265 0.340864
10.9153 -0.885766 0.327195 0.184301 0.102646 0.080176 0.974202 0.417252 -0.0390646 -0.199206 0.164783 0.0812265 0.340864
11.0179 -0.865848 0.307275 0.174504 0.119243 0.0701476 0.974889 0.208742 -0.613265 -0.0707814 0.100956 -0.0338861 0.340864
11.052 -0.859704 0.299444 0.164623 0.135784 0.0600861 0.975116 0.000231736 -0.613265 -0.0707814 0.100956 -0.0338861 0.340864
11.06 -0.858117 0.297656 0.125431 0.113924 0.0905274 0.981373 0.0486087 0.142285 -0.198923 -0.173807 0.182624 0.340864
11.0836 -0.852368 0.293254 0.085865 0.0917235 0.120699 0.984706 0.0969857 0.142285 -0.198923 -0.173807 0.182624 0.340864
11.1228 -0.840846 0.287499 0.0460431 0.0692501 0.150511 0.985105 0.145363 0.142285 -0.198923 -0.173807 0.182624 0.340864
11.1769 -0.821847 0.281457 0.00608408 0.0465704 0.179874 0.982568 0.19374 0.142285 -0.198923 -0.173807 0.182624 0.340864
11.2451 -0.793613 0.275972 -0.0338931 0.0237519 0.208701 0.977103 0.242117 0.142285 -0.198923 -0.173807 0.182624 0.340864
11.3266 -0.754377 0.271643 -0.0737693 0.000862653 0.236907 0.968727 0.290494 0.142285 -0.198923 -0.173807 0.182624 0.340864
11.423 -0.704133 0.264671 -0.0650965 0.030092 0.241609 0.96772 0.350133 0.175409 0.00827627 0.18072 0.01547 0.340864
11.5362 -0.643904 0.249593 -0.0563616 0.0592926 0.24608 0.965791 0.409772 0.175409 0.00827627 0.18072 0.01547 0.340864
11.6656 -0.573477 0.224355 -0.0475731 0.0884368 0.250317 0.962942 0.469411 0.175409 0.00827627 0.18072 0.01547 0.340864
11.784 -0.504674 0.195728 -0.0201746 0.106896 0.269475 0.956844 0.353822 -0.339968 0.136309 0.153472 0.0981013 0.340864
11.8664 -0.45143 0.173167 0.00725397 0.125194 0.288229 0.949314 0.238233 -0.339968 0.136309 0.153472 0.0981013 0.340864
11.9148 -0.416718 0.158419 0.0346717 0.143306 0.306553 0.940365 0.122644 -0.339968 0.136309 0.153472 0.0981013 0.340864
11.9315 -0.4035 0.152851 0.0620376 0.161203 0.324418 0.93001 0.00705468 -0.339968 0.136309 0.153472 0.0981013 0.340864
11.9483 -0.388974 0.14676 0.0899754 0.175956 0.325733 0.924577 0.128515 0.357237 0.127936 0.138715 -0.00354972 0.340864
11.9946 -0.347795 0.129371 0.117821 0.190527 0.326712 0.918192 0.249976 0.357237 0.127936 0.138715 -0.00354972 0.340864
12.0694 -0.279048 0.100247 0.145544 0.204902 0.327355 0.910863 0.371437 0.357237 0.127936 0.138715 -0.00354972 0.340864
12.1715 -0.181788 0.0590782 0.173119 0.219066 0.327661 0.902595 0.492897 0.357237 0.127936 0.138715 -0.00354972 0.340864
12.2886 -0.0748696 0.0195459 0.197277 0.177432 0.311867 0.912326 0.468779 -0.070937 0.178328 -0.171021 -0.17622 0.340864
12.4076 0.0216776 -0.00529708 0.22091 0.135325 0.295243 0.919629 0.44466 -0.070937 0.178328 -0.171021 -0.17622 0.340864
12.5266 0.107241 -0.0167177 0.243955 0.0928589 0.277833 0.924485 0.420542 -0.070937 0.178328 -0.171021 -0.17622 0.340864
12.62 0.172611 -0.0249364 0.232206 0.133671 0.284445 0.920491 0.252181 -0.495178 -0.121288 0.195495 0.107501 0.340864
12.6651 0.206624 -0.0332834 0.220024 0.174234 0.290527 0.914782 0.0838207 -0.495178 -0.121288 0.195495 0.107501 0.340864
12.6824 0.219507 -0.0368473 0.22567 0.136297 0.273164 0.925137 0.0446212 -0.115293 0.0640341 -0.18269 -0.166066 0.340864
12.6894 0.224191 -0.037745 0.230891 0.0981045 0.255287 0.933752 0.00542169 -0.115293 0.0640341 -0.18269 -0.166066 0.340864
12.7004 0.230764 -0.0386409 0.247481 0.103631 0.244092 0.931898 0.0701114 0.190264 0.078887 0.071549 -0.0607799 0.340864
12.7305 0.248094 -0.0413059 0.263963 0.109112 0.23279 0.929638 0.134801 0.190264 0.078887 0.071549 -0.0607799 0.340864
12.7801 0.275488 -0.0460979 0.28033 0.114547 0.221387 0.926974 0.199491 0.190264 0.078887 0.071549 -0.0607799 0.340864
12.8494 0.312255 -0.0534154 0.296576 0.119931 0.209888 0.923908 0.26418 0.190264 0.078887 0.071549 -0.0607799 0.340864
12.9388 0.357712 -0.063696 0.312693 0.125263 0.198298 0.92044 0.32887 0.190264 0.078887 0.071549 -0.0607799 0.340864
13.0485 0.411186 -0.0774149 0.328674 0.130541 0.186622 0.916572 0.39356 0.190264 0.078887 0.071549 -0.0607799 0.340864
13.1787 0.472013 -0.0950834 0.344512 0.135762 0.174865 0.912306 0.458249 0.190264 0.078887 0.071549 -0.0607799 0.340864
13.2738 0.513908 -0.107033 0.344711 0.114799 0.165989 0.916757 0.157127 -0.885654 0.00651982 -0.0978695 -0.0948619 0.340864
13.3071 0.527818 -0.110975 0.333291 0.127226 0.162154 0.92002 0.0562771 -0.296617 -0.0829236 0.0614396 0.00904695 0.340864
13.3629 0.548734 -0.117832 0.31975 0.105024 0.139316 0.931301 0.29671 0.707155 -0.0913342 -0.0967562 -0.16779 0.340864
13.4258 0.571585 -0.126236 0.307349 0.12961 0.148388 0.930977 0.0997574 -0.579272 -0.0818827 0.107676 0.103883 0.340864
13.4537 0.582192 -0.13031 0.277124 0.107473 0.152239 0.94259 0.0778593 -0.0644063 -0.164305 -0.163472 -0.00602538 0.340864
13.475 0.589991 -0.132649 0.246467 0.0851688 0.155854 0.952738 0.0559611 -0.0644063 -0.164305 -0.163472 -0.00602538 0.340864
13.4893 0.595136 -0.133722 0.215428 0.0627324 0.159226 0.961406 0.034063 -0.0644063 -0.164305 -0.163472 -0.00602538 0.340864
13.4968 0.59774 -0.134019 0.184054 0.0401985 0.162352 0.968581 0.0121649 -0.0644063 -0.164305 -0.163472 -0.00602538 0.340864
13.5142 0.603629 -0.133638 0.185622 0.00820191 0.159929 0.969484 0.0963543 0.247616 0.0379474 -0.178426 -0.0496879 0.340864
13.5589 0.617932 -0.129997 0.186999 -0.0238032 0.157341 0.969386 0.180544 0.247616 0.0379474 -0.178426 -0.0496879 0.340864
13.6307 0.639639 -0.119583 0.188182 -0.0557837 0.15459 0.968286 0.264733 0.247616 0.0379474 -0.178426 -0.0496879 0.340864
13.729 0.667679 -0.0989291 0.189171 -0.0877066 0.15168 0.966186 0.348923 0.247616 0.0379474 -0.178426 -0.0496879 0.340864
13.853 0.700926 -0.0646365 0.189964 -0.119539 0.148613 0.963088 0.433112 0.247616 0.0379474 -0.178426 -0.0496879 0.340864
