1.83547 -0.333949 0.188588 0.398403 -0.0805022 -0.170868 0.897551 0.292409 0 0 0 0 0
1.93133 -0.372362 0.191559 0.373634 -0.0951004 -0.165933 0.907645 0.315368 0.0675264 -0.171471 -0.0589726 -0.00974183 0.340864
2.03419 -0.413702 0.199227 0.348508 -0.109608 -0.160839 0.916875 0.338327 0.0675264 -0.171471 -0.0589726 -0.00974183 0.340864
2.13984 -0.45848 0.212655 0.347919 -0.142343 -0.166995 0.911484 0.341379 0.00897677 -0.01913 -0.166886 -0.105807 0.340864
2.23482 -0.498447 0.229929 0.336048 -0.153728 -0.1394 0.918698 0.273325 -0.200158 -0.11272 -0.0998322 0.121822 0.340864
2.30946 -0.52592 0.247004 0.323813 -0.164946 -0.111655 0.924917 0.205271 -0.200158 -0.11272 -0.0998322 0.121822 0.340864
2.3661 -0.543881 0.261185 0.308671 -0.155052 -0.0947374 0.933652 0.154112 -0.150469 -0.108954 0.0400311 0.101944 0.340864
2.40716 -0.554958 0.271218 0.293315 -0.145052 -0.0777548 0.941743 0.102953 -0.150469 -0.108954 0.0400311 0.101944 0.340864
2.43217 -0.560566 0.277148 0.277757 -0.134951 -0.0607185 0.949185 0.0517932 -0.150469 -0.108954 0.0400311 0.101944 0.340864
2.44072 -0.562137 0.279112 0.262008 -0.124757 -0.0436404 0.955972 0.00063388 -0.150469 -0.108954 0.0400311 0.101944 0.340864
2.44812 -0.563099 0.280558 0.233 -0.100146 -0.0355944 0.966651 0.0440627 0.127732 -0.179215 0.141317 0.0646475 0.340864
2.4701 -0.565291 0.284011 0.203613 -0.0753724 -0.0274905 0.975759 0.0874915 0.127732 -0.179215 0.141317 0.0646475 0.340864
2.5069 -0.567846 0.288205 0.173896 -0.0504761 -0.019342 0.983279 0.13092 0.127732 -0.179215 0.141317 0.0646475 0.340864
2.55627 -0.571324 0.291728 0.158682 -0.031873 -0.0373837 0.986107 0.160993 0.0884477 -0.0834268 0.128645 -0.0895333 0.340864
2.6158 -0.577242 0.293522 0.143324 -0.0132409 -0.0553915 0.988036 0.191065 0.0884477 -0.0834268 0.128645 -0.0895333 0.340864
2.68528 -0.586265 0.292811 0.127835 0.00540326 -0.0733487 0.989065 0.221137 0.0884477 -0.0834268 0.128645 -0.0895333 0.340864
2.76444 -0.599087 0.288856 0.11223 0.0240425 -0.0912392 0.989192 0.251209 0.0884477 -0.0834268 0.128645 -0.0895333 0.340864
2.85292 -0.616418 0.280965 0.0965226 0.0426599 -0.109046 0.988419 0.281281 0.0884477 -0.0834268 0.128645 -0.0895333 0.340864
2.94559 -0.636379 0.270205 0.0928793 0.0503342 -0.111574 0.988125 0.279884 -0.00410989 -0.0167277 0.0484666 -0.00961304 0.340864
3.03754 -0.656606 0.258095 0.0892287 0.0580045 -0.114093 0.987753 0.278487 -0.00410989 -0.0167277 0.0484666 -0.00961304 0.340864
3.12875 -0.677102 0.244656 0.0855711 0.0656703 -0.116603 0.987304 0.277089 -0.00410989 -0.0167277 0.0484666 -0.00961304 0.340864
3.2192 -0.697872 0.229909 0.0819068 0.0733309 -0.119103 0.986777 0.275692 -0.00410989 -0.0167277 0.0484666 -0.00961304 0.340864
3.30851 -0.717137 0.217096 0.115416 0.0449754 -0.103986 0.986835 0.267105 -0.0252571 0.1812 -0.195447 0.0596928 0.340864
3.39602 -0.733406 0.209397 0.148677 0.016523 -0.0886454 0.984766 0.258517 -0.0252571 0.1812 -0.195447 0.0596928 0.340864
3.48131 -0.747106 0.206692 0.181617 -0.011965 -0.0731133 0.980575 0.24993 -0.0252571 0.1812 -0.195447 0.0596928 0.340864
3.56399 -0.75865 0.208803 0.214166 -0.0404273 -0.0574236 0.974269 0.241342 -0.0252571 0.1812 -0.195447 0.0596928 0.340864
3.64369 -0.768441 0.215497 0.246254 -0.0688024 -0.0416102 0.965864 0.232755 -0.0252571 0.1812 -0.195447 0.0596928 0.340864
3.72011 -0.776859 0.226493 0.27781 -0.0970292 -0.025707 0.955377 0.224167 -0.0252571 0.1812 -0.195447 0.0596928 0.340864
3.79297 -0.784261 0.241465 0.308768 -0.125047 -0.00974848 0.942831 0.21558 -0.0252571 0.1812 -0.195447 0.0596928 0.340864
3.86202 -0.790979 0.26005 0.33906 -0.152795 0.00623108 0.928253 0.206993 -0.0252571 0.1812 -0.195447 0.0596928 0.340864
3.93415 -0.796902 0.284018 0.369946 -0.172177 0.0343801 0.912312 0.241532 0.101587 0.175925 -0.175242 0.143447 0.340864
4.01589 -0.801508 0.316247 0.399954 -0.191151 0.0624475 0.894203 0.276071 0.101587 0.175925 -0.175242 0.143447 0.340864
4.1064 -0.804604 0.357981 0.429011 -0.20967 0.0903665 0.873969 0.310611 0.101587 0.175925 -0.175242 0.143447 0.340864
4.20332 -0.805419 0.40203 0.403499 -0.176654 0.0830365 0.893917 0.315774 0.0151853 -0.190079 0.199346 0.00356732 0.340864
4.30464 -0.803452 0.43999 0.377102 -0.143251 0.0755245 0.911904 0.320937 0.0151853 -0.190079 0.199346 0.00356732 0.340864
4.40997 -0.799066 0.471296 0.349878 -0.109533 0.0678468 0.927893 0.3261 0.0151853 -0.190079 0.199346 0.00356732 0.340864
4.51887 -0.792671 0.495429 0.321887 -0.0755759 0.0600204 0.941846 0.331263 0.0151853 -0.190079 0.199346 0.00356732 0.340864
4.63087 -0.784714 0.511923 0.29319 -0.0414527 0.0520624 0.953735 0.336426 0.0151853 -0.190079 0.199346 0.00356732 0.340864
4.71286 -0.779402 0.522088 0.262788 -0.0610591 0.0429442 0.961962 0.150585 -0.54659 -0.176564 -0.1016 -0.0949245 0.340864
4.76709 -0.776715 0.53012 0.283909 -0.0664779 0.0445268 0.955507 0.1723 0.0638675 0.130306 -0.0300948 0.00979595 0.340864
4.82851 -0.773883 0.539991 0.304883 -0.0718622 0.0460862 0.948556 0.194015 0.0638675 0.130306 -0.0300948 0.00979595 0.340864
4.89709 -0.770993 0.551868 0.325698 -0.0772092 0.0476216 0.941112 0.21573 0.0638675 0.130306 -0.0300948 0.00979595 0.340864
4.96921 -0.767874 0.565711 0.355422 -0.0859079 0.0572257 0.928989 0.216687 0.00281388 0.18589 -0.0637482 0.0534087 0.340864
5.04128 -0.764363 0.581391 0.384721 -0.0945037 0.0667612 0.915752 0.217644 0.00281388 0.18589 -0.0637482 0.0534087 0.340864
5.11323 -0.760579 0.598937 0.413558 -0.102986 0.0762167 0.901418 0.2186 0.00281388 0.18589 -0.0637482 0.0534087 0.340864
5.18503 -0.75664 0.618366 0.441899 -0.111345 0.0855809 0.886004 0.219557 0.00281388 0.18589 -0.0637482 0.0534087 0.340864
5.25663 -0.752671 0.639689 0.469711 -0.119571 0.0948425 0.869528 0.220514 0.00281388 0.18589 -0.0637482 0.0534087 0.340864
5.32798 -0.748793 0.662906 0.49696 -0.127653 0.10399 0.85201 0.221471 0.00281388 0.18589 -0.0637482 0.0534087 0.340864
5.39905 -0.745134 0.688009 0.523614 -0.135583 0.113014 0.833471 0.222427 0.00281388 0.18589 -0.0637482 0.0534087 0.340864
5.47991 -0.741753 0.717415 0.538249 -0.134962 0.107888 0.824884 0.284081 0.181334 0.101878 0.0217139 -0.00583558 0.340864
5.58072 -0.738999 0.75336 0.552714 -0.134298 0.102729 0.816038 0.345734 0.181334 0.101878 0.0217139 -0.00583558 0.340864
5.7016 -0.737417 0.795536 0.567005 -0.133592 0.0975374 0.806935 0.407388 0.181334 0.101878 0.0217139 -0.00583558 0.340864
5.84262 -0.737534 0.843611 0.581119 -0.132844 0.0923151 0.797579 0.469041 0.181334 0.101878 0.0217139 -0.00583558 0.340864
5.99174 -0.74015 0.890309 0.575047 -0.122124 0.0706174 0.805866 0.450345 -0.0549874 -0.0456854 0.12766 -0.0744044 0.340864
6.1365 -0.745654 0.928924 0.568578 -0.111319 0.0488709 0.813596 0.43165 -0.0549874 -0.0456854 0.12766 -0.0744044 0.340864
6.27643 -0.753919 0.959961 0.561716 -0.100437 0.0270907 0.820764 0.412954 -0.0549874 -0.0456854 0.12766 -0.0744044 0.340864
6.41109 -0.764797 0.983944 0.554466 -0.0894857 0.00529173 0.827364 0.394258 -0.0549874 -0.0456854 0.12766 -0.0744044 0.340864
6.54009 -0.778114 1.00141 0.546832 -0.0784725 -0.0165109 0.833393 0.375562 -0.0549874 -0.0456854 0.12766 -0.0744044 0.340864
6.66308 -0.793674 1.01292 0.538821 -0.0674051 -0.0383021 0.838845 0.356867 -0.0549874 -0.0456854 0.12766 -0.0744044 0.340864
6.7842 -0.808435 1.01848 0.543869 -0.0366624 -0.0387022 0.837475 0.361729 0.0143004 0.0363423 0.151308 0.0971745 0.340864
6.90751 -0.81936 1.01762 0.548388 -0.00588405 -0.0390646 0.835291 0.366591 0.0143004 0.0363423 0.151308 0.0971745 0.340864
7.03255 -0.826248 1.01021 0.552373 0.0249 -0.039389 0.832293 0.371453 0.0143004 0.0363423 0.151308 0.0971745 0.340864
7.15884 -0.828913 0.996128 0.555822 0.0556599 -0.0396751 0.828487 0.376315 0.0143004 0.0363423 0.151308 0.0971745 0.340864
7.28143 -0.833558 0.980579 0.529291 0.0293745 -0.0608181 0.845748 0.351272 -0.0736567 -0.198858 -0.0584533 -0.176329 0.340864
7.39535 -0.845607 0.968921 0.501628 0.00302623 -0.081831 0.861199 0.326229 -0.0736567 -0.198858 -0.0584533 -0.176329 0.340864
7.50016 -0.863696 0.961204 0.472892 -0.0233285 -0.102669 0.874807 0.301185 -0.0736567 -0.198858 -0.0584533 -0.176329 0.340864
7.60391 -0.882919 0.955579 0.479123 -0.0171486 -0.0835943 0.87359 0.32043 0.0566012 0.0365699 -0.0251909 0.115475 0.340864
7.71485 -0.898922 0.950326 0.485142 -0.0109612 -0.0644828 0.871986 0.339674 0.0566012 0.0365699 -0.0251909 0.115475 0.340864
7.83288 -0.911174 0.945594 0.490947 -0.00476891 -0.0453429 0.869996 0.358919 0.0566012 0.0365699 -0.0251909 0.115475 0.340864
7.95785 -0.919146 0.941539 0.496534 0.00142549 -0.0261828 0.867621 0.378163 0.0566012 0.0365699 -0.0251909 0.115475 0.340864
8.08961 -0.922321 0.938328 0.501902 0.00761926 -0.00701122 0.864862 0.397407 0.0566012 0.0365699 -0.0251909 0.115475 0.340864
8.22796 -0.920189 0.936135 0.507048 0.0138097 0.0121635 0.861721 0.416652 0.0566012 0.0365699 -0.0251909 0.115475 0.340864
8.37266 -0.91225 0.935141 0.511969 0.019994 0.0313328 0.858199 0.435896 0.0566012 0.0365699 -0.0251909 0.115475 0.340864
8.52346 -0.89802 0.935537 0.516665 0.0261694 0.0504883 0.854297 0.455141 0.0566012 0.0365699 -0.0251909 0.115475 0.340864
8.68005 -0.877028 0.937516 0.521131 0.0323333 0.0696215 0.850018 0.474385 0.0566012 0.0365699 -0.0251909 0.115475 0.340864
8.84212 -0.84882 0.941281 0.525367 0.0384828 0.0887238 0.845362 0.49363 0.0566012 0.0365699 -0.0251909 0.115475 0.340864
8.997 -0.818396 0.947652 0.525562 0.0291092 0.0972136 0.844682 0.43561 -0.170645 0.0098844 -0.0725958 0.0135602 0.340864
9.13224 -0.791171 0.956654 0.525672 0.0197308 0.105688 0.843866 0.377591 -0.170645 0.0098844 -0.0725958 0.0135602 0.340864
9.24784 -0.76733 0.967303 0.525698 0.0103493 0.114145 0.842915 0.319572 -0.170645 0.0098844 -0.0725958 0.0135602 0.340864
9.34386 -0.747048 0.978615 0.52564 0.000966112 0.122584 0.841828 0.261553 -0.170645 0.0098844 -0.0725958 0.0135602 0.340864
9.44054 -0.729417 0.992054 0.510304 -0.0232136 0.101756 0.853637 0.322008 0.17781 -0.0951602 -0.0664773 -0.186374 0.340864
9.53855 -0.715883 1.00434 0.519412 -0.0118677 0.0780762 0.850867 0.264543 -0.169015 0.0504985 0.133144 -0.0819562 0.340864
9.61878 -0.708466 1.01357 0.545521 -0.0368123 0.0598643 0.835146 0.212581 -0.152829 0.191501 -0.0583309 -0.158374 0.340864
9.68305 -0.706318 1.01972 0.54933 -0.0241239 0.018559 0.835051 0.167544 -0.132462 0.0235042 0.196262 -0.161393 0.340864
9.73231 -0.707386 1.02115 0.552107 -0.0113901 -0.0227812 0.833384 0.122507 -0.132462 0.0235042 0.196262 -0.161393 0.340864
9.81155 -0.712588 1.01894 0.571956 -0.00380696 -0.0437681 0.819107 0.344836 0.653909 0.146124 0.101736 -0.0788533 0.340864
9.90897 -0.718583 1.01605 0.578737 -0.00760214 -0.0220201 0.815181 0.229558 -0.339052 0.044424 -0.0932987 0.0911688 0.340864
9.96739 -0.720391 1.0161 0.585201 -0.0113931 -0.000259974 0.810808 0.114281 -0.339052 0.044424 -0.0932987 0.0911688 0.340864
10.045 -0.723004 1.01988 0.603135 -0.0425526 0.00203504 0.796501 0.343208 0.673314 0.134617 -0.15754 -0.09516 0.340864
10.1624 -0.730977 1.02566 0.594197 -0.0372454 -0.0267721 0.803011 0.349871 0.019599 -0.0578371 0.128613 -0.118475 0.340864
10.2818 -0.743852 1.02652 0.584676 -0.0319017 -0.055553 0.808734 0.356535 0.019599 -0.0578371 0.128613 -0.118475 0.340864
10.4027 -0.76189 1.0224 0.574582 -0.0265268 -0.0842794 0.813664 0.363199 0.019599 -0.0578371 0.128613 -0.118475 0.340864
10.5248 -0.785332 1.01325 0.563925 -0.0211258 -0.112923 0.817796 0.369862 0.019599 -0.0578371 0.128613 -0.118475 0.340864
10.6474 -0.814407 0.999054 0.552715 -0.0157041 -0.141456 0.821127 0.376526 0.019599 -0.0578371 0.128613 -0.118475 0.340864
10.7703 -0.849323 0.979824 0.540964 -0.0102671 -0.169851 0.823653 0.38319 0.019599 -0.0578371 0.128613 -0.118475 0.340864
10.8927 -0.890267 0.955595 0.528682 -0.00481993 -0.198079 0.825371 0.389853 0.019599 -0.0578371 0.128613 -0.118475 0.340864
11.0133 -0.932029 0.928758 0.532601 0.00473116 -0.190072 0.824734 0.376965 -0.0379063 0.0319106 0.0168879 0.0679473 0.340864
11.1305 -0.969401 0.901731 0.536429 0.0142814 -0.182033 0.823956 0.364077 -0.0379063 0.0319106 0.0168879 0.0679473 0.340864
11.2443 -1.00256 0.874616 0.540165 0.0238293 -0.173963 0.823038 0.351189 -0.0379063 0.0319106 0.0168879 0.0679473 0.340864
11.3545 -1.0317 0.847516 0.543809 0.033373 -0.165863 0.821978 0.338301 -0.0379063 0.0319106 0.0168879 0.0679473 0.340864
11.4611 -1.057 0.820529 0.54736 0.0429111 -0.157734 0.820778 0.325413 -0.0379063 0.0319106 0.0168879 0.0679473 0.340864
11.564 -1.07867 0.793751 0.550817 0.0524418 -0.149579 0.819437 0.312524 -0.0379063 0.0319106 0.0168879 0.0679473 0.340864
11.6662 -1.09957 0.767245 0.550636 0.0448419 -0.152704 0.819433 0.320832 0.0244349 -0.00850931 -0.0263468 -0.0396374 0.340864
11.7669 -1.11777 0.742439 0.542918 0.0570168 -0.124163 0.828597 0.29879 -0.0648297 -0.0484268 -0.029249 0.187308 0.340864
11.8616 -1.12905 0.720567 0.5346 0.0691286 -0.0954851 0.836843 0.276748 -0.0648297 -0.0484268 -0.029249 0.187308 0.340864
11.9497 -1.13421 0.70137 0.52569 0.0811639 -0.0667014 0.844164 0.254706 -0.0648297 -0.0484268 -0.029249 0.187308 0.340864
12.0309 -1.13406 0.684609 0.516198 0.0931095 -0.0378438 0.850551 0.232664 -0.0648297 -0.0484268 -0.029249 0.187308 0.340864
12.1046 -1.12948 0.670058 0.506136 0.104952 -0.00894441 0.855998 0.210622 -0.0648297 -0.0484268 -0.029249 0.187308 0.340864
12.1708 -1.12134 0.657513 0.495513 0.116678 0.0199649 0.860497 0.18858 -0.0648297 -0.0484268 -0.029249 0.187308 0.340864
12.2292 -1.11054 0.646788 0.484342 0.128276 0.0488521 0.864044 0.166538 -0.0648297 -0.0484268 -0.029249 0.187308 0.340864
12.2967 -1.09558 0.636629 0.484941 0.106608 0.0667448 0.865455 0.244474 0.229225 0.0187539 -0.16202 0.0283548 0.340864
12.3902 -1.07398 0.627848 0.485156 0.084856 0.0845845 0.86618 0.322411 0.229225 0.0187539 -0.16202 0.0283548 0.340864
12.5096 -1.04524 0.62337 0.484987 0.0630367 0.102357 0.86622 0.400347 0.229225 0.0187539 -0.16202 0.0283548 0.340864
12.6092 -1.02017 0.622308 0.509874 0.069696 0.105788 0.85087 0.203868 -0.577879 0.167892 0.0448288 0.0364979 0.340864
12.6439 -1.011 0.62192 0.534297 0.0762919 0.109122 0.834745 0.00738976 -0.577879 0.167892 0.0448288 0.0364979 0.340864
12.6613 -1.00593 0.622043 0.554954 0.0748462 0.125477 0.81895 0.0991317 0.269829 0.159364 -0.0381583 0.0766414 0.340864
12.7083 -0.991063 0.623641 0.575086 0.0733297 0.141713 0.802381 0.190874 0.269829 0.159364 -0.0381583 0.0766414 0.340864
12.7843 -0.965041 0.628555 0.594675 0.0717438 0.157814 0.785054 0.282616 0.269829 0.159364 -0.0381583 0.0766414 0.340864
12.8887 -0.926681 0.638724 0.613701 0.0700901 0.173767 0.766984 0.374357 0.269829 0.159364 -0.0381583 0.0766414 0.340864
13.0207 -0.874986 0.656164 0.632146 0.0683701 0.189555 0.748188 0.466099 0.269829 0.159364 -0.0381583 0.0766414 0.340864
13.1553 -0.817469 0.673403 0.638976 0.100771 0.191265 0.738222 0.401133 -0.191076 0.0316836 0.147893 0.1364 0.340864
13.268 -0.763443 0.682912 0.64504 0.133051 0.192746 0.727372 0.336167 -0.191076 0.0316836 0.147893 0.1364 0.340864
13.359 -0.71475 0.686638 0.650331 0.165171 0.193996 0.715649 0.271201 -0.191076 0.0316836 0.147893 0.1364 0.340864
13.4248 -0.674937 0.68727 0.633246 0.188076 0.213113 0.719867 0.181586 -0.263576 -0.0956402 -0.000303708 0.179926 0.340864
13.4788 -0.638437 0.68797 0.631296 0.190552 0.233089 0.71472 0.201993 0.0600219 0.0299164 -0.0606818 0.102428 0.340864
13.5371 -0.596016 0.690382 0.629072 0.192944 0.252964 0.709261 0.222401 0.0600219 0.0299164 -0.0606818 0.102428 0.340864
13.5993 -0.547357 0.69481 0.626573 0.195253 0.272728 0.703493 0.242808 0.0600219 0.0299164 -0.0606818 0.102428 0.340864
13.665 -0.492168 0.701551 0.623801 0.197476 0.292374 0.697419 0.263215 0.0600219 0.0299164 -0.0606818 0.102428 0.340864
13.7336 -0.430182 0.710892 0.620758 0.199614 0.311892 0.691041 0.283623 0.0600219 0.0299164 -0.0606818 0.102428 0.340864
13.8048 -0.36116 0.723115 0.617444 0.201664 0.331274 0.684362 0.30403 0.0600219 0.0299164 -0.0606818 0.102428 0.340864
13.878 -0.28489 0.73849 0.613861 0.203627 0.350513 0.677386 0.324438 0.0600219 0.0299164 -0.0606818 0.102428 0.340864
13.9571 -0.200872 0.76056 0.620048 0.172614 0.364424 0.673008 0.367034 0.125285 0.121091 -0.155837 -0.0549498 0.340864
14.0463 -0.109359 0.793885 0.625483 0.141392 0.377893 0.667814 0.409631 0.125285 0.121091 -0.155837 -0.0549498 0.340864
14.1448 -0.0113663 0.840199 0.63016 0.109999 0.390904 0.66181 0.452228 0.125285 0.121091 -0.155837 -0.0549498 0.340864
