3.86202 -0.790979 0.26005 0.33906 -0.152795 0.00623108 0.928253 0.206993 0 0 0 0 0
3.92927 -0.796005 0.281048 0.310041 -0.155139 0.0245615 0.937658 0.208523 0.00450227 -0.193641 -0.0419752 0.0690032 0.340864
3.99679 -0.798049 0.303401 0.280628 -0.157285 0.0428606 0.945871 0.210054 0.00450227 -0.193641 -0.0419752 0.0690032 0.340864
4.06449 -0.796999 0.32692 0.250857 -0.159231 0.0611052 0.952881 0.211585 0.00450227 -0.193641 -0.0419752 0.0690032 0.340864
4.13227 -0.792759 0.351405 0.220768 -0.160975 0.0792721 0.958679 0.213116 0.00450227 -0.193641 -0.0419752 0.0690032 0.340864
4.20004 -0.785248 0.37665 0.190398 -0.162514 0.0973381 0.963257 0.214646 0.00450227 -0.193641 -0.0419752 0.0690032 0.340864
4.26205 -0.777853 0.39774 0.192495 -0.132889 0.0767639 0.969223 0.17312 -0.122137 0.00790608 0.197851 -0.0848295 0.340864
4.31191 -0.773497 0.411024 0.194334 -0.103086 0.0560867 0.97389 0.131593 -0.122137 0.00790608 0.197851 -0.0848295 0.340864
4.34883 -0.771398 0.418253 0.195912 -0.073145 0.0353344 0.977251 0.0900664 -0.122137 0.00790608 0.197851 -0.0848295 0.340864
4.4244 -0.770339 0.431873 0.190885 -0.0945256 0.0164789 0.976912 0.361767 0.799118 -0.0159514 -0.102383 -0.135142 0.340864
4.53403 -0.768887 0.453446 0.184104 -0.0934987 0.0334827 0.977877 0.295558 -0.19473 -0.0496059 -0.0133129 0.0950073 0.340864
4.62141 -0.764622 0.471023 0.177261 -0.0924402 0.0504751 0.978512 0.22935 -0.19473 -0.0496059 -0.0133129 0.0950073 0.340864
4.68655 -0.759118 0.484386 0.170359 -0.0913506 0.0674506 0.978817 0.163142 -0.19473 -0.0496059 -0.0133129 0.0950073 0.340864
4.72953 -0.753951 0.493359 0.163399 -0.0902302 0.0844033 0.978793 0.0969336 -0.19473 -0.0496059 -0.0133129 0.0950073 0.340864
4.75052 -0.750694 0.497809 0.156384 -0.0890794 0.101328 0.978438 0.0307253 -0.19473 -0.0496059 -0.0133129 0.0950073 0.340864
4.76623 -0.747379 0.501179 0.180329 -0.0811641 0.131712 0.971363 0.0658242 0.103232 0.123719 0.0281784 0.198977 0.340864
4.793 -0.740114 0.507014 0.203984 -0.0731182 0.161884 0.962724 0.100923 0.103232 0.123719 0.0281784 0.198977 0.340864
4.83035 -0.727614 0.515424 0.227311 -0.0649546 0.191796 0.952536 0.136022 0.103232 0.123719 0.0281784 0.198977 0.340864
4.87769 -0.708651 0.526605 0.250271 -0.0566864 0.221399 0.940815 0.171121 0.103232 0.123719 0.0281784 0.198977 0.340864
4.9343 -0.68207 0.540839 0.272829 -0.0483271 0.250646 0.92758 0.20622 0.103232 0.123719 0.0281784 0.198977 0.340864
4.99814 -0.647609 0.556292 0.266854 -0.0247071 0.271716 0.92431 0.230202 0.0705354 -0.0681802 0.0853403 0.156022 0.340864
5.06732 -0.605286 0.570479 0.2606 -0.00106121 0.292501 0.920071 0.254184 0.0705354 -0.0681802 0.0853403 0.156022 0.340864
5.14118 -0.554475 0.58277 0.254072 0.0225858 0.312979 0.914867 0.278166 0.0705354 -0.0681802 0.0853403 0.156022 0.340864
5.21897 -0.49462 0.592536 0.247277 0.0462091 0.333129 0.908704 0.302148 0.0705354 -0.0681802 0.0853403 0.156022 0.340864
5.28992 -0.433845 0.602696 0.266347 0.0315008 0.363298 0.892234 0.250775 -0.151096 0.162962 -0.0806816 0.167008 0.340864
5.34453 -0.38176 0.615311 0.284948 0.0167369 0.392827 0.874192 0.199403 -0.151096 0.162962 -0.0806816 0.167008 0.340864
5.38404 -0.339885 0.628422 0.303046 0.00194357 0.421664 0.85461 0.14803 -0.151096 0.162962 -0.0806816 0.167008 0.340864
5.4099 -0.309456 0.64003 0.320611 -0.0128532 0.449758 0.833523 0.0966578 -0.151096 0.162962 -0.0806816 0.167008 0.340864
5.42372 -0.291406 0.648113 0.337612 -0.0276273 0.47706 0.810968 0.0452853 -0.151096 0.162962 -0.0806816 0.167008 0.340864
5.45439 -0.247489 0.670859 0.355628 -0.0356628 0.490064 0.795043 0.297083 0.74058 0.138025 -0.0161894 0.0937038 0.340864
5.49621 -0.184943 0.704131 0.348758 -0.0345793 0.499758 0.792095 0.186862 -0.324179 -0.0311181 -0.0356351 0.0546624 0.340864
5.51815 -0.1503 0.722158 0.341835 -0.0334906 0.509376 0.789026 0.0766411 -0.324179 -0.0311181 -0.0356351 0.0546624 0.340864
5.54843 -0.095916 0.748734 0.336395 -0.017261 0.535373 0.774543 0.321541 0.720294 -0.0498881 0.00389931 0.195656 0.340864
5.59412 -0.00962316 0.785789 0.316743 0.00715596 0.524955 0.789965 0.292921 -0.084176 -0.195935 0.0715541 -0.0497228 0.340864
5.63763 0.0699418 0.813105 0.29667 0.0315634 0.51384 0.804338 0.264301 -0.084176 -0.195935 0.0715541 -0.0497228 0.340864
5.6784 0.1421 0.831865 0.276203 0.0559289 0.502042 0.817641 0.235681 -0.084176 -0.195935 0.0715541 -0.0497228 0.340864
5.71593 0.206309 0.843319 0.255369 0.0802201 0.489577 0.829859 0.207062 -0.084176 -0.195935 0.0715541 -0.0497228 0.340864
5.74974 0.262169 0.848765 0.234196 0.104405 0.476462 0.840973 0.178442 -0.084176 -0.195935 0.0715541 -0.0497228 0.340864
5.7794 0.309421 0.84954 0.212711 0.128451 0.462713 0.850971 0.149822 -0.084176 -0.195935 0.0715541 -0.0497228 0.340864
5.80452 0.347953 0.847003 0.190944 0.152326 0.448349 0.859837 0.121202 -0.084176 -0.195935 0.0715541 -0.0497228 0.340864
5.82476 0.377795 0.842518 0.168923 0.175999 0.43339 0.867561 0.0925821 -0.084176 -0.195935 0.0715541 -0.0497228 0.340864
5.83984 0.399119 0.837446 0.146678 0.199438 0.417855 0.874132 0.0639623 -0.084176 -0.195935 0.0715541 -0.0497228 0.340864
5.84954 0.41224 0.833126 0.124237 0.222611 0.401765 0.879542 0.0353424 -0.084176 -0.195935 0.0715541 -0.0497228 0.340864
5.87338 0.446667 0.821228 0.14452 0.223839 0.430776 0.862231 0.220787 0.545427 0.152715 0.055766 0.165389 0.340864
5.92674 0.53519 0.795287 0.164578 0.224719 0.459118 0.84358 0.406233 0.545427 0.152715 0.055766 0.165389 0.340864
5.98906 0.643071 0.768052 0.15975 0.202164 0.457213 0.851214 0.343975 -0.18311 0.027053 -0.133219 -0.0455296 0.340864
6.04337 0.732421 0.748561 0.154828 0.17949 0.455036 0.858344 0.281718 -0.18311 0.027053 -0.133219 -0.0455296 0.340864
6.08861 0.803436 0.735604 0.149814 0.156708 0.45259 0.864963 0.219461 -0.18311 0.027053 -0.133219 -0.0455296 0.340864
6.12383 0.856356 0.727908 0.144711 0.133834 0.449874 0.871068 0.157204 -0.18311 0.027053 -0.133219 -0.0455296 0.340864
6.15494 0.901403 0.722174 0.156114 0.139473 0.44175 0.872372 0.166596 0.0276235 0.0359983 0.0649631 -0.049256 0.340864
6.18851 0.948582 0.715954 0.167481 0.145081 0.433524 0.873475 0.175988 0.0276235 0.0359983 0.0649631 -0.049256 0.340864
6.21433 0.986478 0.711485 0.165566 0.137658 0.463163 0.85972 0.0950579 -0.238028 0.0479427 -0.0604932 0.181722 0.340864
6.23147 1.01218 0.707739 0.151554 0.166048 0.434014 0.872405 0.0880489 -0.0206149 -0.184225 0.123552 -0.143027 0.340864
6.24824 1.03483 0.702143 0.137237 0.194102 0.403992 0.883335 0.0810398 -0.0206149 -0.184225 0.123552 -0.143027 0.340864
6.26435 1.05446 0.695084 0.122644 0.221767 0.373156 0.892487 0.0740308 -0.0206149 -0.184225 0.123552 -0.143027 0.340864
6.27953 1.07113 0.686955 0.107804 0.248984 0.341569 0.899842 0.0670217 -0.0206149 -0.184225 0.123552 -0.143027 0.340864
6.29357 1.08497 0.678148 0.0927476 0.275701 0.309295 0.905386 0.0600127 -0.0206149 -0.184225 0.123552 -0.143027 0.340864
6.30627 1.09614 0.66905 0.0775041 0.301863 0.276398 0.909107 0.0530036 -0.0206149 -0.184225 0.123552 -0.143027 0.340864
6.31749 1.10484 0.660032 0.0621046 0.327417 0.242944 0.910999 0.0459946 -0.0206149 -0.184225 0.123552 -0.143027 0.340864
6.32712 1.11134 0.65145 0.04658 0.352312 0.209002 0.911057 0.0389855 -0.0206149 -0.184225 0.123552 -0.143027 0.340864
6.33509 1.11591 0.643636 0.0309618 0.376498 0.174639 0.909281 0.0319765 -0.0206149 -0.184225 0.123552 -0.143027 0.340864
6.34137 1.11886 0.636894 0.0152811 0.399926 0.139925 0.905675 0.0249674 -0.0206149 -0.184225 0.123552 -0.143027 0.340864
6.35741 1.12654 0.618886 0.0311508 0.396832 0.167807 0.901884 0.123944 0.291107 0.153053 0.00298911 0.114071 0.340864
6.39794 1.14868 0.57267 0.0557991 0.405751 0.168732 0.896539 0.260395 0.401328 0.125114 0.0839692 -0.0457227 0.340864
6.46564 1.18878 0.493349 0.0804074 0.41438 0.169536 0.890551 0.396847 0.401328 0.125114 0.0839692 -0.0457227 0.340864
6.54712 1.23712 0.400049 0.0415904 0.392491 0.180984 0.900814 0.385325 -0.0338894 -0.158523 -0.183877 0.13405 0.340864
6.62966 1.2829 0.312055 0.00268094 0.36973 0.19203 0.909075 0.373802 -0.0338894 -0.158523 -0.183877 0.13405 0.340864
6.71295 1.32648 0.229468 -0.0362344 0.346147 0.202649 0.915316 0.36228 -0.0338894 -0.158523 -0.183877 0.13405 0.340864
6.79663 1.36822 0.152343 -0.0750693 0.321794 0.212818 0.919522 0.350758 -0.0338894 -0.158523 -0.183877 0.13405 0.340864
6.88034 1.40841 0.08069 -0.113737 0.296727 0.222514 0.921686 0.339235 -0.0338894 -0.158523 -0.183877 0.13405 0.340864
6.96372 1.44736 0.0144709 -0.152153 0.271 0.231715 0.921801 0.327713 -0.0338894 -0.158523 -0.183877 0.13405 0.340864
7.0464 1.48531 -0.0463935 -0.19023 0.244671 0.240402 0.919867 0.31619 -0.0338894 -0.158523 -0.183877 0.13405 0.340864
7.12802 1.5225 -0.102023 -0.227884 0.217798 0.248554 0.91589 0.304668 -0.0338894 -0.158523 -0.183877 0.13405 0.340864
7.2082 1.55913 -0.152575 -0.265032 0.190442 0.256154 0.909877 0.293146 -0.0338894 -0.158523 -0.183877 0.13405 0.340864
7.28727 1.59313 -0.200134 -0.253472 0.199979 0.23293 0.917335 0.285346 -0.0229414 0.0331212 0.0239054 -0.163378 0.340864
7.36557 1.62243 -0.246691 -0.241703 0.209352 0.209516 0.924042 0.277546 -0.0229414 0.0331212 0.0239054 -0.163378 0.340864
7.4428 1.64716 -0.29228 -0.229737 0.218553 0.185929 0.929992 0.269745 -0.0229414 0.0331212 0.0239054 -0.163378 0.340864
7.5187 1.6675 -0.336934 -0.217582 0.227576 0.162191 0.93518 0.261945 -0.0229414 0.0331212 0.0239054 -0.163378 0.340864
7.59302 1.68362 -0.380677 -0.205249 0.236412 0.138319 0.939601 0.254145 -0.0229414 0.0331212 0.0239054 -0.163378 0.340864
7.66551 1.69571 -0.42353 -0.192748 0.245054 0.114334 0.943252 0.246345 -0.0229414 0.0331212 0.0239054 -0.163378 0.340864
7.73597 1.704 -0.465506 -0.180089 0.253495 0.0902559 0.94613 0.238545 -0.0229414 0.0331212 0.0239054 -0.163378 0.340864
7.80417 1.70868 -0.506614 -0.167282 0.261729 0.0661034 0.948233 0.230745 -0.0229414 0.0331212 0.0239054 -0.163378 0.340864
7.86995 1.71001 -0.546859 -0.154338 0.269748 0.0418967 0.949558 0.222945 -0.0229414 0.0331212 0.0239054 -0.163378 0.340864
7.93744 1.70981 -0.588447 -0.174579 0.267877 0.0487041 0.946252 0.24341 0.0601895 -0.104805 -0.00401315 0.0726597 0.340864
8.01093 1.70979 -0.633581 -0.194738 0.26588 0.0554885 0.9425 0.263874 0.0601895 -0.104805 -0.00401315 0.0726597 0.340864
8.0904 1.71001 -0.682252 -0.214805 0.263758 0.0622469 0.938305 0.284338 0.0601895 -0.104805 -0.00401315 0.0726597 0.340864
8.17588 1.71048 -0.734452 -0.234771 0.261512 0.0689759 0.933668 0.304803 0.0601895 -0.104805 -0.00401315 0.0726597 0.340864
8.26735 1.71126 -0.790177 -0.254626 0.259142 0.0756725 0.928593 0.325267 0.0601895 -0.104805 -0.00401315 0.0726597 0.340864
8.36482 1.71239 -0.849424 -0.274362 0.256651 0.0823335 0.92308 0.345732 0.0601895 -0.104805 -0.00401315 0.0726597 0.340864
8.46829 1.7139 -0.912192 -0.293968 0.254039 0.0889558 0.917133 0.366196 0.0601895 -0.104805 -0.00401315 0.0726597 0.340864
8.57775 1.71584 -0.978483 -0.313437 0.251308 0.0955362 0.910755 0.386661 0.0601895 -0.104805 -0.00401315 0.0726597 0.340864
8.6932 1.71825 -1.0483 -0.332757 0.248458 0.102072 0.903948 0.407125 0.0601895 -0.104805 -0.00401315 0.0726597 0.340864
8.81464 1.72117 -1.12165 -0.351922 0.245491 0.108559 0.896716 0.427589 0.0601895 -0.104805 -0.00401315 0.0726597 0.340864
8.92156 1.72009 -1.18423 -0.353341 0.24486 0.0721328 0.899995 0.301363 -0.371256 -0.0529134 -0.0843958 -0.190921 0.340864
9.00358 1.71628 -1.22802 -0.334019 0.222934 0.0601793 0.913844 0.246054 -0.162671 0.123193 -0.152705 -0.0514275 0.340864
9.07069 1.71347 -1.25966 -0.314299 0.200742 0.0481542 0.926607 0.190746 -0.162671 0.123193 -0.152705 -0.0514275 0.340864
9.12193 1.71142 -1.28075 -0.294205 0.178312 0.036072 0.938268 0.135438 -0.162671 0.123193 -0.152705 -0.0514275 0.340864
9.15643 1.71002 -1.293 -0.273762 0.15567 0.0239468 0.948814 0.0801303 -0.162671 0.123193 -0.152705 -0.0514275 0.340864
9.1735 1.70928 -1.29816 -0.252993 0.132843 0.0117931 0.958232 0.0248223 -0.162671 0.123193 -0.152705 -0.0514275 0.340864
9.19667 1.70858 -1.30418 -0.226812 0.122587 0.0186318 0.966013 0.116105 0.268478 0.165233 -0.051902 0.0328162 0.340864
9.24699 1.70809 -1.3155 -0.199798 0.0971508 0.0193436 0.974817 0.187321 0.20946 0.168591 -0.147014 0.0175412 0.340864
9.32166 1.70866 -1.32847 -0.172494 0.0715732 0.0200272 0.982203 0.258538 0.20946 0.168591 -0.147014 0.0175412 0.340864
9.40178 1.71039 -1.33821 -0.150199 0.0434415 0.020887 0.98748 0.21642 -0.123876 0.137875 -0.161294 0.0235087 0.340864
9.46801 1.71262 -1.34253 -0.127706 0.0152526 0.0217193 0.991457 0.174302 -0.123876 0.137875 -0.161294 0.0235087 0.340864
9.52006 1.71488 -1.34299 -0.105044 -0.0129564 0.022523 0.994128 0.132184 -0.123876 0.137875 -0.161294 0.0235087 0.340864
9.55775 1.71679 -1.34118 -0.0822447 -0.0411484 0.023297 0.99549 0.0900665 -0.123876 0.137875 -0.161294 0.0235087 0.340864
9.59427 1.71785 -1.33857 -0.0841209 -0.0327524 0.00085715 0.995917 0.125422 0.103988 -0.00649926 0.0381587 -0.135992 0.340864
9.64283 1.71703 -1.33573 -0.0859484 -0.0243376 -0.0215832 0.995768 0.160778 0.103988 -0.00649926 0.0381587 -0.135992 0.340864
9.70331 1.71324 -1.33297 -0.0877262 -0.0159087 -0.0440111 0.995045 0.196134 0.103988 -0.00649926 0.0381587 -0.135992 0.340864
9.76787 1.70707 -1.33062 -0.0897818 -0.0116441 -0.0541549 0.99442 0.185612 -0.0309466 -0.0103009 0.0202013 -0.0619296 0.340864
9.82875 1.69996 -1.3288 -0.0918261 -0.00737798 -0.0642919 0.99367 0.175091 -0.0309466 -0.0103009 0.0202013 -0.0619296 0.340864
9.88593 1.69206 -1.32745 -0.0938588 -0.00311096 -0.0744207 0.992795 0.164569 -0.0309466 -0.0103009 0.0202013 -0.0619296 0.340864
9.93941 1.68354 -1.32653 -0.0958797 0.00115645 -0.0845402 0.991796 0.154047 -0.0309466 -0.0103009 0.0202013 -0.0619296 0.340864
9.98919 1.67453 -1.32598 -0.0978886 0.00542372 -0.0946491 0.990671 0.143525 -0.0309466 -0.0103009 0.0202013 -0.0619296 0.340864
10.0353 1.66518 -1.32575 -0.0998852 0.0096903 -0.104746 0.989423 0.133003 -0.0309466 -0.0103009 0.0202013 -0.0619296 0.340864
10.0776 1.65565 -1.32581 -0.101869 0.0139557 -0.11483 0.98805 0.122481 -0.0309466 -0.0103009 0.0202013 -0.0619296 0.340864
10.1163 1.64609 -1.32609 -0.10384 0.0182193 -0.124899 0.986552 0.11196 -0.0309466 -0.0103009 0.0202013 -0.0619296 0.340864
10.1998 1.62595 -1.32544 -0.086 -0.00010493 -0.11324 0.989839 0.392962 0.826479 0.0933386 -0.112693 0.0793679 0.340864
10.3278 1.59967 -1.3188 -0.107377 -0.031314 -0.0925581 0.989405 0.377075 -0.0467284 -0.145537 -0.157064 0.135951 0.340864
10.451 1.58067 -1.30477 -0.128555 -0.0624649 -0.071704 0.987132 0.361187 -0.0467284 -0.145537 -0.157064 0.135951 0.340864
10.5687 1.56877 -1.28431 -0.149494 -0.0934996 -0.0507167 0.983025 0.345299 -0.0467284 -0.145537 -0.157064 0.135951 0.340864
10.6803 1.56372 -1.25837 -0.170155 -0.124361 -0.0296351 0.977089 0.329412 -0.0467284 -0.145537 -0.157064 0.135951 0.340864
10.7853 1.56515 -1.22793 -0.190499 -0.15499 -0.00849838 0.969338 0.313524 -0.0467284 -0.145537 -0.157064 0.135951 0.340864
10.8831 1.57264 -1.19394 -0.21049 -0.185332 0.0126541 0.959784 0.297637 -0.0467284 -0.145537 -0.157064 0.135951 0.340864
10.9756 1.58648 -1.15624 -0.214062 -0.217721 0.0414638 0.951344 0.295765 -0.00550519 -0.0596381 -0.156707 0.199555 0.340864
11.0643 1.60718 -1.11432 -0.217215 -0.249682 0.070192 0.941036 0.293893 -0.00550519 -0.0596381 -0.156707 0.199555 0.340864
11.1484 1.63447 -1.06855 -0.219941 -0.281153 0.0987825 0.928881 0.292021 -0.00550519 -0.0596381 -0.156707 0.199555 0.340864
11.2274 1.66807 -1.01937 -0.222235 -0.312073 0.127179 0.914903 0.290149 -0.00550519 -0.0596381 -0.156707 0.199555 0.340864
11.3007 1.70763 -0.96719 -0.224094 -0.342379 0.155326 0.899129 0.288278 -0.00550519 -0.0596381 -0.156707 0.199555 0.340864
11.3678 1.75277 -0.912475 -0.225512 -0.372014 0.183168 0.881589 0.286406 -0.00550519 -0.0596381 -0.156707 0.199555 0.340864
11.4384 1.79959 -0.853265 -0.206359 -0.351406 0.15033 0.900739 0.321768 0.104006 0.174448 0.125899 -0.176414 0.340864
11.5229 1.84305 -0.787825 -0.186744 -0.330012 0.117156 0.917874 0.35713 0.104006 0.174448 0.125899 -0.176414 0.340864
11.6218 1.88104 -0.717132 -0.166712 -0.307879 0.0837198 0.932957 0.392492 0.104006 0.174448 0.125899 -0.176414 0.340864
11.7355 1.91144 -0.642386 -0.146306 -0.285059 0.0500964 0.945953 0.427854 0.104006 0.174448 0.125899 -0.176414 0.340864
11.864 1.93221 -0.564994 -0.125574 -0.2616 0.016361 0.956833 0.463216 0.104006 0.174448 0.125899 -0.176414 0.340864
11.9855 1.9466 -0.496188 -0.154435 -0.255873 0.0153751 0.954171 0.362205 -0.297091 -0.163469 0.0246379 -0.0539442 0.340864
12.0778 1.95862 -0.445621 -0.183162 -0.249922 0.0143758 0.950676 0.261194 -0.297091 -0.163469 0.0246379 -0.0539442 0.340864
12.1407 1.96745 -0.412424 -0.211728 -0.243753 0.0133639 0.946349 0.160183 -0.297091 -0.163469 0.0246379 -0.0539442 0.340864
12.1791 1.9736 -0.391577 -0.232091 -0.266478 0.0151961 0.935357 0.099427 -0.178695 -0.127906 -0.141615 0.0101733 0.340864
12.2101 1.9792 -0.374216 -0.219637 -0.257684 0.024433 0.940618 0.112194 0.0375488 0.0604425 0.0703606 0.0578707 0.340864
12.2452 1.98577 -0.355463 -0.207107 -0.248801 0.0336614 0.945554 0.12496 0.0375488 0.0604425 0.0703606 0.0578707 0.340864
12.2844 1.9934 -0.335471 -0.194506 -0.239832 0.0428782 0.950163 0.137727 0.0375488 0.0604425 0.0703606 0.0578707 0.340864
12.3277 2.00217 -0.314392 -0.181838 -0.23078 0.0520802 0.954444 0.150493 0.0375488 0.0604425 0.0703606 0.0578707 0.340864
12.3753 2.01219 -0.292377 -0.169107 -0.221648 0.0612642 0.958395 0.16326 0.0375488 0.0604425 0.0703606 0.0578707 0.340864
12.427 2.02357 -0.269576 -0.156317 -0.21244 0.0704271 0.962016 0.176027 0.0375488 0.0604425 0.0703606 0.0578707 0.340864
12.483 2.0364 -0.246136 -0.143473 -0.203159 0.0795656 0.965304 0.188793 0.0375488 0.0604425 0.0703606 0.0578707 0.340864
12.5432 2.05081 -0.222202 -0.13058 -0.193807 0.0886766 0.968258 0.20156 0.0375488 0.0604425 0.0703606 0.0578707 0.340864
12.6076 2.06691 -0.197917 -0.117642 -0.184388 0.097757 0.970878 0.214326 0.0375488 0.0604425 0.0703606 0.0578707 0.340864
12.672 2.08442 -0.173671 -0.0862364 -0.189416 0.116791 0.971105 0.203654 -0.0313888 0.1618 0.00276469 0.146148 0.340864
12.7323 2.10276 -0.14976 -0.0547122 -0.194183 0.135664 0.969997 0.192982 -0.0313888 0.1618 0.00276469 0.146148 0.340864
12.7885 2.12165 -0.126191 -0.0231128 -0.198683 0.15435 0.967557 0.18231 -0.0313888 0.1618 0.00276469 0.146148 0.340864
12.8406 2.14084 -0.102993 0.00851828 -0.202911 0.172825 0.963787 0.171638 -0.0313888 0.1618 0.00276469 0.146148 0.340864
12.8887 2.16005 -0.0802164 0.0401377 -0.20686 0.191062 0.958694 0.160965 -0.0313888 0.1618 0.00276469 0.146148 0.340864
12.9328 2.17904 -0.057926 0.0717019 -0.210524 0.209037 0.952282 0.150293 -0.0313888 0.1618 0.00276469 0.146148 0.340864
12.9581 2.19089 -0.0437905 0.0661472 -0.239763 0.225963 0.941849 0.0340158 -0.341992 -0.0117253 -0.190718 0.0884521 0.340864
12.9721 2.19692 -0.0357228 0.0941544 -0.21994 0.185926 0.952992 0.0675953 0.0987632 0.181039 0.178433 -0.189508 0.340864
12.9967 2.20464 -0.0232116 0.121888 -0.199479 0.145348 0.961366 0.101175 0.0987632 0.181039 0.178433 -0.189508 0.340864
13.0327 2.21217 -0.00728084 0.149268 -0.178437 0.104349 0.966949 0.134754 0.0987632 0.181039 0.178433 -0.189508 0.340864
13.0806 2.21764 0.0108042 0.176214 -0.156878 0.0630459 0.969723 0.168334 0.0987632 0.181039 0.178433 -0.189508 0.340864
13.1407 2.21926 0.0295636 0.202648 -0.134863 0.0215601 0.969681 0.201913 0.0987632 0.181039 0.178433 -0.189508 0.340864
13.2127 2.21534 0.0473325 0.228494 -0.112456 -0.0199883 0.966822 0.235493 0.0987632 0.181039 0.178433 -0.189508 0.340864
13.2965 2.20436 0.0622958 0.253676 -0.0897227 -0.0614786 0.961155 0.269072 0.0987632 0.181039 0.178433 -0.189508 0.340864
13.3901 2.18694 0.0782637 0.259341 -0.117788 -0.0708801 0.955952 0.298941 0.087848 0.0346119 -0.149466 -0.0939399 0.340864
13.4918 2.16417 0.100876 0.264764 -0.145743 -0.0802152 0.949855 0.328809 0.087848 0.0346119 -0.149466 -0.0939399 0.340864
13.601 2.13539 0.130928 0.269939 -0.173562 -0.0894753 0.94287 0.358677 0.087848 0.0346119 -0.149466 -0.0939399 0.340864
13.7168 2.09995 0.169155 0.274862 -0.201218 -0.0986518 0.935003 0.388546 0.087848 0.0346119 -0.149466 -0.0939399 0.340864
13.812 2.06554 0.204395 0.304454 -0.221864 -0.117785 0.918809 0.241751 -0.431749 0.199672 -0.11899 -0.113022 0.340864
13.8613 2.04404 0.22387 0.333459 -0.24208 -0.136692 0.900843 0.0949562 -0.431749 0.199672 -0.11899 -0.113022 0.340864
13.8894 2.02944 0.235202 0.346575 -0.248181 -0.162029 0.889965 0.102668 0.0226806 0.122037 -0.00866385 -0.136321 0.340864
13.9188 2.01183 0.246815 0.359356 -0.254041 -0.18721 0.878225 0.110379 0.0226806 0.122037 -0.00866385 -0.136321 0.340864
13.9494 1.99099 0.258535 0.371788 -0.259654 -0.212208 0.865633 0.11809 0.0226806 0.122037 -0.00866385 -0.136321 0.340864
13.981 1.96676 0.270177 0.38386 -0.265016 -0.237002 0.852202 0.125802 0.0226806 0.122037 -0.00866385 -0.136321 0.340864
14.0132 1.93899 0.281542 0.395559 -0.270121 -0.261565 0.837945 0.133513 0.0226806 0.122037 -0.00866385 -0.136321 0.340864
14.046 1.90753 0.292417 0.406875 -0.274963 -0.285875 0.822875 0.141225 0.0226806 0.122037 -0.00866385 -0.136321 0.340864
14.079 1.87229 0.302583 0.417796 -0.27954 -0.309907 0.807008 0.148936 0.0226806 0.122037 -0.00866385 -0.136321 0.340864
14.1119 1.83319 0.311807 0.428313 -0.283845 -0.333639 0.790358 0.156647 0.0226806 0.122037 -0.00866385 -0.136321 0.340864
14.1445 1.7902 0.319852 0.438414 -0.287875 -0.357048 0.772941 0.164359 0.0226806 0.122037 -0.00866385 -0.136321 0.340864
14.1766 1.74329 0.326472 0.44809 -0.291626 -0.38011 0.754776 0.17207 0.0226806 0.122037 -0.00866385 -0.136321 0.340864
14.2108 1.69243 0.331191 0.466831 -0.26905 -0.375996 0.753862 0.189804 0.0521573 0.129057 0.0459244 0.107898 0.340864
14.2474 1.63772 0.332554 0.472444 -0.252978 -0.408954 0.738617 0.197467 0.0225381 0.154499 0.125266 -0.126888 0.340864
14.2829 1.57929 0.329376 0.477296 -0.2365 -0.441254 0.722185 0.20513 0.0225381 0.154499 0.125266 -0.126888 0.340864
14.3168 1.51742 0.321351 0.481381 -0.219642 -0.472845 0.70459 0.212793 0.0225381 0.154499 0.125266 -0.126888 0.340864
14.3487 1.45239 0.308207 0.484692 -0.20243 -0.503675 0.685863 0.220455 0.0225381 0.154499 0.125266 -0.126888 0.340864
14.381 1.38295 0.288977 0.489088 -0.169789 -0.517787 0.681073 0.244035 0.0693509 0.144941 0.153231 0.0271763 0.340864
14.416 1.30796 0.262228 0.492846 -0.136926 -0.531223 0.675393 0.267614 0.0693509 0.144941 0.153231 0.0271763 0.340864
14.4533 1.228 0.227059 0.49596 -0.103884 -0.543965 0.66883 0.291193 0.0693509 0.144941 0.153231 0.0271763 0.340864
14.4924 1.1437 0.182637 0.498425 -0.0707061 -0.555996 0.661394 0.314773 0.0693509 0.144941 0.153231 0.0271763 0.340864
14.5326 1.05573 0.128206 0.500239 -0.0374359 -0.5673 0.653092 0.338352 0.0693509 0.144941 0.153231 0.0271763 0.340864
14.5735 0.964845 0.0630917 0.501399 -0.00411683 -0.577863 0.643938 0.361931 0.0693509 0.144941 0.153231 0.0271763 0.340864
