0 0 0 0 0 0 1 6.91033e-310 0 0 0 0 0
0.154569 -0.00379684 0.00520886 0.0110295 -0.0254069 -0.0181995 0.999451 0.455058 0.669203 0.0324458 -0.0747398 -0.0535379 0.681728
0.402925 -0.0200526 0.0239386 0.0384812 -0.0615111 -0.0561474 0.995783 0.0345087 -0.412303 0.0545106 -0.071137 -0.0739541 1.02259
0.454194 -0.0268981 0.0304431 0.044112 -0.0676512 -0.0673945 0.994452 0.272151 0.698948 0.0353265 -0.0357623 -0.0656741 0.340864
0.646888 -0.0545305 0.0615652 0.0144278 -0.107354 -0.0685647 0.991749 0.0178201 -0.187008 -0.0470735 -0.0553363 -0.00751123 1.36346
0.817816 -0.0814535 0.0924083 0.0169179 -0.0802213 -0.0794161 0.993464 0.49918 0.707882 0.0160908 0.079655 -0.029373 0.681728
1.69393 -0.275214 0.196033 -0.0230095 -0.0292299 -0.142907 0.989037 0.260572 -0.100255 -0.0256224 0.0459017 -0.0553436 2.38605
1.91418 -0.346821 0.206831 -0.0201218 -0.0124441 -0.168762 0.985373 0.421438 0.236568 0.017433 0.0455577 -0.0776487 0.681728
3.03838 -0.660487 0.228756 0.0727561 -0.0121597 -0.0992341 0.992326 0.34216 -0.0259081 0.0595079 -0.00911101 0.0464014 3.06778
3.17524 -0.688316 0.231344 0.066332 -0.0199429 -0.0992265 0.992651 0.479522 0.404006 -0.0421825 -0.041663 -0.00355654 0.340864
3.82084 -0.78071 0.247282 0.0117565 -0.010606 -0.0415554 0.999011 0.480407 0.000651218 -0.0807041 0.0161717 0.084516 1.36346
4.72441 -0.778333 0.213006 0.110572 0.0516091 0.0432069 0.991586 0.407761 -0.0356111 0.0988652 0.0560501 0.0847553 2.04519
5.02992 -0.755028 0.191419 0.126041 0.0279964 0.0245306 0.991326 0.495789 0.129454 0.0453745 -0.0607972 -0.0644747 0.681728
6.50029 -0.576542 0.113513 0.197111 0.0442683 0.086135 0.975586 0.474326 -0.00701421 0.0482862 0.00690626 0.0402703 3.06778
7.77393 -0.256749 0.132217 0.0917655 -0.0260777 0.159464 0.982583 0.385261 -0.0291062 -0.0622145 -0.0606527 0.0404938 3.06778
7.97592 -0.190949 0.146862 0.111775 -0.00627833 0.158704 0.980959 0.0322913 -0.346049 0.032695 0.0444621 0.00363028 1.02259
8.02793 -0.173865 0.148164 0.104982 0.0118914 0.158203 0.981738 0.289794 0.75736 -0.0566541 0.0988696 0.00807454 0.340864
8.26442 -0.100254 0.158243 0.127526 -0.015339 0.145858 0.980932 0.439419 0.220037 0.0775992 -0.0643126 -0.0444756 0.681728
8.6082 -0.00811365 0.183357 0.167321 -0.0181313 0.115408 0.978957 0.0853671 -0.260332 0.0590879 0.0101783 -0.0431466 1.36346
8.86263 0.0361293 0.197636 0.138197 -0.0120311 0.0722519 0.987693 0.421908 0.329942 -0.0586451 0.0195974 -0.0838895 1.02259
9.30353 0.119848 0.214267 0.0683009 -0.000475144 0.138075 0.988064 0.0186256 -0.197687 -0.0694355 -0.00267915 0.0645539 2.04519
9.50609 0.172189 0.221965 0.0951462 -0.0113951 0.121336 0.987975 0.391896 0.365952 0.0550037 -0.0116485 -0.0338505 1.02259
10.289 0.446918 0.167736 0.0300759 0.102708 0.212483 0.971286 0.309542 -0.0346026 -0.0654784 0.0809992 0.0862469 2.38605
10.8723 0.656878 -0.0123095 -0.00667959 0.190888 0.111863 0.975194 0.234695 -0.0314484 -0.0547042 0.0678335 -0.0776735 2.38605
11.5334 0.877599 -0.217016 0.0810814 0.109688 0.187582 0.972732 0.24139 0.00218802 0.0715494 -0.0448511 0.0379744 3.06778
11.5746 0.895354 -0.225601 0.0884302 0.119366 0.195372 0.969413 0.0270741 -0.630341 0.0379803 0.0619136 0.0481086 0.340864
11.6989 0.957974 -0.255355 0.110335 0.138118 0.22493 0.958205 0.391728 0.536256 0.0649913 0.0623199 0.0879321 0.681728
12.0826 1.16608 -0.336632 0.00776658 0.0684032 0.250002 0.965795 0.043692 -0.170606 -0.0786173 -0.0920961 0.0283027 2.04519
12.8001 1.40613 -0.445698 -0.0623478 0.0658623 0.111415 0.989627 0.457271 0.135157 -0.0503681 -0.0134781 -0.0886188 3.06778
12.9781 1.44252 -0.470243 -0.0386519 0.0556025 0.0906369 0.993579 0.0820588 -0.551783 0.0690457 -0.0266789 -0.064495 0.681728
13.3285 1.47889 -0.493756 -0.0952875 0.0133955 0.0305077 0.994892 0.437557 0.261396 -0.0820871 -0.0728491 -0.0811188 1.36346
14.7167 1.52549 -0.439812 -0.184039 -0.0551233 -0.00340928 0.981366 0.471775 0.0111823 -0.0576178 -0.0484307 -0.0167796 3.06778
14.9675 1.52163 -0.418478 -0.181602 -0.0224641 -0.0295931 0.98267 0.268823 -0.29846 0.0123156 0.080304 -0.0928733 0.681728
