7.51774 -0.335708 0.114187 0.115427 -0.0104404 0.14341 0.982854 0.405053 0 0 0 0 0
7.6129 -0.307493 0.118419 0.104902 0.00133384 0.147148 0.983535 0.17934 -0.663862 -0.0714766 0.0567006 0.0283862 0.340864
8.52701 -0.111308 0.0711816 0.232374 0.0753229 0.0594517 0.967881 0.372239 0.0567348 0.068581 0.0595585 -0.0451397 3.40864
9.04165 -0.0676593 -0.0284603 0.175099 0.12785 -0.0154398 0.976092 0.40252 0.022266 -0.0974061 0.0946255 -0.0831833 1.36346
9.22738 -0.0597809 -0.0825383 0.173691 0.161791 0.00962619 0.971371 0.167044 -0.346289 0.00935839 0.0863952 0.0897826 0.681728
9.47967 -0.0371619 -0.173642 0.120077 0.187512 0.0231988 0.974619 0.360853 0.190009 -0.0994629 0.0423518 0.0515901 1.02259
10.2825 0.0163434 -0.48139 0.101259 0.180477 -0.00272696 0.978349 0.272654 -0.0324263 -0.0172732 -0.00358861 -0.0166724 2.72691
10.9642 -0.0065882 -0.725555 0.154871 0.155423 -0.0689109 0.973196 0.438009 0.0810566 0.0402098 -0.016714 -0.0755679 2.04519
12.1348 0.0419629 -1.11415 0.157014 0.164987 0.0614164 0.971779 0.371061 -0.0218783 0.01522 -0.00708144 0.0838233 3.06778
12.3186 0.0807383 -1.1674 0.159842 0.137928 0.0964268 0.972691 0.203289 -0.246724 0.029547 -0.0934713 0.0860608 0.681728
13.2229 0.219403 -1.32489 0.0712971 0.0579261 0.0388862 0.995012 0.404419 0.0657286 -0.0589462 -0.0526004 -0.0384795 3.06778
13.3572 0.232891 -1.34157 0.080468 0.0723574 0.0509237 0.992822 0.39597 -0.0248502 0.0554004 0.0822678 0.0738891 0.340864
14.2484 0.266452 -1.36438 0.0810142 -0.0459772 -0.0167843 0.99551 0.356023 -0.0167846 0.00122465 -0.094582 -0.0648402 2.38605
14.5173 0.249288 -1.34005 0.0871074 -0.049493 -0.0418154 0.99409 0.174597 -0.177869 0.0142619 -0.00321554 -0.0489216 1.02259
14.6217 0.240796 -1.32864 0.0787942 -0.0633114 -0.031285 0.994386 0.445185 0.795848 -0.0552321 -0.0840743 0.0521531 0.340864
