10.451 1.58067 -1.30477 -0.128555 -0.0624649 -0.071704 0.987132 0.361187 0 0 0 0 0
10.5699 1.5649 -1.28608 -0.122025 -0.0747167 -0.0773134 0.986686 0.352785 -0.0247112 0.0344738 -0.0783049 -0.0210964 0.340864
10.6853 1.54845 -1.26493 -0.115468 -0.0869517 -0.0829054 0.986019 0.344383 -0.0247112 0.0344738 -0.0783049 -0.0210964 0.340864
10.7973 1.53133 -1.2415 -0.108885 -0.0991672 -0.0884788 0.98513 0.335982 -0.0247112 0.0344738 -0.0783049 -0.0210964 0.340864
10.9057 1.51356 -1.21595 -0.102277 -0.11136 -0.0940324 0.98402 0.32758 -0.0247112 0.0344738 -0.0783049 -0.0210964 0.340864
11.0106 1.49519 -1.18845 -0.0956469 -0.123529 -0.0995649 0.98269 0.319178 -0.0247112 0.0344738 -0.0783049 -0.0210964 0.340864
11.1118 1.47623 -1.15918 -0.088995 -0.135669 -0.105075 0.981139 0.310776 -0.0247112 0.0344738 -0.0783049 -0.0210964 0.340864
11.2095 1.45673 -1.1283 -0.0823231 -0.147779 -0.110562 0.979367 0.302374 -0.0247112 0.0344738 -0.0783049 -0.0210964 0.340864
11.3034 1.43672 -1.09597 -0.0756327 -0.159856 -0.116023 0.977376 0.293973 -0.0247112 0.0344738 -0.0783049 -0.0210964 0.340864
11.3938 1.41624 -1.06238 -0.0689253 -0.171897 -0.121459 0.975166 0.285571 -0.0247112 0.0344738 -0.0783049 -0.0210964 0.340864
11.4969 1.38944 -1.02589 -0.0492557 -0.145212 -0.140304 0.978163 0.37693 0.268703 0.152203 0.134442 -0.0969149 0.340864
11.5927 1.35993 -0.993844 -0.065997 -0.149196 -0.166087 0.972522 0.242397 -0.395684 -0.07924 -0.021399 -0.166178 0.340864
11.6772 1.33374 -0.961452 -0.0704153 -0.181639 -0.144355 0.97016 0.311731 0.203922 -0.0769811 -0.174961 0.130767 0.340864
11.7815 1.30679 -0.913956 -0.0747244 -0.2138 -0.122399 0.966294 0.381065 0.203922 -0.0769811 -0.174961 0.130767 0.340864
11.8834 1.2823 -0.85956 -0.0797323 -0.245481 -0.130068 0.957321 0.314021 -0.197186 -0.0455826 -0.191165 -0.0424355 0.340864
11.9624 1.26209 -0.810126 -0.084647 -0.276876 -0.137586 0.94723 0.246978 -0.197186 -0.0455826 -0.191165 -0.0424355 0.340864
12.0198 1.24648 -0.768474 -0.0894628 -0.307946 -0.144943 0.936033 0.179935 -0.197186 -0.0455826 -0.191165 -0.0424355 0.340864
12.057 1.23569 -0.73728 -0.0941742 -0.338658 -0.15213 0.923742 0.112892 -0.197186 -0.0455826 -0.191165 -0.0424355 0.340864
12.076 1.22983 -0.719049 -0.0987755 -0.368973 -0.15914 0.910372 0.0458487 -0.197186 -0.0455826 -0.191165 -0.0424355 0.340864
12.0954 1.22398 -0.700096 -0.10294 -0.346531 -0.151071 0.920053 0.117229 0.209943 -0.0131832 0.149797 0.0301971 0.340864
12.1335 1.21352 -0.666337 -0.107035 -0.323853 -0.1429 0.929108 0.18861 0.209943 -0.0131832 0.149797 0.0301971 0.340864
12.192 1.19899 -0.619631 -0.111057 -0.300955 -0.134631 0.937532 0.25999 0.209943 -0.0131832 0.149797 0.0301971 0.340864
12.2723 1.18089 -0.561964 -0.115003 -0.277853 -0.126271 0.945319 0.331371 0.209943 -0.0131832 0.149797 0.0301971 0.340864
12.3559 1.16538 -0.500847 -0.120737 -0.314215 -0.104557 0.93582 0.284812 -0.136939 -0.10084 -0.19884 0.128958 0.340864
12.4237 1.15711 -0.443917 -0.126239 -0.349975 -0.0826425 0.924528 0.238253 -0.136939 -0.10084 -0.19884 0.128958 0.340864
12.4668 1.1538 -0.403679 -0.133795 -0.36906 -0.0786483 0.916356 0.109308 -0.37925 -0.0646676 -0.113987 0.0163677 0.340864
12.5151 1.15121 -0.353058 -0.126807 -0.399892 -0.0730981 0.9048 0.302232 0.567425 0.00226173 -0.190185 0.064021 0.340864
12.6023 1.14803 -0.24936 -0.119671 -0.430259 -0.0674629 0.892191 0.495157 0.567425 0.00226173 -0.190185 0.064021 0.340864
12.6971 1.14301 -0.131274 -0.130127 -0.420031 -0.0892256 0.893689 0.396378 -0.290524 0.00532199 0.0463038 -0.147299 0.340864
12.7721 1.13523 -0.04053 -0.140492 -0.409514 -0.110927 0.89457 0.2976 -0.290524 0.00532199 0.0463038 -0.147299 0.340864
12.8264 1.12687 0.0235271 -0.150761 -0.398713 -0.132552 0.894834 0.198822 -0.290524 0.00532199 0.0463038 -0.147299 0.340864
12.8594 1.12016 0.0615759 -0.160926 -0.387638 -0.154085 0.894482 0.100044 -0.290524 0.00532199 0.0463038 -0.147299 0.340864
12.8805 1.11486 0.0858318 -0.143662 -0.39122 -0.160432 0.894746 0.0915586 -0.0249557 0.102319 -0.0399006 0.00959561 0.340864
12.8994 1.10933 0.108018 -0.126348 -0.394664 -0.166724 0.894695 0.0830737 -0.0249557 0.102319 -0.0399006 0.00959561 0.340864
12.9162 1.10369 0.128093 -0.10899 -0.397969 -0.172957 0.894331 0.0745887 -0.0249557 0.102319 -0.0399006 0.00959561 0.340864
12.931 1.09808 0.146025 -0.0915932 -0.401135 -0.179129 0.893652 0.0661038 -0.0249557 0.102319 -0.0399006 0.00959561 0.340864
12.9439 1.09264 0.161789 -0.0741644 -0.404159 -0.185238 0.89266 0.0576189 -0.0249557 0.102319 -0.0399006 0.00959561 0.340864
12.9548 1.08752 0.175369 -0.0567095 -0.407042 -0.191282 0.891354 0.0491339 -0.0249557 0.102319 -0.0399006 0.00959561 0.340864
12.9638 1.08284 0.186757 -0.0392347 -0.409782 -0.197259 0.889735 0.040649 -0.0249557 0.102319 -0.0399006 0.00959561 0.340864
12.9756 1.0765 0.200958 -0.0033969 -0.393754 -0.183668 0.900673 0.0744092 0.0992948 0.175983 0.0718288 0.166559 0.340864
12.9955 1.06621 0.222431 0.0324471 -0.376999 -0.169739 0.909949 0.108169 0.0992948 0.175983 0.0718288 0.166559 0.340864
13.0243 1.052 0.250326 0.0682313 -0.359548 -0.155496 0.917546 0.14193 0.0992948 0.175983 0.0718288 0.166559 0.340864
13.0627 1.03401 0.283767 0.103889 -0.341434 -0.140966 0.923449 0.17569 0.0992948 0.175983 0.0718288 0.166559 0.340864
13.1086 1.0119 0.320667 0.122838 -0.330356 -0.15676 0.922606 0.194654 0.0557757 0.144368 0.0524234 -0.0416681 0.340864
13.1596 0.984852 0.359178 0.141697 -0.319038 -0.172438 0.921087 0.213617 0.0557757 0.144368 0.0524234 -0.0416681 0.340864
13.2157 0.9525 0.398753 0.160452 -0.307485 -0.187991 0.918895 0.232581 0.0557757 0.144368 0.0524234 -0.0416681 0.340864
13.2767 0.914498 0.438812 0.179089 -0.295708 -0.203405 0.91603 0.251545 0.0557757 0.144368 0.0524234 -0.0416681 0.340864
13.3426 0.870547 0.478753 0.197596 -0.283714 -0.218671 0.912494 0.270509 0.0557757 0.144368 0.0524234 -0.0416681 0.340864
13.4134 0.820388 0.517946 0.215958 -0.271512 -0.233777 0.908291 0.289472 0.0557757 0.144368 0.0524234 -0.0416681 0.340864
13.4889 0.763806 0.555745 0.234161 -0.259112 -0.248712 0.903422 0.308436 0.0557757 0.144368 0.0524234 -0.0416681 0.340864
13.569 0.700637 0.591486 0.252194 -0.246522 -0.263465 0.897893 0.3274 0.0557757 0.144368 0.0524234 -0.0416681 0.340864
13.6535 0.630759 0.624492 0.270042 -0.233752 -0.278025 0.891706 0.346364 0.0557757 0.144368 0.0524234 -0.0416681 0.340864
13.7423 0.554106 0.654076 0.287692 -0.22081 -0.292381 0.884867 0.365327 0.0557757 0.144368 0.0524234 -0.0416681 0.340864
13.824 0.481314 0.681447 0.257828 -0.234086 -0.295217 0.889705 0.298036 -0.197917 -0.182814 -0.0066594 -0.0677083 0.340864
13.8877 0.423281 0.707003 0.227681 -0.247105 -0.297728 0.893565 0.230744 -0.197917 -0.182814 -0.0066594 -0.0677083 0.340864
13.9413 0.373759 0.728389 0.229941 -0.222132 -0.309725 0.895463 0.216898 -0.0407223 0.0705183 0.146154 -0.0230094 0.340864
13.9922 0.326467 0.744814 0.232022 -0.196987 -0.321483 0.896667 0.203053 -0.0407223 0.0705183 0.146154 -0.0230094 0.340864
14.0401 0.281594 0.756718 0.233923 -0.171689 -0.33299 0.897174 0.189207 -0.0407223 0.0705183 0.146154 -0.0230094 0.340864
