12.7721 1.13523 -0.04053 -0.140492 -0.409514 -0.110927 0.89457 0.2976 0 0 0 0 0
12.8112 1.1289 0.0063097 -0.109513 -0.409657 -0.124559 0.897036 0.0632735 -0.689196 0.197838 -0.026298 0.00462023 0.340864
12.8278 1.12424 0.0277971 -0.0939371 -0.432585 -0.158978 0.882481 0.0988749 0.10471 0.139005 -0.189713 -0.140028 0.340864
12.8493 1.11499 0.0597965 -0.0781577 -0.454577 -0.193052 0.866015 0.134476 0.10471 0.139005 -0.189713 -0.140028 0.340864
12.8741 1.09969 0.102611 -0.0622091 -0.475584 -0.226709 0.847675 0.170078 0.10471 0.139005 -0.189713 -0.140028 0.340864
12.9002 1.07695 0.156274 -0.0461258 -0.495562 -0.259875 0.827499 0.205679 0.10471 0.139005 -0.189713 -0.140028 0.340864
12.9257 1.04554 0.220547 -0.0299427 -0.514468 -0.292478 0.805533 0.241281 0.10471 0.139005 -0.189713 -0.140028 0.340864
12.9486 1.00435 0.294921 -0.0136947 -0.532259 -0.324448 0.781822 0.276882 0.10471 0.139005 -0.189713 -0.140028 0.340864
12.9705 0.960918 0.374463 -0.023602 -0.539213 -0.29402 0.788825 0.271602 -0.0155308 -0.153568 0.0113109 0.12287 0.340864
12.9948 0.918515 0.451177 -0.0129991 -0.506217 -0.315814 0.802395 0.263595 -0.023549 0.177333 0.174837 -0.048625 0.340864
13.0219 0.872596 0.521463 -0.00237197 -0.472279 -0.337021 0.814472 0.255588 -0.023549 0.177333 0.174837 -0.048625 0.340864
13.0575 0.820907 0.59527 0.00238134 -0.449712 -0.309041 0.838002 0.314457 0.173144 -0.00989277 0.164508 0.193649 0.340864
13.1093 0.761949 0.681882 0.00713021 -0.426304 -0.280484 0.859967 0.373326 0.173144 -0.00989277 0.164508 0.193649 0.340864
13.1741 0.700499 0.771414 0.0234814 -0.397461 -0.263956 0.878522 0.370637 -0.00790947 0.0881019 0.164815 0.156486 0.340864
13.2464 0.640551 0.854654 0.0397924 -0.367935 -0.246974 0.895569 0.367948 -0.00790947 0.0881019 0.164815 0.156486 0.340864
13.3259 0.582678 0.93129 0.056035 -0.337778 -0.229568 0.911079 0.365259 -0.00790947 0.0881019 0.164815 0.156486 0.340864
13.4118 0.527429 1.00106 0.0721814 -0.30704 -0.211768 0.925025 0.362569 -0.00790947 0.0881019 0.164815 0.156486 0.340864
13.5036 0.475326 1.06374 0.0882038 -0.275776 -0.193604 0.937382 0.35988 -0.00790947 0.0881019 0.164815 0.156486 0.340864
13.6007 0.426858 1.11918 0.104075 -0.244038 -0.175108 0.94813 0.357191 -0.00790947 0.0881019 0.164815 0.156486 0.340864
13.7024 0.382483 1.16726 0.119767 -0.211881 -0.156312 0.957251 0.354502 -0.00790947 0.0881019 0.164815 0.156486 0.340864
13.8081 0.342618 1.20792 0.135254 -0.179361 -0.137247 0.964728 0.351813 -0.00790947 0.0881019 0.164815 0.156486 0.340864
13.917 0.307644 1.24117 0.150509 -0.146532 -0.117946 0.970548 0.349123 -0.00790947 0.0881019 0.164815 0.156486 0.340864
14.0355 0.276058 1.26935 0.157344 -0.118255 -0.0985226 0.975475 0.391177 0.123687 0.0375468 0.143775 0.145265 0.340864
14.1704 0.247115 1.2938 0.163983 -0.0898304 -0.0789763 0.979185 0.43323 0.123687 0.0375468 0.143775 0.145265 0.340864
14.3048 0.223248 1.31872 0.17466 -0.118588 -0.0605075 0.975587 0.383143 -0.147314 0.0418582 -0.190359 0.0826269 0.340864
14.4216 0.205241 1.34789 0.185111 -0.147192 -0.0419604 0.970725 0.333057 -0.147314 0.0418582 -0.190359 0.0826269 0.340864
14.5207 0.19215 1.37922 0.195322 -0.175605 -0.0233589 0.964607 0.28297 -0.147314 0.0418582 -0.190359 0.0826269 0.340864
14.602 0.183081 1.41062 0.205279 -0.203791 -0.00472715 0.957239 0.232883 -0.147314 0.0418582 -0.190359 0.0826269 0.340864
14.666 0.177199 1.44001 0.214972 -0.231714 0.0139107 0.948632 0.182797 -0.147314 0.0418582 -0.190359 0.0826269 0.340864
14.7132 0.173733 1.46534 0.224385 -0.259336 0.0325305 0.938796 0.13271 -0.147314 0.0418582 -0.190359 0.0826269 0.340864
14.7442 0.171989 1.48462 0.233508 -0.286622 0.0511083 0.927744 0.0826235 -0.147314 0.0418582 -0.190359 0.0826269 0.340864
