0 0 0 0 0 0 1 6.91176e-310 0 0 0 0 0
0.200448 -0.0140376 -0.0164045 0.120046 0.0560658 -0.0575249 0.989513 0.148348 0.0545396 0.0885787 0.0413696 -0.0424462 2.72691
0.53272 -0.0138838 -0.0245473 0.0527516 -0.034774 0.0570413 0.996371 0.131947 -0.006891 -0.0558838 -0.0845288 0.0899923 2.38605
0.602148 -0.0055556 -0.0188432 0.0479865 -0.0400356 0.0649612 0.995929 0.280752 0.437661 -0.0276458 -0.0349859 0.0439597 0.340864
0.947871 0.0430829 0.029753 0.0417832 -0.0935316 0.0800931 0.99151 0.237885 -0.03152 -0.00455636 -0.0803131 0.0184538 1.36346
1.46164 0.171583 0.16077 -0.0226221 -0.157201 0.176975 0.971317 0.0837503 -0.0453336 -0.0395167 -0.0437923 0.0525059 3.40864
1.95366 0.444657 0.312499 -0.0840746 -0.145799 0.274421 0.946767 0.297867 0.0699726 -0.0508257 -0.000953453 0.0583568 3.06778
2.36124 0.698941 0.465182 -0.0378917 -0.201509 0.237337 0.949542 0.444164 0.107571 0.0951825 -0.0629878 -0.0360017 1.36346
2.5676 0.814774 0.561072 -0.0816971 -0.223078 0.212819 0.947771 0.306884 -0.201883 -0.092995 -0.0946433 -0.0908415 0.681728
3.06224 1.11384 0.832406 -0.121216 -0.276243 0.230486 0.925134 0.444712 0.0810758 -0.0375978 -0.073482 0.020123 1.70432
3.24395 1.24241 0.948444 -0.110699 -0.287509 0.256201 0.916213 0.293698 -0.22208 0.0121799 -0.0216095 0.0885936 0.681728
3.59042 1.54536 1.23502 -0.0887767 -0.35812 0.291738 0.882473 0.34497 0.0301599 0.0285366 -0.0763883 0.0651711 1.70432
3.79553 1.75589 1.4422 -0.198837 -0.388873 0.255816 0.862438 0.0781082 -0.156977 -0.0908915 -0.0820973 -0.0737575 1.70432
3.84446 1.8119 1.50181 -0.165703 -0.466316 0.250554 0.832054 0.0341679 -0.0258473 0.052296 -0.0838489 0.0371302 1.70432
3.87106 1.84437 1.54339 -0.160432 -0.467623 0.23066 0.838085 0.313359 0.82115 0.0881813 -0.00147661 -0.0905301 0.340864
4.19983 2.44124 2.23414 -0.148815 -0.527599 0.345151 0.761816 0.259433 -0.0158607 -0.0249204 -0.0383105 0.0759335 3.40864
4.3844 2.88014 2.72346 -0.0828566 -0.48048 0.325351 0.810198 0.410502 0.0740539 0.0506975 0.0797717 -0.00392286 2.04519
4.51115 3.11966 2.99602 -0.092601 -0.465761 0.341489 0.811096 0.34319 -0.0659923 -0.0399317 0.0206366 0.0134933 1.02259
4.8213 3.75382 3.54385 -0.084706 -0.37055 0.43222 0.817743 0.409047 0.0276709 -0.0571016 0.0770466 0.0557774 2.38605
4.91872 3.96992 3.68775 -0.124047 -0.375954 0.427911 0.812505 0.406588 -0.00361675 -0.0843798 -0.0698108 -0.0452473 0.681728
5.2991 4.73974 4.14792 -0.255731 -0.387056 0.364397 0.807468 0.310074 -0.0354831 -0.0582904 -0.0554506 -0.0720081 2.72691
5.44411 4.98132 4.29951 -0.240462 -0.402209 0.32115 0.822963 0.317555 0.00733501 0.0756267 -0.0230172 -0.060384 1.02259
5.67301 5.35565 4.54993 -0.14975 -0.360875 0.393242 0.832289 0.177822 -0.0684966 0.034032 0.0827939 0.0814616 2.04519
5.72308 5.44299 4.61029 -0.139409 -0.390017 0.369997 0.831597 0.167484 -0.0152039 0.0834081 -0.0703661 -0.032296 0.681728
5.75998 5.50934 4.66071 -0.130203 -0.399475 0.380445 0.82385 0.368644 0.591648 0.0352982 -0.0354382 0.0968481 0.340864
6.16928 6.14365 5.042 -0.231391 -0.274476 0.361431 0.860517 0.186445 -0.0595421 -0.0778411 0.0503327 -0.0566735 3.06778
6.70668 6.62469 5.30522 -0.134345 -0.227266 0.244153 0.933108 0.380221 0.0712412 0.0853138 0.0506179 -0.0823652 2.72691
7.05037 6.82076 5.46115 -0.104247 -0.216252 0.190009 0.951979 0.454233 0.0725611 0.0789523 0.0287285 -0.097657 1.02259
8.14711 7.28761 5.8369 -0.196103 -0.145748 0.142108 0.959222 0.363812 -0.0295496 -0.0588005 0.0303002 -0.0486184 3.06778
8.54469 7.4119 5.93001 -0.202645 -0.132254 0.104573 0.964628 0.473341 0.107381 -0.00325978 0.0106719 -0.0791826 1.02259
9.45053 7.57814 6.10467 -0.107413 -0.0686511 0.0185668 0.991668 0.0790228 -0.115976 0.0602525 0.0339197 -0.0508188 3.40864
9.57467 7.57835 6.1184 -0.161512 -0.0414 -0.0294235 0.985563 0.104735 0.0189063 -0.0758331 0.0300973 -0.0796654 1.36346
9.92129 7.56336 6.13298 -0.222024 0.000502012 -0.022234 0.974788 0.406053 0.221557 -0.0889701 0.064461 -0.00368608 1.36346
10.0456 7.5562 6.13394 -0.212845 0.00454841 -0.0360354 0.976411 0.326596 -0.233697 0.05524 0.00397229 -0.0842414 0.340864
10.1086 7.55184 6.13412 -0.21916 0.00854473 -0.0306621 0.97517 0.0450216 -0.828161 -0.0368311 0.0310529 0.0257649 0.340864
10.2211 7.53869 6.13645 -0.228088 -0.00177646 -0.0839693 0.970011 0.0660381 0.0103022 -0.0104056 -0.0210204 -0.0488519 2.04519
10.3075 7.52041 6.13423 -0.201096 0.0715463 -0.113841 0.9703 0.0640706 -0.00144666 0.0477883 0.0913486 -0.0671774 1.36346
10.6492 7.37743 6.07124 -0.258521 0.171401 -0.204619 0.928396 0.212946 0.0547336 -0.0437531 0.0650832 -0.0803298 2.72691
11.1317 7.11384 5.92276 -0.206545 0.204778 -0.198429 0.935965 0.345568 0.0650108 0.056999 0.0202624 -0.0100467 2.04519
11.6644 6.78591 5.71701 -0.234393 0.23541 -0.23294 0.913992 0.429465 0.0493513 -0.0371882 0.0371595 -0.043891 1.70432
12.0237 6.51751 5.5669 -0.294966 0.260782 -0.254346 0.883343 0.266276 -0.119992 -0.0907866 0.05814 -0.0270724 1.36346
12.2681 6.29103 5.46045 -0.323315 0.284953 -0.292763 0.853557 0.41989 0.150601 -0.073964 0.0490459 -0.0809295 1.02259
12.372 6.18672 5.4165 -0.327551 0.270861 -0.289129 0.857758 0.48421 0.189179 -0.0314559 -0.0635938 0.0593864 0.340864
12.8876 5.57147 5.20266 -0.411804 0.334735 -0.359841 0.767388 0.127881 -0.131004 -0.0757158 0.0594063 -0.0626691 2.72691
12.9685 5.42281 5.15817 -0.319419 0.364041 -0.411247 0.772219 0.0781743 -0.0292391 0.0780659 -0.0395396 -0.0951361 1.70432
13.1125 5.08433 5.07121 -0.3224 0.318467 -0.462547 0.762028 0.47796 0.29396 -0.0632485 -0.068648 -0.0414494 1.36346
13.302 4.51376 4.96872 -0.285928 0.310387 -0.542061 0.726687 0.120583 -0.175185 -0.0124312 -0.0367292 -0.08439 2.04519
13.4184 3.80118 4.82681 -0.167871 0.297908 -0.594892 0.727443 0.312593 0.0564734 0.0370713 -0.0521484 -0.0419159 3.40864
13.4854 2.97051 4.55301 0.0169411 0.264345 -0.639579 0.721646 0.204187 -0.0318841 0.0593034 -0.0829481 -0.0505376 3.40864
13.5077 2.19458 4.10933 -0.0230877 0.421826 -0.567056 0.70709 0.32259 0.0348243 0.0539651 0.0838972 0.0332801 3.40864
13.5073 1.81585 3.8754 -0.0984499 0.422381 -0.567404 0.699968 0.332341 0.00716993 -0.0784338 0.067894 0.0404684 1.36346
13.5099 1.7028 3.81305 -0.0833059 0.401963 -0.55724 0.721782 0.0475108 -0.418867 0.0160497 -0.0914832 0.0444367 0.681728
13.5371 1.48552 3.69527 -0.0968668 0.379778 -0.534554 0.748758 0.440144 0.384935 -0.021153 -0.0341481 0.0759179 1.02259
13.6419 0.864404 3.28288 -0.0285681 0.440203 -0.487729 0.753343 0.299252 -0.0690649 0.0998491 0.0113232 0.00561786 2.04519
13.7316 0.441887 2.91394 -0.0662584 0.473722 -0.426136 0.767858 0.0720984 -0.0742331 0.0101301 0.0255202 0.0452219 3.06778
13.8358 -0.0246719 2.29819 0.0866561 0.52855 -0.410338 0.73807 0.438849 0.119853 0.0960561 -0.00518979 -0.0503195 3.06778
13.8485 -0.0850471 2.19487 0.107047 0.529541 -0.407915 0.736025 0.269002 -0.499549 0.0995051 -0.0397982 -0.0573127 0.340864
13.9 -0.281884 1.79599 0.161251 0.53583 -0.389025 0.731809 0.389764 0.0887957 0.0778593 -0.0254133 -0.0233155 1.36346
13.951 -0.449094 1.43578 0.169172 0.510477 -0.41704 0.732715 0.395385 0.00551038 -0.0377023 -0.0345245 -0.0558615 1.02259
13.9951 -0.610107 1.08102 0.1512 0.555804 -0.380418 0.723535 0.373587 -0.021371 0.050979 0.076908 0.0781812 1.02259
14.0151 -0.75759 0.626913 0.281876 0.601904 -0.396904 0.633028 0.0288819 -0.144834 0.0984436 0.0307638 -0.0945693 2.38605
14.0327 -0.868795 0.14072 0.337373 0.502775 -0.458967 0.650189 0.460725 0.211688 -0.0456265 -0.0763083 -0.0922451 2.04519
