0.207779 0.0343178 -0.0341166 -0.00569791 0.119848 0.1216 0.985301 0.157381 0 0 0 0 0
0.771841 0.149622 -0.231469 -0.0202801 0.201739 0.0787227 0.97606 0.240984 0.0273211 -0.0193208 0.0522191 -0.0260792 3.06778
1.04939 0.172901 -0.329784 -0.0133748 0.102834 -0.0248187 0.994299 0.00782551 -0.0979656 -0.0050532 -0.0858221 -0.0859175 2.38605
1.15414 0.154488 -0.356928 -0.101896 0.147472 -0.105247 0.978158 0.0640112 0.0183614 -0.0625224 0.0309116 -0.0471001 3.06778
1.29658 0.118874 -0.405315 -0.0727963 0.183879 -0.10207 0.974921 0.239178 0.171732 0.0636199 0.0654164 -0.0102668 1.02259
1.6076 0.0229723 -0.527928 -0.0227594 0.193094 -0.170996 0.965897 0.102009 -0.0672398 0.0357222 0.000509385 -0.0765562 2.04519
1.81636 -0.0662829 -0.632633 0.00967138 0.245688 -0.198555 0.948746 0.10824 0.00261811 0.0291045 0.0403172 -0.0311268 2.38605
1.88643 -0.0966154 -0.671812 0.0326113 0.223357 -0.180478 0.957327 0.0600461 -0.0472491 0.0425369 -0.0549616 0.0255006 1.02259
2.15073 -0.189151 -0.831488 -0.0245995 0.28154 -0.130386 0.950331 0.414232 0.260431 -0.0483861 0.0971406 0.0903865 1.36346
2.95745 -0.422469 -1.42828 0.10039 0.328928 -0.129581 0.93002 0.192342 -0.0652617 0.0735697 0.0203422 -0.0225622 3.40864
3.22156 -0.468433 -1.65085 0.0708983 0.335965 -0.0736288 0.936312 0.217702 0.0149171 -0.0102936 0.00315445 0.074473 1.70432
3.3762 -0.484733 -1.78022 0.0893856 0.335079 -0.0707899 0.935265 0.377234 0.234607 0.0537459 -0.00600199 -0.0108621 0.681728
3.57116 -0.494143 -1.94977 0.129311 0.360227 -0.0427111 0.922871 0.129912 -0.242473 0.0973805 0.0438217 0.0279626 1.02259
3.7812 -0.490819 -2.1311 0.0713488 0.3381 -0.0197238 0.938195 0.414271 0.278783 -0.0944606 -0.0518792 0.0782701 1.02259
3.8475 -0.490064 -2.18479 0.0603455 0.325788 -0.0180426 0.943343 0.0876073 -0.960775 -0.0609731 -0.0776174 0.026593 0.340864
3.86233 -0.489956 -2.19675 0.040322 0.342063 -0.0115157 0.938741 0.0244197 -0.185846 -0.0952548 0.09895 0.0798897 0.340864
3.89041 -0.488972 -2.22112 0.0392653 0.35467 0.00566479 0.93415 0.194367 0.499844 0.0306795 0.0748554 0.0996842 0.340864
4.49105 -0.383406 -2.89394 0.0214057 0.446895 0.0852586 0.890257 0.474943 0.103153 0.00939961 0.0726285 0.0623517 2.72691
4.87703 -0.272673 -3.39866 -0.0160632 0.427479 0.104015 0.897878 0.283883 -0.112388 -0.0276367 -0.0285831 0.0381047 1.70432
4.93324 -0.256534 -3.4712 -0.0215578 0.437929 0.107708 0.892274 0.264183 -0.0579395 -0.0266588 0.0662731 0.0357632 0.340864
5.09289 -0.210198 -3.69678 -0.0281417 0.464685 0.104428 0.878846 0.285353 0.0207544 -0.0205565 0.0568203 0.00162057 1.02259
5.96619 -0.297285 -4.61646 -0.110805 0.330338 -0.0988103 0.932114 0.470974 0.0545946 -0.0901938 -0.0935343 -0.0844948 3.40864
6.10669 -0.346129 -4.72235 -0.116103 0.310959 -0.113195 0.936489 0.0660927 -0.595414 -0.0327097 -0.0605309 -0.0267048 0.681728
6.22198 -0.377201 -4.79997 -0.0282797 0.278233 -0.0725554 0.957352 0.0736482 0.00370365 0.0919319 -0.0416027 0.0166089 2.04519
6.36536 -0.406174 -4.89862 -0.00078438 0.304638 -0.0891175 0.94829 0.445353 0.546625 0.068768 0.074541 -0.0732869 0.681728
6.62718 -0.458201 -5.07352 -0.032799 0.266729 -0.0705355 0.960627 0.180584 -0.259577 -0.0550606 -0.0722695 0.0559161 1.02259
7.22244 -0.526969 -5.32453 -0.080181 0.138714 -0.0176591 0.986923 0.245414 0.0211863 -0.025965 -0.0819441 0.0455841 3.06778
7.30681 -0.533379 -5.34837 -0.0813334 0.140309 -0.0331373 0.986205 0.271752 0.0774655 -0.019494 0.00266594 -0.089748 0.340864
7.42628 -0.543196 -5.38149 -0.0912257 0.135017 -0.0235645 0.986353 0.459783 0.553031 -0.0504485 -0.0243194 0.0662616 0.340864
7.86482 -0.562706 -5.52171 -0.104093 0.175755 0.0117089 0.978845 0.444216 -0.0152617 -0.0150167 0.0877256 0.0640259 1.02259
8.00605 -0.566565 -5.57217 -0.0901997 0.16647 -0.00402394 0.981904 0.43834 -0.0172818 0.0662516 -0.065307 -0.0994869 0.340864
9.14861 -0.527833 -5.90728 -0.0150278 0.115914 0.0524602 0.991759 0.438675 0.000123213 0.0618096 -0.0342486 0.0350289 2.72691
9.37534 -0.507852 -5.95588 0.0138633 0.0916719 0.032606 0.995159 0.245961 -0.283403 0.0814201 -0.0683127 -0.0672367 0.681728
9.92683 -0.461229 -6.037 0.0444072 0.0591256 0.045594 0.99622 0.412272 0.0978294 0.0384058 -0.0372725 0.0113444 1.70432
10.0721 -0.448677 -6.05193 0.0562856 0.047314 0.0351594 0.996673 0.449676 0.110014 0.0690336 -0.0634677 -0.0684908 0.340864
10.4897 -0.408715 -6.07528 0.0550031 0.0124784 0.0574752 0.996752 0.374487 -0.0737145 0.00195747 -0.0706566 0.0398913 1.02259
10.6012 -0.396252 -6.07626 0.0605591 0.00228852 0.0528634 0.996761 0.285619 -0.261379 0.0356809 -0.0563773 -0.0307492 0.340864
10.7838 -0.382063 -6.07212 0.064128 -0.020538 0.0253605 0.997408 0.253316 -0.0475042 0.0137145 -0.0614833 -0.0848373 0.681728
10.8392 -0.37925 -6.06902 0.050069 -0.0347777 0.0291802 0.997713 0.0732846 -0.529503 -0.0809439 -0.0870532 0.0152961 0.340864
10.96 -0.368976 -6.05915 0.0688268 -0.04044 0.0566687 0.995197 0.165306 0.0902166 0.0353993 -0.0128767 0.0546535 1.02259
11.1551 -0.344158 -6.02836 0.07748 -0.124753 0.0863523 0.985382 0.0300965 -0.0662789 0.0126296 -0.0842886 0.0241938 2.04519
11.3251 -0.326619 -5.97499 0.0917555 -0.158126 0.0492561 0.981912 0.32095 0.285151 0.0428535 -0.0573028 -0.0726977 1.02259
11.591 -0.294638 -5.87832 0.0629601 -0.177945 0.0941003 0.977505 0.237731 -0.0815881 -0.0666735 -0.0504009 0.0743114 1.02259
11.6681 -0.280306 -5.8479 0.0465507 -0.181361 0.100321 0.977178 0.256799 0.0560821 -0.0988594 -0.0313707 0.0175089 0.340864
11.8645 -0.247434 -5.77473 0.0322954 -0.16445 0.073077 0.983144 0.367254 0.162435 -0.0322517 0.0513191 -0.0853675 0.681728
12.9383 -0.0931634 -5.24573 -0.0177749 -0.281812 0.0603488 0.957405 0.423405 0.0183498 -0.0247277 -0.0805336 -0.0148509 3.06778
13.1929 -0.0559157 -5.07509 -0.0365722 -0.302724 0.0485464 0.951138 0.182024 -0.236648 -0.026514 -0.0453613 -0.0310778 1.02259
13.2528 -0.0461435 -5.03216 -0.0377646 -0.309476 0.0649566 0.947934 0.255366 0.215712 -0.0346566 -0.0402953 0.0920632 0.340864
13.5785 0.0856131 -4.74091 -0.117643 -0.432546 0.248377 0.858704 0.0151549 -0.0706502 -0.0760129 -0.0847403 0.0948794 3.40864
13.8784 0.389621 -4.18972 -0.18337 -0.543896 0.117038 0.810466 0.441348 0.139279 0.0146981 -0.0974908 -0.0763653 3.06778
14.2395 0.857762 -3.28749 -0.24808 -0.583061 0.12339 0.763722 0.465729 0.0102442 -0.0503926 -0.053495 -0.0146368 2.38605
14.3646 1.06112 -2.88875 -0.209549 -0.614123 0.0745775 0.757219 0.081422 -0.226063 0.070772 -0.0410556 -0.00742341 1.70432
14.3947 1.11434 -2.76903 -0.236205 -0.620743 0.0805656 0.743233 0.313979 0.341996 -0.0773626 -0.0421697 -0.0276673 0.681728
14.4917 1.24706 -2.42656 -0.210733 -0.590144 0.00884748 0.779258 0.133482 -0.106175 0.0818676 0.0355966 -0.0561006 1.70432
14.5759 1.31803 -2.14414 -0.196201 -0.608004 -0.0157345 0.769148 0.461032 0.321128 0.0467901 -0.0489046 -0.0131925 1.02259
14.7867 1.43522 -0.884782 -0.142854 -0.667563 -0.153226 0.714475 0.485821 0.00911343 0.0834548 -0.0789507 -0.0461669 2.72691
14.7947 1.43325 -0.765958 -0.144302 -0.666529 -0.134668 0.718875 0.21487 -0.796915 -0.0743288 0.0385252 0.0754116 0.340864
14.8615 1.48913 -0.217065 -0.200352 -0.645763 -0.0364028 0.735883 0.194656 -0.00743154 -0.074093 0.0353685 0.0240066 2.72691
