0 0 0 0 0 0 1 6.93549e-310 0 0 0 0 0
0.416826 -0.049156 -0.0468058 0.114309 0.0753724 -0.0942494 0.986088 0.276474 0.0903511 0.0750603 0.0494927 -0.0618882 3.06778
0.47872 -0.0598575 -0.0569956 0.101587 0.0645903 -0.091301 0.98852 0.0978474 -0.525373 -0.0801073 -0.0585522 0.0168424 0.340864
0.636333 -0.084945 -0.0780799 0.0968823 0.0531006 -0.0798927 0.990662 0.375655 0.40854 -0.0152364 -0.0359594 0.0312061 0.681728
1.31957 -0.232675 -0.136371 0.11023 0.0090217 -0.137642 0.984288 0.450284 0.0438994 0.00854033 -0.0456893 -0.0738304 1.70432
2.25993 -0.654606 -0.283344 -0.0404138 0.139158 -0.303678 0.941691 0.166236 -0.0835433 -0.0756767 0.0996863 -0.0913988 3.40864
2.39687 -0.747987 -0.319102 -0.153226 0.122789 -0.230558 0.953041 0.000110734 -0.0814341 -0.0989036 0.0198842 0.0871934 2.04519
2.67832 -0.910011 -0.418845 -0.109781 0.21533 -0.225413 0.943806 0.285702 0.119996 0.052157 0.0674308 -0.0140914 2.38605
3.60492 -1.46326 -1.0114 -0.0972881 0.338621 -0.195645 0.915201 0.440472 0.0455206 0.0252789 0.0725443 0.00319817 3.40864
3.72799 -1.53835 -1.11485 -0.0668565 0.333773 -0.205505 0.917547 0.081453 -0.527969 0.0699895 -0.0357244 -0.0541202 0.681728
3.78326 -1.57098 -1.16267 -0.0607151 0.342969 -0.194667 0.916946 0.389346 0.905567 0.065307 0.0476512 0.0420941 0.340864
3.84583 -1.60766 -1.21604 -0.0637467 0.326586 -0.205022 0.920459 0.140365 -0.732297 -0.0547503 -0.0956857 -0.0398621 0.340864
3.88235 -1.63022 -1.24687 -0.0606673 0.337302 -0.21486 0.914539 0.170526 0.0887106 0.00847727 0.0619933 -0.0703444 0.340864
3.90403 -1.6443 -1.26564 -0.0770183 0.337405 -0.219765 0.912102 0.0174318 -0.450278 -0.0984403 0.0243053 0.00293612 0.340864
3.90903 -1.64789 -1.26999 -0.0989969 0.342974 -0.244975 0.901419 0.00472899 -0.0186806 -0.0828156 0.0340454 -0.0539966 0.681728
3.93064 -1.66786 -1.29043 -0.122513 0.362579 -0.280265 0.880328 0.100693 0.141124 -0.0899996 0.0799561 -0.0907849 0.681728
3.94106 -1.67857 -1.301 -0.120719 0.377892 -0.285892 0.87229 0.00695889 -0.27569 0.0167421 0.0894303 -0.057256 0.340864
3.95233 -1.69226 -1.31615 -0.0986723 0.446703 -0.294034 0.839205 0.0159265 0.00439586 0.0312418 0.0640287 -0.032582 2.04519
3.96659 -1.71309 -1.34077 -0.0974966 0.459544 -0.305352 0.828296 0.191504 0.516404 -0.0080592 0.0834593 -0.0852906 0.340864
4.01074 -1.78267 -1.42082 -0.152054 0.47688 -0.292767 0.81471 0.0337724 -0.154639 -0.0695275 0.0755141 0.0581864 1.02259
4.02664 -1.81149 -1.45167 -0.156855 0.484356 -0.309231 0.803226 0.231611 0.581878 -0.0665923 0.0615927 -0.0919073 0.340864
4.05483 -1.86553 -1.50688 -0.170003 0.478609 -0.312946 0.802557 0.252158 0.0604345 -0.0837804 -0.00476184 0.0239919 0.340864
4.07595 -1.90545 -1.54822 -0.169601 0.493472 -0.291434 0.80174 0.108034 -0.423895 0.0890105 0.0932493 0.0840698 0.340864
4.11545 -1.97988 -1.63198 -0.173604 0.510272 -0.278541 0.794921 0.241433 0.196175 0.0202746 0.0593797 0.0219884 0.681728
4.13852 -2.02557 -1.6847 -0.177294 0.520276 -0.27903 0.787414 0.190779 -0.148984 -0.00999564 0.0748622 -0.0137252 0.340864
4.15299 -2.05611 -1.71946 -0.187216 0.523434 -0.282104 0.781911 0.0944107 -0.283435 -0.0559215 0.0445514 0.00379982 0.340864
4.17773 -2.13575 -1.79988 -0.209196 0.562912 -0.346237 0.720754 0.0762413 -0.0133599 -0.0752245 0.0840699 -0.0932201 1.36346
4.18439 -2.17556 -1.83729 -0.208257 0.575959 -0.331264 0.71775 0.24747 0.503615 0.0764397 0.0817824 0.0382068 0.340864
4.20063 -2.25375 -1.91425 -0.205791 0.557022 -0.309648 0.742627 0.0788084 -0.248032 0.0386197 -0.0712989 0.0773081 0.681728
4.2136 -2.29799 -1.9605 -0.204942 0.557105 -0.294396 0.748976 0.305333 0.666248 0.061523 -0.00352076 0.0753159 0.340864
4.22822 -2.34708 -2.01362 -0.207921 0.570099 -0.284863 0.74203 0.128743 -0.519381 0.0322459 0.096667 0.0240686 0.340864
4.26721 -2.47419 -2.16011 -0.211437 0.575421 -0.259341 0.746276 0.453165 0.47709 0.0421824 0.02305 0.0619057 0.681728
4.30537 -2.60401 -2.30738 -0.247156 0.58514 -0.266364 0.724966 0.135139 -0.467685 -0.0961544 0.0803018 0.0227451 0.681728
4.31559 -2.64212 -2.34646 -0.261366 0.573719 -0.272273 0.726912 0.191544 0.165899 -0.0960105 -0.0417322 0.0433681 0.340864
4.43469 -2.99592 -2.77815 -0.25792 0.605918 -0.156421 0.736121 0.228771 0.0136862 0.0590737 0.0349852 0.056261 2.72691
4.5568 -3.22773 -3.16132 -0.245276 0.580397 -0.116076 0.767793 0.454218 0.16577 0.0558117 -0.0434805 0.0494015 1.36346
4.66702 -3.39844 -3.49507 -0.245851 0.603312 -0.0731723 0.755128 0.312154 -0.139279 0.0471038 0.0697069 0.0513632 1.02259
4.71681 -3.46581 -3.64697 -0.261141 0.577267 -0.033472 0.772947 0.0280497 -0.278534 0.0291921 -0.0383294 0.0920243 1.02259
4.72301 -3.47208 -3.66269 -0.248286 0.567305 -0.0398568 0.784175 0.0779767 0.146844 0.052055 -0.0957678 -0.0551699 0.340864
5.02088 -3.64171 -4.18809 -0.24192 0.476835 0.00540025 0.845029 0.450222 0.156406 0.0355202 -0.0795838 0.0478135 2.38605
5.27649 -3.73475 -4.53481 -0.292068 0.425892 0.0340207 0.85566 0.0684561 -0.224568 -0.0304812 -0.0488308 0.0710886 1.70432
5.4074 -3.76213 -4.66056 -0.372892 0.32821 0.079443 0.864245 0.111825 0.0212594 -0.0432509 -0.0754474 0.0998386 2.04519
5.46665 -3.76949 -4.70701 -0.381641 0.311545 0.0854456 0.866019 0.333176 0.651031 -0.0212112 -0.0790713 0.0831368 0.340864
6.28701 -3.86941 -5.13465 -0.531119 0.146295 0.0300986 0.834029 0.217284 -0.0340858 -0.0859376 -0.0991477 0.0382476 3.40864
6.72556 -3.93729 -5.25755 -0.581976 0.159407 0.00335823 0.797422 0.460043 0.178499 -0.0973794 0.000821338 -0.0305015 1.36346
7.1833 -4.00151 -5.36457 -0.578859 0.105132 0.0192757 0.808392 0.470764 0.0105114 0.0227376 -0.070146 0.0858238 1.02259
7.34228 -4.0179 -5.39531 -0.588896 0.108107 0.0103963 0.800879 0.486633 0.046671 -0.079147 -0.0125801 -0.0452962 0.340864
7.53306 -4.03682 -5.43021 -0.585169 0.0908454 0.0192069 0.805577 0.0865439 -0.588366 0.0202472 -0.0267808 0.0493258 0.681728
7.609 -4.04393 -5.44227 -0.571792 0.0905948 0.000269748 0.815381 0.367718 0.826981 0.0870571 -0.0701076 -0.0971417 0.340864
7.69589 -4.05311 -5.4541 -0.573128 0.0777772 -0.00990645 0.815706 0.150951 -0.637549 -0.0107212 -0.0958848 -0.00498547 0.340864
7.73076 -4.05641 -5.45812 -0.564719 0.06832 -0.000391846 0.82245 0.0563929 -0.278111 0.0668896 -0.0168778 0.0740868 0.340864
8.22507 -4.05165 -5.51062 -0.520331 0.0261962 0.0527382 0.851932 0.361637 0.128254 0.0477647 -0.00561431 0.0542386 2.38605
8.36569 -4.04473 -5.52603 -0.511307 0.0411685 0.0457452 0.857192 0.471538 0.323238 0.0556059 0.0556206 -0.0838993 0.340864
9.28376 -3.90564 -5.59914 -0.486601 -0.0683754 0.140332 0.859565 0.139193 -0.108609 0.0205288 -0.0291931 0.089186 3.06778
9.42168 -3.85641 -5.60661 -0.499329 -0.0588989 0.176226 0.846254 0.292189 0.224994 -0.0623786 0.0674181 0.0801409 0.681728
9.98256 -3.68235 -5.60624 -0.632328 -0.119331 0.037776 0.764522 0.0540977 -0.0700269 -0.07978 -0.0880612 -0.047681 3.40864
10.1397 -3.64439 -5.58023 -0.644718 -0.147256 0.0371131 0.749184 0.427589 0.549251 -0.0530598 -0.0707991 0.0478094 0.681728
11.1137 -3.24322 -5.3363 -0.690947 -0.279163 0.0766153 0.662412 0.484163 0.0237707 -0.0772591 -0.0741761 0.0937671 2.38605
11.332 -3.11439 -5.27149 -0.66891 -0.264481 0.108385 0.686193 0.0287822 -0.446452 0.0412618 0.0784678 0.0298755 1.02259
11.5831 -2.94648 -5.19368 -0.678351 -0.309547 0.104455 0.658111 0.430093 0.295081 -0.028453 -0.0617997 0.0411894 1.36346
11.6584 -2.89272 -5.16753 -0.682305 -0.318739 0.0977734 0.65062 0.135202 -0.867327 -0.0273886 -0.0783174 0.00821466 0.340864
11.6775 -2.87881 -5.16067 -0.676229 -0.318487 0.106915 0.655628 0.00961266 -0.369379 0.0260712 0.05054 0.0424883 0.340864
11.8474 -2.74011 -5.06026 -0.582486 -0.405674 0.0676502 0.701115 0.193465 0.0772489 0.0961582 -0.0499183 0.0490777 2.38605
12.0883 -2.56091 -4.89252 -0.587705 -0.367026 0.0371599 0.72008 0.48118 0.282073 0.0336296 0.032716 -0.0927672 1.02259
12.3906 -2.34802 -4.7091 -0.633845 -0.349921 0.093166 0.683459 0.00474715 -0.280254 -0.0894423 0.0354241 0.0173173 1.70432
12.4497 -2.30176 -4.6823 -0.625169 -0.338661 0.116902 0.693402 0.112452 0.0791948 0.00423282 0.0397545 0.016465 1.36346
12.4807 -2.278 -4.66952 -0.650576 -0.318006 0.110554 0.680736 0.00843248 -0.15297 -0.0759008 0.00910093 -0.0718922 0.681728
12.7382 -2.06522 -4.52182 -0.609049 -0.403132 0.0710978 0.67933 0.421761 0.243134 0.058117 -0.0936626 0.0493606 1.70432
12.962 -1.84546 -4.36353 -0.601444 -0.431426 0.112079 0.663004 0.267437 -0.151298 -0.0378346 -0.000593234 0.0967102 1.02259
13.1524 -1.6486 -4.23668 -0.651143 -0.397479 0.0862995 0.640762 0.087715 -0.105719 -0.0459321 -0.00961273 -0.0664743 1.70432
13.3123 -1.53079 -4.15356 -0.632961 -0.313841 0.0567308 0.70544 0.166001 0.0460506 0.0687303 0.0726396 -0.0846003 1.70432
13.3376 -1.51556 -4.14138 -0.621075 -0.323254 0.0509331 0.712164 0.0221565 -0.423072 0.0882082 -0.0442712 0.0306912 0.340864
13.3775 -1.4916 -4.12159 -0.635874 -0.32001 0.0474465 0.700719 0.275347 0.744677 -0.0981567 -0.0253443 -0.0511731 0.340864
13.7241 -1.23779 -3.89652 -0.590839 -0.434654 0.0410814 0.678452 0.201357 -0.0362696 0.024451 -0.0878475 0.0824783 2.04519
13.8525 -1.11077 -3.78707 -0.607351 -0.443604 0.0712084 0.655187 0.212785 0.011204 -0.0738975 0.00183841 0.038259 1.02259
13.9836 -0.969069 -3.67632 -0.579041 -0.447246 0.0902671 0.675673 0.441906 0.336942 0.0670641 0.0597007 0.0758985 0.681728
14.1644 -0.75434 -3.49125 -0.514838 -0.517598 0.0697179 0.679833 0.0530597 -0.285916 0.0903351 -0.076265 0.081293 1.36346
14.1765 -0.737275 -3.47293 -0.493011 -0.549098 0.0324324 0.674077 0.00147004 -0.0505781 0.0654632 -0.082526 0.00503769 1.02259
14.1844 -0.725115 -3.4586 -0.499398 -0.551451 0.0374614 0.667159 0.118641 0.344622 -0.0611833 -0.0183103 0.00745591 0.340864
14.3178 -0.501106 -3.16984 -0.457599 -0.586749 0.0150888 0.667908 0.453737 0.246394 0.0616837 -0.0481799 0.0378513 1.36346
14.3773 -0.392909 -3.0221 -0.438133 -0.58758 0.0397957 0.679121 0.112629 -0.501629 0.0107314 0.0518436 0.0827639 0.681728
14.4024 -0.346427 -2.95894 -0.445499 -0.589503 0.0269832 0.673267 0.371664 0.761865 0.000222945 -0.0626604 -0.0703214 0.340864
14.4856 -0.183646 -2.73852 -0.446936 -0.599989 0.0289534 0.66289 0.470612 0.145512 -0.0190292 -0.0362925 0.0159733 0.681728
14.5433 -0.0604498 -2.57934 -0.435464 -0.600311 0.0634452 0.667812 0.145285 -0.478422 -0.0320089 0.0543872 0.0875169 0.681728
14.5712 0.0038389 -2.50313 -0.433549 -0.599179 0.0828457 0.66795 0.463776 0.936737 -0.0610561 0.0553507 0.0800273 0.340864
14.598 0.0683144 -2.42826 -0.423526 -0.605622 0.0870191 0.668038 0.138367 -0.957085 0.0280377 -0.00947804 0.068115 0.340864
14.6322 0.334963 -2.08663 -0.311075 -0.736841 0.0953831 0.592622 0.118824 -0.00574787 0.0293117 -0.0710133 0.0803762 3.40864
14.6217 0.434841 -1.93643 -0.318903 -0.713411 0.0674811 0.620316 0.412762 0.432261 0.0656135 0.0731583 -0.0948375 0.681728
14.6193 0.485509 -1.85493 -0.30116 -0.712012 0.0665383 0.630804 0.15194 -0.767123 0.0878259 0.0543974 0.0642361 0.340864
14.616 0.535151 -1.77121 -0.299716 -0.719017 0.061308 0.624041 0.420917 0.791108 0.0180215 -0.0630205 0.00169369 0.340864
14.5943 0.763903 -1.36962 -0.271771 -0.721705 0.0706877 0.632682 0.486332 0.0641328 0.0263755 0.0177673 0.0514243 1.02259
14.5104 1.2134 -0.509512 -0.210688 -0.743262 0.0981106 0.627333 0.332499 -0.064636 0.015917 -0.00481747 0.0569135 2.38605
14.5025 1.24371 -0.449204 -0.219207 -0.734492 0.110046 0.63274 0.0672611 -0.78011 -0.0819865 0.0658842 -0.00719264 0.340864
14.501 1.25012 -0.437095 -0.227737 -0.740877 0.107221 0.622689 0.0138292 -0.157152 -0.0283706 -0.0763603 -0.0326292 0.340864
14.4204 1.3931 0.0167017 -0.0919157 -0.768791 0.0452837 0.631238 0.341916 0.12062 0.0999461 -0.00781726 0.049824 2.72691
