0 0 0 0 0 0 1 4.67069e-310 0 0 0 0 0
0.0292513 0.000675533 0.000630545 0.00629423 -0.0160782 0.0173892 0.9997 0.172163 0.506362 0.0370286 -0.0945871 0.1023 0.340864
0.116808 0.00537667 0.00506635 0.0125847 -0.0321468 0.034768 0.998799 0.344326 0.506362 0.0370286 -0.0945871 0.1023 0.340864
0.180764 0.00829524 0.00928591 0.0287743 -0.0331457 0.00331818 0.999031 0.0331455 -0.915236 0.101274 -0.000185959 -0.181875 0.340864
0.219556 0.00855865 0.0126539 0.0624925 -0.0491684 0.00695809 0.996809 0.195913 0.478728 0.198176 -0.0945734 0.0253019 0.340864
0.313185 0.00934525 0.02366 0.0961225 -0.0651218 0.0105882 0.993181 0.358681 0.478728 0.198176 -0.0945734 0.0253019 0.340864
0.403019 0.00738566 0.0345682 0.121079 -0.0563338 -0.0231169 0.990773 0.17387 -0.543562 0.159579 0.0710532 -0.18229 0.340864
0.499824 -0.000702394 0.0424475 0.103034 -0.0359642 -0.0472598 0.992903 0.399517 0.663667 -0.0959377 0.139101 -0.131918 0.340864
0.618599 -0.0162061 0.0473191 0.113279 -0.0177831 -0.0785873 0.990291 0.305828 -0.275554 0.0731162 0.121804 -0.170552 0.340864
0.705088 -0.0326297 0.0469838 0.123362 0.000423365 -0.109803 0.986268 0.21214 -0.275554 0.0731162 0.121804 -0.170552 0.340864
0.759543 -0.0462025 0.0442429 0.133269 0.0186292 -0.140862 0.980842 0.118452 -0.275554 0.0731162 0.121804 -0.170552 0.340864
0.782714 -0.0533151 0.0419952 0.142987 0.0368086 -0.171721 0.974018 0.0247638 -0.275554 0.0731162 0.121804 -0.170552 0.340864
0.830408 -0.0684643 0.0372683 0.168562 0.0142518 -0.150683 0.974001 0.270945 0.724061 0.128351 -0.17281 0.0960344 0.340864
0.923479 -0.0972142 0.0312481 0.157066 -0.00146298 -0.153537 0.975579 0.30318 0.0948116 -0.0816039 -0.0771547 -0.0295719 0.340864
1.02685 -0.132553 0.0233161 0.154449 0.0218543 -0.180629 0.971103 0.341246 0.111957 0.0104105 0.161202 -0.138024 0.340864
1.13979 -0.177383 0.00803929 0.15163 0.0451431 -0.207485 0.96536 0.379311 0.111957 0.0104105 0.161202 -0.138024 0.340864
1.26109 -0.232651 -0.0157805 0.148613 0.0683729 -0.23407 0.958358 0.417377 0.111957 0.0104105 0.161202 -0.138024 0.340864
1.38936 -0.299221 -0.0492566 0.145403 0.0915136 -0.260351 0.950106 0.455442 0.111957 0.0104105 0.161202 -0.138024 0.340864
1.52308 -0.377865 -0.0934051 0.142003 0.114535 -0.286291 0.940614 0.493508 0.111957 0.0104105 0.161202 -0.138024 0.340864
1.65475 -0.464799 -0.142759 0.161954 0.107243 -0.311899 0.930048 0.479081 -0.0424305 0.0897032 -0.045446 -0.17905 0.340864
1.77795 -0.555323 -0.191376 0.181708 0.0998205 -0.337126 0.918349 0.464655 -0.0424305 0.0897032 -0.045446 -0.17905 0.340864
1.89259 -0.648754 -0.239462 0.201241 0.0922763 -0.361943 0.90553 0.450229 -0.0424305 0.0897032 -0.045446 -0.17905 0.340864
1.99868 -0.744411 -0.287194 0.220528 0.0846196 -0.386318 0.891608 0.435802 -0.0424305 0.0897032 -0.045446 -0.17905 0.340864
2.09626 -0.84162 -0.334718 0.239547 0.0768599 -0.410223 0.8766 0.421376 -0.0424305 0.0897032 -0.045446 -0.17905 0.340864
2.18543 -0.939719 -0.382154 0.258274 0.0690064 -0.433628 0.860523 0.406949 -0.0424305 0.0897032 -0.045446 -0.17905 0.340864
2.26075 -1.02831 -0.424832 0.273616 0.0613323 -0.442355 0.851877 0.321688 -0.250768 0.0676816 -0.0612143 -0.0841254 0.340864
2.31718 -1.09704 -0.457904 0.288836 0.0536308 -0.450886 0.842852 0.236427 -0.250768 0.0676816 -0.0612143 -0.0841254 0.340864
2.35548 -1.14535 -0.481166 0.303927 0.0459055 -0.459216 0.833452 0.151166 -0.250768 0.0676816 -0.0612143 -0.0841254 0.340864
2.37645 -1.17269 -0.494374 0.318883 0.0381597 -0.467342 0.82368 0.0659044 -0.250768 0.0676816 -0.0612143 -0.0841254 0.340864
2.38445 -1.18394 -0.499729 0.304482 0.0383174 -0.492532 0.814392 0.0211962 -0.131495 -0.0575847 0.0897047 -0.14408 0.340864
2.39691 -1.20347 -0.50818 0.307867 0.0141815 -0.499416 0.809692 0.123887 0.302031 -0.046847 -0.112057 -0.090595 0.340864
2.42633 -1.2518 -0.526831 0.311049 -0.00996376 -0.505968 0.804454 0.226578 0.302031 -0.046847 -0.112057 -0.090595 0.340864
2.47169 -1.33029 -0.553475 0.314023 -0.0341024 -0.512184 0.798683 0.329268 0.302031 -0.046847 -0.112057 -0.090595 0.340864
2.5318 -1.44019 -0.585938 0.31679 -0.0582184 -0.51806 0.792381 0.431959 0.302031 -0.046847 -0.112057 -0.090595 0.340864
2.57857 -1.52801 -0.608899 0.296012 -0.0596748 -0.516145 0.801505 0.168707 -0.77427 -0.118954 0.0560913 0.0269044 0.340864
2.61304 -1.59547 -0.626027 0.277992 -0.0418026 -0.532196 0.798587 0.288216 0.351498 -0.0199825 0.165922 -0.0597508 0.340864
2.66198 -1.69942 -0.654242 0.25972 -0.0238924 -0.547762 0.794941 0.407726 0.351498 -0.0199825 0.165922 -0.0597508 0.340864
2.72013 -1.8303 -0.686299 0.25905 -0.05835 -0.54775 0.793384 0.45575 0.141247 -0.111803 -0.159239 -0.05771 0.340864
2.77011 -1.94971 -0.714096 0.266766 -0.0449324 -0.564054 0.780166 0.323139 -0.390032 0.104993 0.0580714 -0.0955961 0.340864
2.80015 -2.02877 -0.735817 0.274301 -0.0314844 -0.579975 0.766418 0.190528 -0.390032 0.104993 0.0580714 -0.0955961 0.340864
2.81328 -2.06705 -0.747887 0.281649 -0.0180148 -0.595501 0.752149 0.0579173 -0.390032 0.104993 0.0580714 -0.0955961 0.340864
2.8258 -2.10799 -0.760331 0.2649 -0.0395608 -0.60109 0.752963 0.204368 0.430737 -0.150355 -0.0273139 -0.0593553 0.340864
2.85083 -2.19631 -0.78219 0.247945 -0.061076 -0.606213 0.753192 0.350818 0.430737 -0.150355 -0.0273139 -0.0593553 0.340864
2.88664 -2.33347 -0.808391 0.230798 -0.0825438 -0.610864 0.752837 0.497269 0.430737 -0.150355 -0.0273139 -0.0593553 0.340864
2.92163 -2.48434 -0.830437 0.239331 -0.117006 -0.61919 0.73867 0.423007 -0.218416 -0.0627857 -0.178896 -0.130456 0.340864
2.94632 -2.6124 -0.844573 0.247498 -0.151289 -0.626569 0.723373 0.348746 -0.218416 -0.0627857 -0.178896 -0.130456 0.340864
2.96226 -2.71681 -0.85269 0.255285 -0.185341 -0.632988 0.706968 0.274484 -0.218416 -0.0627857 -0.178896 -0.130456 0.340864
2.97119 -2.79692 -0.856542 0.262682 -0.219108 -0.638439 0.689482 0.200223 -0.218416 -0.0627857 -0.178896 -0.130456 0.340864
2.97502 -2.85222 -0.857724 0.269677 -0.252541 -0.642913 0.67094 0.125961 -0.218416 -0.0627857 -0.178896 -0.130456 0.340864
2.97582 -2.88241 -0.857659 0.27626 -0.285587 -0.646403 0.651371 0.0516999 -0.218416 -0.0627857 -0.178896 -0.130456 0.340864
2.97824 -2.94403 -0.858947 0.305538 -0.26006 -0.633308 0.661767 0.311226 0.763311 0.170403 -0.017337 0.180425 0.340864
2.98361 -3.04128 -0.860313 0.295945 -0.292692 -0.625239 0.66017 0.261861 -0.14519 -0.168418 -0.108261 -0.0478728 0.340864
2.9867 -3.12177 -0.856708 0.285989 -0.324966 -0.616404 0.657764 0.212497 -0.14519 -0.168418 -0.108261 -0.0478728 0.340864
2.98887 -3.17417 -0.851532 0.262434 -0.327722 -0.603259 0.678089 0.0975417 -0.338103 -0.160482 0.0915023 0.0749043 0.340864
2.99247 -3.21166 -0.846862 0.263487 -0.30341 -0.58602 0.703632 0.125754 0.0829782 0.0178155 0.1159 0.199014 0.340864
3.00035 -3.25824 -0.841537 0.264133 -0.278629 -0.567878 0.728089 0.153967 0.0829782 0.0178155 0.1159 0.199014 0.340864
3.01381 -3.31348 -0.835926 0.264372 -0.253419 -0.54886 0.751424 0.182179 0.0829782 0.0178155 0.1159 0.199014 0.340864
3.03408 -3.37681 -0.830467 0.264204 -0.227818 -0.528996 0.773601 0.210392 0.0829782 0.0178155 0.1159 0.199014 0.340864
3.06233 -3.44755 -0.825668 0.263628 -0.201866 -0.508316 0.794585 0.238605 0.0829782 0.0178155 0.1159 0.199014 0.340864
3.0996 -3.52486 -0.822102 0.262646 -0.175603 -0.486853 0.814343 0.266817 0.0829782 0.0178155 0.1159 0.199014 0.340864
3.14686 -3.60782 -0.820396 0.261259 -0.149069 -0.464639 0.832847 0.29503 0.0829782 0.0178155 0.1159 0.199014 0.340864
3.20494 -3.69539 -0.821229 0.259469 -0.122305 -0.441708 0.850066 0.323242 0.0829782 0.0178155 0.1159 0.199014 0.340864
3.26564 -3.7779 -0.823218 0.240135 -0.10946 -0.430365 0.863215 0.279475 -0.128728 -0.0915419 0.106626 0.0965917 0.340864
3.31976 -3.84675 -0.824672 0.2206 -0.0965231 -0.418661 0.875638 0.235707 -0.128728 -0.0915419 0.106626 0.0965917 0.340864
3.36649 -3.90242 -0.825784 0.20088 -0.0835052 -0.406605 0.887326 0.19194 -0.128728 -0.0915419 0.106626 0.0965917 0.340864
3.40882 -3.95189 -0.826362 0.16982 -0.0775631 -0.414094 0.890882 0.191081 -0.0025262 -0.148456 0.11592 -0.0388241 0.340864
3.45031 -4.0017 -0.826086 0.138579 -0.0715381 -0.42114 0.893487 0.190222 -0.0025262 -0.148456 0.11592 -0.0388241 0.340864
3.49098 -4.05178 -0.82491 0.10719 -0.0654367 -0.427736 0.895137 0.189363 -0.0025262 -0.148456 0.11592 -0.0388241 0.340864
3.53087 -4.10209 -0.822796 0.0756858 -0.0592653 -0.433876 0.89583 0.188504 -0.0025262 -0.148456 0.11592 -0.0388241 0.340864
3.57001 -4.15256 -0.819707 0.0441011 -0.0530306 -0.439551 0.895566 0.187645 -0.0025262 -0.148456 0.11592 -0.0388241 0.340864
3.60845 -4.20312 -0.815614 0.0124693 -0.0467392 -0.444757 0.894344 0.186786 -0.0025262 -0.148456 0.11592 -0.0388241 0.340864
3.64624 -4.25373 -0.81049 -0.0191758 -0.0403978 -0.449487 0.892167 0.185927 -0.0025262 -0.148456 0.11592 -0.0388241 0.340864
3.68916 -4.30781 -0.803197 -0.0316528 -0.0513593 -0.420235 0.905407 0.222598 0.107854 -0.0999416 -0.0180946 0.186834 0.340864
3.74366 -4.36795 -0.79217 -0.0440884 -0.0622536 -0.390435 0.917465 0.259268 0.107854 -0.0999416 -0.0180946 0.186834 0.340864
3.81062 -4.43264 -0.776793 -0.0564664 -0.0730666 -0.360124 0.928323 0.295938 0.107854 -0.0999416 -0.0180946 0.186834 0.340864
3.85643 -4.47513 -0.76404 -0.0686879 -0.0996503 -0.37395 0.919518 0.0792702 -0.637259 -0.120057 -0.127677 -0.0905928 0.340864
3.91536 -4.5273 -0.74615 -0.0872551 -0.0819513 -0.345177 0.930872 0.395606 0.9304 -0.0737946 0.154898 0.162615 0.340864
4.00008 -4.59924 -0.723407 -0.0671305 -0.0748888 -0.349158 0.931651 0.271715 -0.364385 0.126865 -0.00385787 -0.0141427 0.340864
4.0531 -4.64529 -0.710974 -0.0469744 -0.067791 -0.352975 0.931991 0.147825 -0.364385 0.126865 -0.00385787 -0.0141427 0.340864
4.07472 -4.66443 -0.706618 -0.026796 -0.0606612 -0.356625 0.931891 0.0239337 -0.364385 0.126865 -0.00385787 -0.0141427 0.340864
4.10883 -4.69417 -0.701362 0.00222467 -0.0573479 -0.345533 0.93665 0.244078 0.647485 0.162853 -0.039277 0.0806301 0.340864
4.20078 -4.77111 -0.6903 0.0312431 -0.0539773 -0.334097 0.940473 0.464223 0.647485 0.162853 -0.039277 0.0806301 0.340864
4.32615 -4.87259 -0.677632 -0.00506577 -0.0384262 -0.330386 0.94305 0.487481 0.068405 -0.172003 0.157567 0.0169267 0.340864
4.42035 -4.94444 -0.67161 0.00237586 -0.0101959 -0.305891 0.952009 0.210515 -0.814607 0.0908988 0.144933 0.154177 0.340864
4.51881 -5.01171 -0.674869 0.0226042 0.0255025 -0.287143 0.957281 0.491424 0.826205 0.176376 0.163626 0.116225 0.340864
4.64287 -5.09802 -0.688859 0.028431 0.056271 -0.312446 0.947841 0.401622 -0.264125 0.0822643 0.168246 -0.155253 0.340864
4.73738 -5.17164 -0.707539 0.0342092 0.0869432 -0.337214 0.93678 0.311819 -0.264125 0.0822643 0.168246 -0.155253 0.340864
4.81521 -5.23619 -0.724188 0.0396504 0.0593872 -0.340575 0.937502 0.291026 -0.0611571 -0.0265447 -0.162355 -0.0254203 0.340864
4.88788 -5.29703 -0.735139 0.0450598 0.0317835 -0.343663 0.937473 0.270232 -0.0611571 -0.0265447 -0.162355 -0.0254203 0.340864
4.94817 -5.34545 -0.743423 0.0344701 0.0543204 -0.319812 0.945294 0.187306 -0.243902 -0.010454 0.137933 0.155326 0.340864
4.98787 -5.37431 -0.750401 0.0238373 0.0767894 -0.295561 0.951934 0.104379 -0.243902 -0.010454 0.137933 0.155326 0.340864
5.00545 -5.38592 -0.754134 0.0131748 0.0991623 -0.27094 0.957384 0.0214527 -0.243902 -0.010454 0.137933 0.155326 0.340864
5.04795 -5.41392 -0.765853 -0.00483327 0.127456 -0.287564 0.949231 0.285781 0.777437 -0.065403 0.194132 -0.093939 0.340864
5.10276 -5.45059 -0.779882 -0.0250609 0.0941754 -0.279312 0.955242 0.110938 -0.514245 -0.162927 -0.155926 0.0723779 0.340864
5.17332 -5.49937 -0.791292 -0.0224922 0.064342 -0.303983 0.950236 0.398182 0.844834 -0.0490009 -0.172764 -0.143919 0.340864
5.28653 -5.58006 -0.80745 -0.0349096 0.0751938 -0.298273 0.950873 0.425108 0.0791949 -0.0477607 0.0833799 0.036323 0.340864
5.40081 -5.66044 -0.822217 -0.0172896 0.0514382 -0.299159 0.952659 0.401379 -0.0697912 0.0568578 -0.164785 -0.00474014 0.340864
5.50906 -5.73615 -0.831551 0.000345639 0.0276373 -0.299783 0.953607 0.37765 -0.0697912 0.0568578 -0.164785 -0.00474014 0.340864
5.60282 -5.8052 -0.837483 -0.0217839 0.0329876 -0.323875 0.945274 0.308286 -0.204013 -0.118622 0.0704534 -0.146258 0.340864
5.67469 -5.8641 -0.841675 -0.0438879 0.0382993 -0.347588 0.935836 0.238922 -0.204013 -0.118622 0.0704534 -0.146258 0.340864
5.72603 -5.91077 -0.844238 -0.0659407 0.0435663 -0.370896 0.925305 0.169557 -0.204013 -0.118622 0.0704534 -0.146258 0.340864
5.75835 -5.94328 -0.845454 -0.0879165 0.0487825 -0.39377 0.913694 0.100193 -0.204013 -0.118622 0.0704534 -0.146258 0.340864
5.78362 -5.97056 -0.846115 -0.112172 0.0579729 -0.399431 0.908026 0.118588 0.0541025 -0.113645 0.104289 -0.0413531 0.340864
5.81267 -6.00286 -0.846688 -0.136344 0.0671205 -0.404798 0.901689 0.136983 0.0541025 -0.113645 0.104289 -0.0413531 0.340864
5.84536 -6.04029 -0.847074 -0.160416 0.0762188 -0.409867 0.894688 0.155378 0.0541025 -0.113645 0.104289 -0.0413531 0.340864
5.88156 -6.08296 -0.847165 -0.18437 0.0852608 -0.414633 0.887027 0.173773 0.0541025 -0.113645 0.104289 -0.0413531 0.340864
5.92113 -6.13096 -0.846838 -0.208188 0.09424 -0.419094 0.878713 0.192167 0.0541025 -0.113645 0.104289 -0.0413531 0.340864
5.96397 -6.18436 -0.845957 -0.231852 0.10315 -0.423247 0.869751 0.210562 0.0541025 -0.113645 0.104289 -0.0413531 0.340864
6.00993 -6.24325 -0.844377 -0.255346 0.111984 -0.427087 0.860148 0.228957 0.0541025 -0.113645 0.104289 -0.0413531 0.340864
6.05892 -6.30767 -0.841938 -0.278651 0.120735 -0.430612 0.849912 0.247352 0.0541025 -0.113645 0.104289 -0.0413531 0.340864
6.11082 -6.37769 -0.838474 -0.301751 0.129397 -0.43382 0.839048 0.265747 0.0541025 -0.113645 0.104289 -0.0413531 0.340864
6.16552 -6.45335 -0.833805 -0.324629 0.137964 -0.436709 0.827567 0.284142 0.0541025 -0.113645 0.104289 -0.0413531 0.340864
6.22103 -6.52551 -0.828101 -0.365486 0.13643 -0.403565 0.827613 0.252552 -0.0929112 -0.175929 0.160815 0.197644 0.340864
6.27446 -6.5854 -0.822172 -0.40533 0.134517 -0.369302 0.825366 0.220962 -0.0929112 -0.175929 0.160815 0.197644 0.340864
6.32441 -6.63376 -0.816668 -0.444051 0.132233 -0.334017 0.820832 0.189372 -0.0929112 -0.175929 0.160815 0.197644 0.340864
6.36956 -6.67146 -0.812049 -0.481542 0.129581 -0.297806 0.814025 0.157782 -0.0929112 -0.175929 0.160815 0.197644 0.340864
6.40867 -6.69953 -0.808588 -0.5177 0.126571 -0.260771 0.804963 0.126193 -0.0929112 -0.175929 0.160815 0.197644 0.340864
6.4406 -6.71913 -0.806359 -0.552423 0.123211 -0.223013 0.793671 0.0946028 -0.0929112 -0.175929 0.160815 0.197644 0.340864
6.46434 -6.73149 -0.805248 -0.585615 0.119508 -0.184637 0.78018 0.063013 -0.0929112 -0.175929 0.160815 0.197644 0.340864
6.47904 -6.73792 -0.804952 -0.617186 0.115475 -0.14575 0.764528 0.0314232 -0.0929112 -0.175929 0.160815 0.197644 0.340864
6.51065 -6.7508 -0.803269 -0.62532 0.094386 -0.176228 0.754327 0.169621 0.406465 -0.11243 -0.19164 -0.0637385 0.340864
6.58465 -6.78267 -0.793623 -0.632489 0.0731509 -0.206434 0.742961 0.307819 0.406465 -0.11243 -0.19164 -0.0637385 0.340864
6.69912 -6.8347 -0.769064 -0.638681 0.0518028 -0.236321 0.730448 0.446017 0.406465 -0.11243 -0.19164 -0.0637385 0.340864
6.80662 -6.88805 -0.739811 -0.621674 0.0541006 -0.264007 0.735456 0.280701 -0.486225 0.0866643 -0.119331 -0.125835 0.340864
6.86329 -6.91999 -0.722473 -0.603991 0.0563397 -0.291406 0.739665 0.115384 -0.486225 0.0866643 -0.119331 -0.125835 0.340864
6.9385 -6.96163 -0.700528 -0.613502 0.0547442 -0.255859 0.745087 0.406595 0.856503 -0.0130748 0.13389 0.172819 0.340864
7.05319 -7.01766 -0.668182 -0.62046 0.0298774 -0.24469 0.744489 0.368111 -0.113189 -0.0664948 -0.0580223 0.140051 0.340864
7.15815 -7.06248 -0.635921 -0.626927 0.00498703 -0.233327 0.743301 0.329627 -0.113189 -0.0664948 -0.0580223 0.140051 0.340864
7.25272 -7.0972 -0.604524 -0.632898 -0.0199073 -0.221779 0.741524 0.291143 -0.113189 -0.0664948 -0.0580223 0.140051 0.340864
7.33633 -7.12301 -0.574746 -0.638367 -0.0447859 -0.210056 0.73916 0.252658 -0.113189 -0.0664948 -0.0580223 0.140051 0.340864
7.40854 -7.14115 -0.547309 -0.643331 -0.069629 -0.198166 0.736211 0.214174 -0.113189 -0.0664948 -0.0580223 0.140051 0.340864
7.46902 -7.15289 -0.522904 -0.647786 -0.094417 -0.18612 0.732679 0.17569 -0.113189 -0.0664948 -0.0580223 0.140051 0.340864
7.51755 -7.15956 -0.502182 -0.651727 -0.11913 -0.173926 0.728567 0.137206 -0.113189 -0.0664948 -0.0580223 0.140051 0.340864
7.55401 -7.1625 -0.485752 -0.655152 -0.143749 -0.161594 0.723878 0.098722 -0.113189 -0.0664948 -0.0580223 0.140051 0.340864
7.58348 -7.16267 -0.471485 -0.66417 -0.181964 -0.144878 0.710477 0.0939087 -0.0141567 -0.140551 -0.101095 0.198159 0.340864
7.61091 -7.1603 -0.457031 -0.671859 -0.219816 -0.127871 0.695654 0.0890955 -0.0141567 -0.140551 -0.101095 0.198159 0.340864
7.63619 -7.15565 -0.442621 -0.678204 -0.257227 -0.110609 0.67944 0.0842822 -0.0141567 -0.140551 -0.101095 0.198159 0.340864
7.65921 -7.14901 -0.428468 -0.683192 -0.294124 -0.0931254 0.661867 0.0794689 -0.0141567 -0.140551 -0.101095 0.198159 0.340864
7.67993 -7.1407 -0.414766 -0.686813 -0.330432 -0.0754555 0.642969 0.0746556 -0.0141567 -0.140551 -0.101095 0.198159 0.340864
7.69832 -7.131 -0.401689 -0.68906 -0.36608 -0.0576347 0.622785 0.0698424 -0.0141567 -0.140551 -0.101095 0.198159 0.340864
7.74081 -7.10476 -0.372015 -0.694078 -0.36256 -0.0314627 0.621141 0.271893 0.594268 -0.0802206 0.117153 0.0702585 0.340864
7.83455 -7.04378 -0.312297 -0.698593 -0.358777 -0.00526783 0.619047 0.473945 0.594268 -0.0802206 0.117153 0.0702585 0.340864
7.92353 -6.9864 -0.261495 -0.722045 -0.334163 -0.00223874 0.60579 0.216946 -0.755878 -0.145539 0.074846 -0.140057 0.340864
7.98077 -6.95169 -0.23357 -0.739961 -0.31507 0.00881656 0.594231 0.2098 -0.0210187 -0.134444 0.0925188 -0.077079 0.340864
8.03777 -6.91845 -0.209873 -0.757182 -0.295681 0.0198636 0.582112 0.202653 -0.0210187 -0.134444 0.0925188 -0.077079 0.340864
8.0943 -6.88685 -0.190209 -0.773689 -0.276014 0.0308919 0.569445 0.195507 -0.0210187 -0.134444 0.0925188 -0.077079 0.340864
8.15014 -6.85703 -0.174364 -0.789468 -0.256087 0.0418911 0.556242 0.188361 -0.0210187 -0.134444 0.0925188 -0.077079 0.340864
8.20507 -6.82912 -0.162113 -0.804504 -0.235919 0.0528509 0.542515 0.181214 -0.0210187 -0.134444 0.0925188 -0.077079 0.340864
8.25889 -6.80322 -0.153219 -0.818783 -0.215528 0.0637609 0.528278 0.174068 -0.0210187 -0.134444 0.0925188 -0.077079 0.340864
8.31141 -6.7794 -0.147434 -0.83229 -0.194935 0.0746109 0.513543 0.166922 -0.0210187 -0.134444 0.0925188 -0.077079 0.340864
8.38382 -6.74617 -0.143822 -0.832067 -0.192986 0.106087 0.509083 0.302259 0.39805 -0.0581184 0.154998 0.0877678 0.340864
8.49652 -6.6904 -0.14505 -0.831001 -0.190841 0.137455 0.504107 0.437596 0.39805 -0.0581184 0.154998 0.0877678 0.340864
8.59411 -6.63868 -0.149301 -0.815543 -0.198749 0.152404 0.521691 0.212576 -0.661822 0.121421 0.0818738 0.0861304 0.340864
8.68958 -6.58207 -0.151962 -0.808473 -0.229266 0.15379 0.519767 0.440643 0.670786 0.0382099 -0.0829249 0.160675 0.340864
8.81451 -6.50115 -0.157459 -0.819963 -0.231674 0.177965 0.492256 0.435656 -0.0146686 -0.196441 0.060127 0.0947796 0.340864
8.93519 -6.41785 -0.170846 -0.830241 -0.233739 0.201877 0.464016 0.430668 -0.0146686 -0.196441 0.060127 0.0947796 0.340864
9.05144 -6.33285 -0.192079 -0.839291 -0.235458 0.225491 0.435091 0.425681 -0.0146686 -0.196441 0.060127 0.0947796 0.340864
9.16307 -6.24687 -0.22106 -0.847099 -0.236829 0.248771 0.405522 0.420694 -0.0146686 -0.196441 0.060127 0.0947796 0.340864
9.26997 -6.16058 -0.257643 -0.853655 -0.23785 0.271683 0.375353 0.415706 -0.0146686 -0.196441 0.060127 0.0947796 0.340864
9.37787 -6.07359 -0.293339 -0.855098 -0.245343 0.236863 0.390525 0.426425 0.0315243 0.133726 -0.172512 -0.0655354 0.340864
9.49234 -5.98547 -0.319306 -0.855258 -0.252468 0.201688 0.405111 0.437143 0.0315243 0.133726 -0.172512 -0.0655354 0.340864
9.61288 -5.89686 -0.334869 -0.854135 -0.259214 0.166211 0.419089 0.447861 0.0315243 0.133726 -0.172512 -0.0655354 0.340864
9.73894 -5.80842 -0.339413 -0.851729 -0.265571 0.130484 0.432439 0.458579 0.0315243 0.133726 -0.172512 -0.0655354 0.340864
9.86989 -5.72083 -0.332385 -0.848045 -0.27153 0.0945612 0.445139 0.469298 0.0315243 0.133726 -0.172512 -0.0655354 0.340864
9.98973 -5.64017 -0.323046 -0.834137 -0.273427 0.123674 0.462772 0.382307 -0.255855 0.0789562 0.176201 0.0981202 0.340864
10.0832 -5.57299 -0.319494 -0.819098 -0.274953 0.152618 0.479778 0.295317 -0.255855 0.0789562 0.176201 0.0981202 0.340864
10.1511 -5.52082 -0.319579 -0.802949 -0.276106 0.181356 0.496134 0.208326 -0.255855 0.0789562 0.176201 0.0981202 0.340864
10.1943 -5.4852 -0.321299 -0.785711 -0.276885 0.209848 0.511817 0.121335 -0.255855 0.0789562 0.176201 0.0981202 0.340864
10.2141 -5.46772 -0.32282 -0.767408 -0.277289 0.238056 0.526807 0.0343449 -0.255855 0.0789562 0.176201 0.0981202 0.340864
10.2388 -5.44407 -0.32648 -0.76691 -0.273336 0.266987 0.515611 0.167913 0.392846 -0.101737 0.12531 0.0883121 0.340864
10.2941 -5.38795 -0.339023 -0.765661 -0.269115 0.295657 0.503911 0.30148 0.392846 -0.101737 0.12531 0.0883121 0.340864
10.3773 -5.29817 -0.365289 -0.763664 -0.264631 0.324038 0.491719 0.435048 0.392846 -0.101737 0.12531 0.0883121 0.340864
10.4651 -5.19495 -0.394106 -0.753296 -0.303037 0.316695 0.490325 0.380152 -0.161458 0.108396 -0.126516 0.17013 0.340864
10.5368 -5.10057 -0.41249 -0.741693 -0.340947 0.308833 0.488128 0.325256 -0.161458 0.108396 -0.126516 0.17013 0.340864
10.5931 -5.01704 -0.422505 -0.728875 -0.378298 0.300465 0.485131 0.27036 -0.161458 0.108396 -0.126516 0.17013 0.340864
10.6352 -4.94615 -0.426229 -0.714863 -0.415029 0.291605 0.481339 0.215465 -0.161458 0.108396 -0.126516 0.17013 0.340864
10.6826 -4.86282 -0.426829 -0.695238 -0.401537 0.296538 0.517182 0.348382 0.390933 0.171157 0.180174 -0.0563575 0.340864
10.7546 -4.74157 -0.42499 -0.674308 -0.387291 0.300915 0.552055 0.481299 0.390933 0.171157 0.180174 -0.0563575 0.340864
10.8358 -4.59894 -0.417881 -0.660477 -0.42015 0.298502 0.546022 0.485121 0.0112424 0.0846659 -0.105564 0.164725 0.340864
10.909 -4.45115 -0.403734 -0.645779 -0.452458 0.295697 0.539273 0.488944 0.0112424 0.0846659 -0.105564 0.164725 0.340864
10.9738 -4.29883 -0.38265 -0.630232 -0.484172 0.292503 0.531815 0.492766 0.0112424 0.0846659 -0.105564 0.164725 0.340864
11.0295 -4.14264 -0.35477 -0.613858 -0.515249 0.288926 0.523658 0.496588 0.0112424 0.0846659 -0.105564 0.164725 0.340864
11.0754 -3.99251 -0.330363 -0.61414 -0.507763 0.323467 0.510272 0.438257 -0.171562 -0.166656 0.106763 0.101286 0.340864
11.1125 -3.86918 -0.315794 -0.636004 -0.504114 0.310924 0.494665 0.324141 -0.335637 -0.0915045 -0.122595 -0.0864522 0.340864
11.1406 -3.78327 -0.307124 -0.657301 -0.500015 0.298104 0.478617 0.210025 -0.335637 -0.0915045 -0.122595 -0.0864522 0.340864
11.1579 -3.7344 -0.302966 -0.678012 -0.49547 0.285018 0.462141 0.0959082 -0.335637 -0.0915045 -0.122595 -0.0864522 0.340864
11.1848 -3.66506 -0.299406 -0.700902 -0.484627 0.282109 0.440781 0.342155 0.724255 -0.157149 -0.0827723 -0.0820731 0.340864
11.2321 -3.55177 -0.29463 -0.693888 -0.470268 0.283086 0.466079 0.380411 0.112517 0.095894 0.125039 -0.0786615 0.340864
11.2879 -3.42813 -0.287588 -0.686251 -0.455488 0.28381 0.49096 0.418667 0.112517 0.095894 0.125039 -0.0786615 0.340864
11.353 -3.29462 -0.278171 -0.677999 -0.4403 0.28428 0.515401 0.456922 0.112517 0.095894 0.125039 -0.0786615 0.340864
11.4281 -3.15175 -0.266339 -0.669139 -0.424717 0.284494 0.53938 0.495178 0.112517 0.095894 0.125039 -0.0786615 0.340864
11.4802 -3.05483 -0.255001 -0.660277 -0.447079 0.263242 0.543008 0.155679 -0.998527 0.13294 -0.13073 0.0366679 0.340864
11.5046 -3.01035 -0.247448 -0.641768 -0.43066 0.264991 0.57658 0.145937 -0.0286538 0.159534 0.176241 -0.0615114 0.340864
11.5287 -2.96963 -0.239553 -0.622142 -0.413491 0.266279 0.609147 0.136195 -0.0286538 0.159534 0.176241 -0.0615114 0.340864
11.5524 -2.93263 -0.231554 -0.601431 -0.395601 0.267103 0.640653 0.126452 -0.0286538 0.159534 0.176241 -0.0615114 0.340864
11.5754 -2.89926 -0.223661 -0.579672 -0.377022 0.267461 0.671043 0.11671 -0.0286538 0.159534 0.176241 -0.0615114 0.340864
11.6056 -2.85585 -0.213405 -0.563705 -0.377515 0.287689 0.675984 0.200048 0.245113 0.0357917 0.103119 0.109176 0.340864
11.6497 -2.78813 -0.198506 -0.54735 -0.377747 0.307719 0.680459 0.283387 0.245113 0.0357917 0.103119 0.109176 0.340864
11.7063 -2.69516 -0.179375 -0.530617 -0.37772 0.327537 0.684465 0.366725 0.245113 0.0357917 0.103119 0.109176 0.340864
11.7739 -2.57608 -0.156333 -0.51352 -0.377432 0.347129 0.688 0.450064 0.245113 0.0357917 0.103119 0.109176 0.340864
11.8421 -2.44827 -0.136208 -0.512419 -0.362389 0.374012 0.6828 0.410361 -0.116772 -0.101673 0.132805 0.0764321 0.340864
11.9016 -2.33017 -0.124725 -0.510818 -0.346993 0.400529 0.676932 0.370658 -0.116772 -0.101673 0.132805 0.0764321 0.340864
11.9526 -2.22246 -0.120461 -0.508718 -0.331257 0.426655 0.670403 0.330956 -0.116772 -0.101673 0.132805 0.0764321 0.340864
12.0097 -2.09707 -0.118665 -0.517925 -0.341623 0.421238 0.661518 0.47938 0.436543 -0.0263248 -0.0975079 0.0140166 0.340864
12.0796 -1.95466 -0.113954 -0.497554 -0.318899 0.404126 0.698159 0.454598 -0.0728895 0.169049 0.160464 -0.185754 0.340864
12.1546 -1.82462 -0.10573 -0.475907 -0.295356 0.385976 0.733007 0.429816 -0.0728895 0.169049 0.160464 -0.185754 0.340864
12.2334 -1.70713 -0.0951422 -0.453038 -0.271056 0.366836 0.765974 0.405033 -0.0728895 0.169049 0.160464 -0.185754 0.340864
12.315 -1.60216 -0.0832382 -0.429006 -0.24606 0.346754 0.796975 0.380251 -0.0728895 0.169049 0.160464 -0.185754 0.340864
12.3981 -1.50954 -0.0709485 -0.403874 -0.220432 0.325782 0.825931 0.355468 -0.0728895 0.169049 0.160464 -0.185754 0.340864
12.4815 -1.4289 -0.0590764 -0.377704 -0.194239 0.303974 0.852766 0.330686 -0.0728895 0.169049 0.160464 -0.185754 0.340864
12.5641 -1.35978 -0.048288 -0.350565 -0.167547 0.281386 0.877413 0.305903 -0.0728895 0.169049 0.160464 -0.185754 0.340864
12.6523 -1.29143 -0.0380548 -0.385145 -0.172648 0.275272 0.86376 0.353268 0.139308 -0.192207 -0.109659 -0.032525 0.340864
12.7536 -1.21366 -0.0276753 -0.419169 -0.1775 0.26876 0.848858 0.400633 0.139308 -0.192207 -0.109659 -0.032525 0.340864
12.8682 -1.12666 -0.0174305 -0.452586 -0.182096 0.26186 0.832728 0.447998 0.139308 -0.192207 -0.109659 -0.032525 0.340864
12.9963 -1.03067 -0.00757462 -0.485349 -0.186428 0.254581 0.815395 0.495362 0.139308 -0.192207 -0.109659 -0.032525 0.340864
13.0901 -0.957145 0.00196237 -0.457581 -0.216908 0.268188 0.81954 0.208187 -0.844635 0.175797 -0.0612395 0.176588 0.340864
13.1524 -0.904286 0.0143058 -0.440787 -0.249202 0.255688 0.823546 0.277737 0.204561 0.158677 -0.15776 0.0417809 0.340864
13.2294 -0.842944 0.0325199 -0.41477 -0.219757 0.236481 0.850735 0.311475 0.0992301 0.180486 0.171905 -0.172223 0.340864
13.3202 -0.78096 0.0516562 -0.387652 -0.189729 0.216647 0.875667 0.345214 0.0992301 0.180486 0.171905 -0.172223 0.340864
13.4254 -0.71985 0.070732 -0.359506 -0.159198 0.196238 0.898277 0.378952 0.0992301 0.180486 0.171905 -0.172223 0.340864
13.5451 -0.661105 0.0885795 -0.330407 -0.128245 0.175309 0.918505 0.41269 0.0992301 0.180486 0.171905 -0.172223 0.340864
13.6795 -0.606158 0.103864 -0.300431 -0.096952 0.153915 0.936297 0.446428 0.0992301 0.180486 0.171905 -0.172223 0.340864
13.8093 -0.555242 0.114527 -0.287232 -0.0879339 0.177387 0.937176 0.375904 -0.207424 0.0527025 0.103615 0.120087 0.340864
13.9152 -0.508844 0.120403 -0.273802 -0.0788448 0.200716 0.937299 0.30538 -0.207424 0.0527025 0.103615 0.120087 0.340864
13.9978 -0.46873 0.122827 -0.26015 -0.069692 0.223883 0.936665 0.234856 -0.207424 0.0527025 0.103615 0.120087 0.340864
14.0576 -0.436659 0.123055 -0.246289 -0.060483 0.24687 0.935275 0.164332 -0.207424 0.0527025 0.103615 0.120087 0.340864
14.0954 -0.414377 0.122256 -0.232229 -0.0512252 0.269657 0.93313 0.0938082 -0.207424 0.0527025 0.103615 0.120087 0.340864
14.1121 -0.403607 0.121506 -0.217981 -0.041926 0.292226 0.930231 0.0232842 -0.207424 0.0527025 0.103615 0.120087 0.340864
14.1526 -0.376558 0.118964 -0.20948 -0.0355675 0.28689 0.934102 0.263474 0.706441 0.0418643 0.0435194 -0.0419077 0.340864
14.2131 -0.337145 0.11296 -0.21821 -0.00423077 0.285919 0.933069 0.162752 -0.29624 -0.101938 0.156069 -0.0440428 0.340864
14.245 -0.316966 0.107473 -0.226708 0.0271105 0.284644 0.931046 0.0620308 -0.29624 -0.101938 0.156069 -0.0440428 0.340864
14.2628 -0.306545 0.10398 -0.196665 0.0280637 0.25878 0.945287 0.0609908 -0.00305876 0.177861 0.0187665 -0.171609 0.340864
14.2809 -0.297144 0.101027 -0.166273 0.0289671 0.232457 0.957851 0.0599509 -0.00305876 0.177861 0.0187665 -0.171609 0.340864
14.2991 -0.288791 0.0985426 -0.135586 0.0298191 0.205721 0.968714 0.0589109 -0.00305876 0.177861 0.0187665 -0.171609 0.340864
14.3174 -0.281506 0.0964544 -0.104658 0.0306181 0.17862 0.977857 0.0578709 -0.00305876 0.177861 0.0187665 -0.171609 0.340864
14.3358 -0.275298 0.0946913 -0.0735447 0.0313628 0.151202 0.985264 0.0568309 -0.00305876 0.177861 0.0187665 -0.171609 0.340864
14.3542 -0.270169 0.0931835 -0.0423006 0.0320519 0.123515 0.990923 0.0557909 -0.00305876 0.177861 0.0187665 -0.171609 0.340864
14.3635 -0.268065 0.0923434 -0.0675337 0.0516658 0.092679 0.992059 0.000351777 -0.163056 -0.166919 0.0881372 -0.180749 0.340864
