0 0 0 0 0 0 1 6.93043e-310 0 0 0 0 0
0.0562076 -0.000227896 -0.000223402 0.00708715 0.00296469 -0.00305667 0.999966 0.330639 0.972467 0.0416896 0.0174396 -0.0179806 0.340864
0.492733 -0.0303612 -0.0144651 -0.0199302 0.0398216 -0.0880583 0.995119 0.0376743 -0.123094 -0.0228267 0.0316081 -0.071264 2.38605
0.634614 -0.0531287 -0.0276688 -0.0295181 0.0526358 -0.0722379 0.99556 0.386763 0.513365 -0.0228664 0.0408672 0.0467931 0.681728
0.849186 -0.0821254 -0.0482136 -0.0255815 0.0453195 -0.0578358 0.996969 0.252958 -0.196772 0.012325 -0.0212282 0.0424981 0.681728
0.992189 -0.0977139 -0.0638938 -0.0350499 0.0738855 -0.0430878 0.995719 0.030808 -0.217794 -0.0140246 0.0577776 0.0281022 1.02259
1.56331 -0.0658562 -0.205806 -0.0307936 0.145405 0.071857 0.986279 0.465574 0.182675 0.0130499 0.0638572 0.0937543 2.38605
1.8153 -0.0265681 -0.287656 0.0068342 0.168074 0.0857672 0.982012 0.0596709 -0.397944 0.0733082 0.0512152 0.0154106 1.02259
2.16399 0.028424 -0.500452 -0.0690347 0.333288 0.0765933 0.93717 0.183964 0.0365567 -0.0531999 0.0966457 0.00515839 3.40864
2.241 0.0375519 -0.566443 -0.0742755 0.347088 0.072449 0.932075 0.415045 0.679651 -0.0453048 0.082026 -0.0158815 0.340864
2.44964 0.067527 -0.740257 -0.0556035 0.320299 0.0912639 0.941269 0.388687 -0.0387624 0.0781309 -0.0747549 0.0364203 0.681728
2.52045 0.0785564 -0.796918 -0.0582976 0.330562 0.0736688 0.939097 0.148766 -0.70565 -0.0542925 0.0537195 -0.0945435 0.340864
2.55505 0.0830093 -0.82513 -0.0783071 0.328235 0.0799987 0.937939 0.115121 -0.0989544 -0.0976215 -0.0171056 0.0751807 0.340864
2.90818 0.169793 -1.17929 0.0278284 0.41726 0.118162 0.900643 0.184143 0.0203006 0.0602407 0.0633044 -0.00178885 3.40864
3.05596 0.201786 -1.36457 -0.0102272 0.453642 -0.0220769 0.890852 0.0173807 -0.0700683 -0.0816661 0.0305842 -0.0913155 2.38605
3.07259 0.200456 -1.3879 -0.00823413 0.460386 -0.0211096 0.88743 0.15134 0.393998 0.0136956 0.0442691 -0.00109957 0.340864
3.43703 0.204994 -1.92258 0.0595995 0.471704 -0.00695936 0.879713 0.483264 0.162708 0.0656306 0.0120505 -0.0185727 2.04519
3.74824 0.209036 -2.3696 0.0902745 0.449238 -0.0656811 0.88641 0.318023 -0.121501 -0.00186856 -0.0289006 -0.0992291 1.36346
4.17483 0.0355289 -3.07755 0.0130346 0.498694 -0.247372 0.830627 0.182381 -0.0398945 -0.0840392 0.0535591 -0.0744078 3.40864
4.26171 -0.0542361 -3.25957 0.0407438 0.474822 -0.270103 0.836617 0.466973 0.418517 0.0167613 -0.0864237 -0.0927587 0.681728
4.36046 -0.149622 -3.4597 0.044954 0.487403 -0.2365 0.839336 0.00895154 -0.44904 0.0446472 0.0131961 0.0536596 1.02259
4.37588 -0.162971 -3.49133 0.0591589 0.484984 -0.246626 0.836939 0.212437 0.598488 0.0383707 -0.0221555 -0.0947032 0.340864
4.56912 -0.332196 -3.8873 0.00808845 0.496416 -0.219626 0.839803 0.481664 0.197961 -0.0397258 0.0282177 0.0717314 1.36346
4.63562 -0.389486 -4.01635 -0.00778749 0.482375 -0.215358 0.849043 0.436458 -0.132959 -0.0845517 -0.0760439 0.0787197 0.340864
4.86945 -0.620487 -4.43561 -0.0323286 0.446549 -0.293684 0.84457 0.0863912 -0.171602 -0.0651557 -0.0231543 -0.0543366 2.04519
4.90456 -0.664262 -4.49369 -0.0405339 0.432867 -0.305703 0.847071 0.388692 0.889121 -0.0955022 -0.0626531 -0.0312392 0.340864
5.05817 -0.878442 -4.75521 -0.137584 0.473868 -0.298117 0.817096 0.0482609 -0.200254 -0.0796952 0.0915743 0.0443371 1.70432
5.18267 -1.07638 -4.9805 -0.0798144 0.449343 -0.32144 0.829697 0.429256 0.280143 0.0449958 -0.0683485 -0.0578407 1.36346
5.2709 -1.22027 -5.14153 -0.0964703 0.456583 -0.335922 0.818157 0.0281819 -0.39321 -0.0371038 0.0301799 -0.0172939 1.02259
5.38789 -1.43248 -5.35045 -0.0525577 0.410014 -0.384013 0.825627 0.442387 0.304563 -0.00140352 -0.0896585 -0.0771336 1.36346
5.42426 -1.49878 -5.41343 -0.0461921 0.411211 -0.381542 0.826558 0.136485 -0.899713 0.0398686 -0.0100484 -0.00161495 0.340864
5.46072 -1.56799 -5.47922 -0.0452947 0.414125 -0.393726 0.819407 0.464827 0.965713 -0.020511 0.0261446 -0.0782553 0.340864
5.61093 -1.85511 -5.72863 -0.0310517 0.340715 -0.428045 0.836497 0.0164631 -0.263744 -0.0361262 -0.0876238 -0.0282285 1.70432
5.86185 -2.20851 -5.90304 -0.147876 0.22134 -0.386778 0.882918 0.328242 0.114624 -0.0985512 -0.0475948 0.0723694 2.72691
5.91435 -2.27427 -5.92671 -0.153601 0.218186 -0.391664 0.880569 0.185989 -0.41839 -0.0453157 -0.00454431 -0.0205249 0.340864
6.07708 -2.47851 -5.97411 -0.191071 0.142691 -0.40988 0.880414 0.204797 0.0138296 -0.0980057 -0.0803458 0.00540379 1.36346
6.10858 -2.519 -5.97838 -0.1995 0.136961 -0.427363 0.871093 0.0980129 -0.314072 -0.0826253 -0.0211767 -0.0995071 0.340864
6.20169 -2.66706 -5.96912 -0.271262 0.0422303 -0.535864 0.798426 0.0313769 -0.0244985 -0.0978279 -0.046968 -0.0715796 2.72691
6.22338 -2.71332 -5.95725 -0.284752 0.0509224 -0.541361 0.789462 0.277172 0.722928 -0.0516295 0.076804 -0.0645962 0.340864
6.28607 -2.8577 -5.92158 -0.274001 0.0645117 -0.564644 0.775847 0.0393374 -0.233172 0.0211448 -0.00201746 -0.0591649 1.02259
6.30788 -2.91171 -5.90806 -0.290095 0.0565253 -0.557883 0.77551 0.312406 0.803143 -0.0979589 0.0280336 0.0487209 0.340864
6.47151 -3.26586 -5.80001 -0.39901 0.0627309 -0.513816 0.756868 0.0279878 -0.119503 -0.0706883 0.0668908 0.0236949 2.38605
6.4996 -3.31482 -5.78019 -0.400987 0.0460742 -0.511483 0.758599 0.323923 0.870399 -0.0542242 -0.0633488 0.0554466 0.340864
6.75769 -3.724 -5.60235 -0.396264 0.0217756 -0.484569 0.779547 0.282598 -0.0243092 0.000935092 -0.0129706 0.0478465 1.70432
6.97847 -4.00888 -5.47696 -0.371897 0.00871716 -0.432343 0.821399 0.278908 -0.00271297 0.0447285 -0.0032425 0.096609 1.36346
7.04961 -4.09409 -5.44077 -0.359129 0.00696127 -0.450319 0.817429 0.407931 0.379478 0.0476237 -0.0800824 -0.0937709 0.340864
7.11112 -4.17053 -5.40877 -0.34098 -0.0011422 -0.448221 0.826335 0.199163 -0.614024 0.084708 -0.0829816 0.0500528 0.340864
7.17021 -4.24313 -5.37944 -0.337272 0.00449443 -0.443958 0.830138 0.377859 0.525579 0.0404899 0.0261983 0.0194739 0.340864
7.24416 -4.33131 -5.34364 -0.34983 0.0012838 -0.434948 0.829721 0.331147 -0.137389 -0.0703004 0.035005 0.04961 0.340864
7.85663 -4.99667 -4.83732 -0.408965 -0.193462 -0.444563 0.7731 0.28306 -0.0141432 -0.0910267 -0.0824713 0.0210981 3.40864
7.94341 -5.07852 -4.73418 -0.393589 -0.197528 -0.410192 0.798632 0.0261971 -0.251827 0.0272097 0.0176853 0.0834798 1.02259
7.97635 -5.10589 -4.69827 -0.407109 -0.197708 -0.406353 0.793757 0.302572 0.812868 -0.0797019 0.0350037 -0.00901985 0.340864
8.12849 -5.22634 -4.52373 -0.417799 -0.229983 -0.401206 0.782039 0.2093 -0.0914431 -0.0537148 -0.0421584 0.0202991 1.02259
8.18961 -5.27427 -4.44749 -0.411549 -0.235771 -0.409684 0.77923 0.430945 0.651897 0.01966 -0.0660126 -0.0229546 0.340864
8.34258 -5.39484 -4.25851 -0.438573 -0.211038 -0.407184 0.772864 0.101194 -0.323286 -0.0277212 0.058585 -0.0337525 1.02259
8.50253 -5.52704 -4.08104 -0.407227 -0.182264 -0.414765 0.793042 0.434355 0.326629 0.0909979 0.0204166 -0.00715453 1.02259
8.59451 -5.60832 -3.97884 -0.400478 -0.203853 -0.427787 0.784257 0.0354696 -0.586597 -0.0141364 -0.0789055 -0.0116159 0.681728
8.84197 -5.82843 -3.67816 -0.445966 -0.192709 -0.430693 0.760579 0.490802 0.267843 -0.0468416 0.0261394 -0.0307719 1.70432
9.25718 -6.17933 -3.09057 -0.434246 -0.280532 -0.427792 0.741435 0.45201 -0.0228187 -0.0447757 -0.0874608 0.0416877 1.70432
9.31093 -6.22166 -3.00378 -0.449868 -0.274108 -0.418785 0.739664 0.198083 -0.746846 -0.0713584 0.0874243 -0.00736212 0.340864
9.42092 -6.29637 -2.83454 -0.45506 -0.288187 -0.39613 0.743606 0.434996 0.348402 -0.0416927 0.00892205 0.0685916 0.681728
9.50266 -6.34607 -2.70987 -0.449156 -0.301513 -0.386075 0.747191 0.489396 0.159999 -0.0126751 -0.0390607 0.098022 0.340864
9.57578 -6.38656 -2.59876 -0.452283 -0.310805 -0.370444 0.749408 0.328519 -0.473166 -0.056716 0.0114933 0.0927441 0.340864
9.72577 -6.4618 -2.38918 -0.461576 -0.28268 -0.359591 0.760088 0.461255 0.1952 0.0144497 0.0963359 -0.0103512 0.681728
9.97981 -6.59754 -1.9936 -0.501886 -0.333362 -0.437184 0.66772 0.0192219 -0.216683 -0.0684149 -0.0845327 -0.0788677 2.04519
10.0034 -6.61304 -1.93919 -0.484328 -0.345605 -0.437497 0.674225 0.341216 0.947041 0.0573052 -0.0814166 0.086081 0.340864
10.1347 -6.67724 -1.64431 -0.540931 -0.37272 -0.381259 0.650473 0.0463826 -0.173431 -0.0953764 0.0300512 0.0248512 1.70432
10.2641 -6.67526 -1.4322 -0.558436 -0.38523 -0.256659 0.688384 0.197705 0.0741777 -0.0413844 0.078725 0.0941416 2.04519
10.4005 -6.66289 -1.24326 -0.54628 -0.368073 -0.259896 0.706084 0.48864 0.427846 0.0703095 0.0403048 -0.00760073 0.681728
10.4985 -6.65708 -1.11283 -0.555743 -0.359779 -0.258623 0.703436 0.471912 -0.0491998 -0.0378865 0.0472763 -0.0459055 0.340864
10.5808 -6.65148 -1.00429 -0.562929 -0.363799 -0.261154 0.694665 0.329819 -0.417921 -0.0591717 -0.0325401 -0.0258811 0.340864
10.6288 -6.64734 -0.939171 -0.568883 -0.37011 -0.266055 0.684548 0.146712 -0.538551 -0.0570358 -0.0545247 -0.027413 0.340864
10.905 -6.63011 -0.606734 -0.625143 -0.304231 -0.265435 0.66797 0.489744 0.25223 -0.0451269 0.0799312 -0.0917164 1.36346
11.1018 -6.61217 -0.383667 -0.630699 -0.346159 -0.248365 0.648619 0.0948216 -0.387179 -0.0630265 -0.0426599 0.0603919 1.02259
11.3698 -6.54659 0.00676503 -0.600094 -0.412517 -0.274427 0.628018 0.468137 0.219597 -0.000708116 -0.0874008 0.0358323 1.70432
11.4311 -6.52863 0.105972 -0.615977 -0.399693 -0.271836 0.622032 0.225956 -0.712297 -0.0653983 0.0676418 -0.0839069 0.340864
11.7113 -6.38448 0.440096 -0.685681 -0.406124 -0.0132518 0.603929 0.0469034 -0.0526627 -0.0950335 0.0994292 0.0786101 3.40864
11.7245 -6.37338 0.450467 -0.686342 -0.4208 -0.0150431 0.592988 0.071636 0.0727431 -0.0433449 -0.0854542 0.0504033 0.340864
12.0185 -6.07331 0.640867 -0.672724 -0.418199 0.117223 0.599009 0.381376 0.151834 -0.0426857 0.0930699 0.0810905 2.04519
12.1087 -5.97303 0.688987 -0.702887 -0.410159 0.103431 0.571858 0.0397885 -0.502335 -0.0926987 -0.0569348 -0.0679675 0.681728
12.1411 -5.94123 0.703937 -0.708565 -0.365606 0.0958967 0.595879 0.0305071 -0.0068246 0.0178287 0.0433234 -0.059494 1.36346
12.3343 -5.78241 0.790474 -0.717495 -0.357388 0.0582141 0.595051 0.488474 0.448987 0.0138883 -0.0450373 -0.061707 1.02259
12.4248 -5.71163 0.830507 -0.72451 -0.34586 0.067152 0.592415 0.227435 -0.76776 -0.0584188 0.0701334 -0.031214 0.340864
12.5067 -5.64618 0.866125 -0.723335 -0.361994 0.0649612 0.584403 0.423832 0.577636 -0.01922 -0.0813983 0.0666822 0.340864
12.5758 -5.58798 0.898755 -0.713566 -0.378832 0.0628015 0.585974 0.141288 -0.831009 0.0513005 -0.0600023 0.0844297 0.340864
12.6196 -5.55035 0.920001 -0.715257 -0.369428 0.06848 0.589272 0.220658 0.233439 -0.00810906 0.0629813 -0.0248891 0.340864
13.0234 -5.18103 1.14808 -0.74018 -0.421886 0.0109959 0.523474 0.277837 0.024025 -0.0310828 -0.0825402 -0.000887393 2.38605
13.1034 -5.10012 1.20077 -0.733147 -0.427805 0.024455 0.528091 0.4597 0.534891 0.00873809 0.052288 0.0843755 0.340864
13.1702 -5.02871 1.24592 -0.727284 -0.444624 0.0281256 0.522089 0.173873 -0.840667 -0.0144849 -0.0506768 0.0995589 0.340864
13.6782 -4.26559 1.5993 -0.675585 -0.505818 0.15478 0.513592 0.405607 0.0681568 -0.0199464 0.0341522 0.0790356 3.40864
13.7224 -4.17905 1.63104 -0.673135 -0.513949 0.157285 0.507944 0.195672 -0.617456 -0.0150923 -0.0291856 0.0523157 0.340864
13.8476 -3.9012 1.74063 -0.635651 -0.542026 0.16409 0.524623 0.43949 0.239038 0.0611743 0.00939124 0.076499 1.02259
13.9478 -3.65223 1.83391 -0.640269 -0.536087 0.19903 0.512888 0.396388 -0.0633856 -0.0876548 0.0535613 0.0411196 0.681728
14.2853 -2.68008 2.07603 -0.709833 -0.562162 0.186499 0.38122 0.492815 0.0405154 -0.0911682 -0.0892735 -0.000690727 2.38605
14.4809 -2.03359 2.13023 -0.723362 -0.529916 0.298432 0.326917 0.00632113 -0.178858 -0.0830563 0.0432799 0.0164457 2.72691
14.4922 -1.99466 2.12701 -0.727389 -0.520014 0.293692 0.337988 0.23284 0.666233 0.0367568 0.026314 -0.0832396 0.340864
14.5045 -1.95398 2.12351 -0.735126 -0.516534 0.293386 0.326661 0.0181225 -0.631523 -0.0689242 -0.0424058 -0.0195954 0.340864
14.5183 -1.90756 2.11922 -0.73474 -0.529274 0.284641 0.314652 0.267808 0.734369 -0.002632 -0.098125 0.0601888 0.340864
14.586 -1.67921 2.0952 -0.742515 -0.522096 0.289684 0.303597 0.436256 0.247718 -0.0449466 -0.00617587 -0.0136942 0.681728
14.833 -0.898139 1.91616 -0.75854 -0.450353 0.386028 0.269781 0.181702 -0.0935862 -0.0745041 0.0523586 -0.0166552 2.72691
14.8555 -0.824012 1.88901 -0.740006 -0.479316 0.386987 0.269979 0.0597303 -0.17937 0.0467721 0.00046199 0.0897204 0.681728
14.8711 -0.765237 1.86871 -0.74346 -0.479545 0.38427 0.263896 0.317374 0.757775 -0.0237841 -0.0372011 0.000791343 0.340864
14.8856 -0.708445 1.84817 -0.736764 -0.479911 0.403277 0.25344 0.0479744 -0.792351 -0.0881281 0.0682013 0.0736371 0.340864
14.9627 -0.353591 1.775 -0.664815 -0.504634 0.375261 0.403167 0.194778 0.0479751 0.0998057 0.0485774 -0.00967958 3.06778
14.9907 -0.191206 1.75602 -0.638633 -0.524773 0.425917 0.367907 0.000458065 -0.114306 -0.0363717 0.0207105 0.0709473 1.70432
