0.416826 -0.049156 -0.0468058 0.114309 0.0753724 -0.0942494 0.986088 0.276474 0 0 0 0 0
0.509854 -0.066939 -0.0632898 0.141531 0.0715958 -0.120725 0.979933 0.00629807 -0.397318 0.0741207 -0.00823527 -0.0858183 0.681728
0.588087 -0.0722362 -0.0845031 0.2248 0.151641 -0.0234788 0.962247 0.0735288 0.0329562 0.0991342 0.0550054 0.0969687 2.04519
0.82907 -0.052607 -0.181586 0.248376 0.220982 0.000260457 0.943121 0.309949 0.173838 0.0474233 0.0938232 0.0506509 1.36346
0.903786 -0.0433599 -0.216898 0.264082 0.230362 -0.00492946 0.936573 0.179214 -0.384513 0.0899422 0.0681647 -0.0354946 0.340864
1.13194 -0.0099921 -0.327318 0.293531 0.233455 0.00589523 0.926986 0.196765 0.012905 0.0479821 0.00309002 0.00606502 1.36346
1.22146 0.00571938 -0.372194 0.297243 0.248086 0.00710756 0.921981 0.399531 0.596371 0.0300406 0.0846963 0.0269518 0.340864
1.32977 0.0261561 -0.429622 0.307716 0.259107 0.00498209 0.915505 0.331583 -0.199847 0.064564 0.0733798 -0.00727059 0.340864
1.4485 0.0500765 -0.497037 0.334546 0.280992 -0.00492495 0.899499 0.0761244 -0.375675 0.07888 0.0805078 -0.0270882 0.681728
1.50762 0.0639259 -0.533055 0.333977 0.287727 0.00835463 0.897554 0.339217 0.773802 0.0229622 0.0127331 0.0844053 0.340864
2.3178 0.292876 -0.967236 0.257655 0.242629 0.0806478 0.931795 0.457331 0.0496277 -0.0494966 -0.0632699 0.0602262 2.38605
2.45455 0.334659 -1.03466 0.249813 0.255331 0.067468 0.931583 0.472652 0.045062 -0.0675039 0.0861842 -0.0416992 0.340864
2.55292 0.365444 -1.08417 0.260083 0.250627 0.0859237 0.928526 0.200071 -0.801709 0.090367 -0.0442327 0.0800177 0.340864
2.6024 0.381997 -1.10931 0.248439 0.263416 0.0808315 0.928631 0.140638 -0.174803 -0.0777365 0.0716059 0.00886617 0.340864
2.68221 0.410656 -1.15051 0.223504 0.253607 0.119575 0.933505 0.0442415 -0.0945063 -0.0262221 -0.0432195 0.0779043 1.02259
2.74985 0.44014 -1.19714 0.112175 0.375629 0.131315 0.910536 0.0293542 -0.00625518 -0.0932125 0.0876336 0.0584335 2.38605
2.92749 0.517298 -1.35569 0.102939 0.349548 0.122934 0.923096 0.181004 0.0637183 -0.00801951 -0.0241538 -0.00734298 2.38605
3.23424 0.657263 -1.67045 0.116274 0.424175 0.116781 0.890459 0.362182 0.106575 0.0051157 0.0972507 0.00159441 1.70432
3.8822 0.982208 -2.37357 0.202862 0.396064 0.0967046 0.890297 0.486711 0.0523234 0.0604986 -0.0105336 -0.0486888 2.38605
4.37743 1.30248 -2.85035 0.221457 0.383015 0.196179 0.875083 0.407015 -0.0468801 0.0710688 -0.0282542 0.0943096 1.70432
4.43009 1.34533 -2.89917 0.223258 0.383678 0.194385 0.874735 0.0848697 -0.947486 0.00492294 0.00861214 -0.0120262 0.340864
4.73373 1.5359 -3.07415 0.298784 0.221238 0.163972 0.913726 0.151055 0.0194664 0.0457145 -0.0802154 -0.0588252 3.40864
5.17392 1.70288 -3.21105 0.220637 0.153761 0.101928 0.957751 0.261612 0.0464525 -0.0734971 -0.0553384 -0.0562737 2.38605
5.64716 1.8333 -3.34019 0.189832 0.153815 0.0999398 0.964529 0.335557 0.0434966 -0.0368409 -0.00434343 0.00253406 1.70432
6.402 1.96151 -3.47667 0.318199 0.0509194 0.0129169 0.946567 0.237985 -0.035872 0.0918013 -0.0496532 -0.0898024 2.72691
6.47264 1.96583 -3.48194 0.331974 0.0386268 0.0209001 0.942266 0.179454 -0.17215 0.0880809 -0.0810589 0.017644 0.340864
6.92104 1.96732 -3.47907 0.290219 -0.0326212 -0.0113424 0.956337 0.480609 0.221438 -0.0644572 -0.0851837 -0.0776258 1.36346
7.6741 1.917 -3.40984 0.35107 -0.0799819 -0.0232111 0.932638 0.262718 -0.106809 0.0637197 -0.0425094 -0.0229462 2.04519
8.16306 1.86706 -3.35032 0.364626 -0.0678136 -0.0285241 0.928243 0.153344 -0.0459556 0.0125163 0.0105449 0.000251376 2.38605
8.2623 1.85479 -3.34089 0.372749 -0.0654263 -0.0473509 0.924411 0.437524 0.835824 0.0604851 0.0505284 -0.0950889 0.340864
8.37695 1.83795 -3.3295 0.372482 -0.0813819 -0.0508612 0.923064 0.247425 -0.559115 -0.0015922 -0.0795125 -0.0545533 0.340864
8.4728 1.82277 -3.31809 0.372198 -0.0856243 -0.0500256 0.922841 0.327375 0.235148 -0.00272317 -0.0248886 -0.00496097 0.340864
8.5785 1.8069 -3.30344 0.370739 -0.0962929 -0.0360267 0.923029 0.307252 -0.0591839 -0.0185183 -0.0880439 0.0519582 0.340864
9.6829 1.61093 -3.21569 0.226122 -0.032059 -0.102209 0.968191 0.428823 0.0397289 -0.0929996 0.0613579 -0.0325712 3.06778
9.7978 1.58405 -3.21539 0.235348 -0.0229092 -0.121761 0.963982 0.265385 -0.480698 0.0673362 0.0717838 -0.099983 0.340864
10.1682 1.50624 -3.20309 0.264318 -0.0573251 -0.0741537 0.95987 0.477448 0.207905 0.0463336 -0.0941895 0.0744759 1.02259
10.4122 1.46848 -3.18912 0.245606 -0.0344613 -0.0575592 0.967046 0.24998 -0.334513 -0.0562278 0.0569496 0.0630461 0.681728
10.4597 1.46228 -3.18721 0.229913 -0.0356683 -0.0588842 0.970773 0.031994 -0.641135 -0.0947972 0.00111731 -0.0112007 0.340864
10.7533 1.39555 -3.11348 0.141775 -0.201188 -0.10356 0.96369 0.171507 0.0455924 -0.0605637 -0.0956744 -0.0558935 3.06778
10.8108 1.37889 -3.08924 0.130198 -0.217476 -0.105178 0.961608 0.208534 0.108904 -0.0719009 -0.0864039 -0.0377278 0.340864
10.8462 1.36894 -3.07374 0.118639 -0.21057 -0.0948538 0.965706 0.0261031 -0.536562 -0.0774626 0.0435551 0.0514399 0.340864
11.6108 1.1721 -2.75154 0.0839081 -0.201551 -0.100879 0.970649 0.475522 0.132182 -0.0188288 0.00809568 -0.00682073 3.40864
12.8527 0.846358 -2.37461 0.0723382 -0.100861 -0.12324 0.984584 0.400534 -0.0245059 0.00148305 0.0678278 -0.00928681 3.06778
13.78 0.577854 -2.08054 -0.0319565 -0.199093 -0.143123 0.968946 0.449359 0.0205146 -0.0941614 -0.0708415 -0.0329974 2.38605
13.8979 0.540469 -2.02922 -0.0341061 -0.185511 -0.158874 0.969114 0.33816 -0.327057 0.0176625 0.0764628 -0.0947163 0.340864
14.7842 0.224273 -1.67284 -0.100925 -0.156263 -0.188834 0.964229 0.401789 0.023393 -0.0402749 0.0272583 -0.0318003 2.72691
14.9137 0.174952 -1.62412 -0.113968 -0.145357 -0.192967 0.963663 0.46233 0.178062 -0.0584075 0.0733757 -0.0425353 0.340864
