0 0 0 0 0 0 1 6.90621e-310 0 0 0 0 0
0.149942 -0.00443697 -0.00291637 0.0180146 0.0142782 -0.022376 0.999485 0.294212 0.288443 0.0353288 0.0280013 -0.0438821 1.02259
0.52004 -0.0227378 -0.0255632 -0.0152836 0.0508546 -0.0275476 0.998209 0.142635 -0.0891632 -0.0382669 0.0440346 -0.00478209 1.70432
0.640476 -0.0293169 -0.0393807 0.0157633 0.0697189 -0.025601 0.997114 0.000199987 -0.0837851 0.0371767 0.0212526 5.37541e-05 1.70432
0.695983 -0.0286443 -0.0476748 0.022973 0.0764396 0.0195987 0.996617 0.0548401 0.0267844 0.0103174 0.0057264 0.0437997 2.04519
0.776744 -0.0231566 -0.0628069 0.0457524 0.111975 0.0418736 0.991774 0.0420711 -0.00751115 0.0280341 0.0420402 0.0251503 1.70432
1.16114 0.0464746 -0.166988 0.0943473 0.152476 0.0987231 0.978828 0.222386 0.0589264 0.0349825 0.0268639 0.0349029 3.06778
1.66068 0.196791 -0.334075 0.153409 0.19395 0.141372 0.958573 0.180662 -0.0153399 0.0457409 0.033491 0.0284565 2.72691
2.19077 0.4353 -0.558096 0.130863 0.232507 0.195113 0.943793 0.2268 0.015078 -0.00940149 0.0185744 0.0417952 3.06778
2.47043 0.590181 -0.702562 0.125838 0.259772 0.207035 0.934783 0.289187 0.0458728 -0.00898854 0.0371915 0.0261019 1.36346
2.54765 0.634667 -0.746332 0.127193 0.26734 0.201169 0.933746 0.294843 0.0166355 -0.00996658 0.0491969 -0.02746 0.340864
2.70506 0.722953 -0.838399 0.120698 0.271333 0.193746 0.935026 0.301068 0.00915338 -0.0265141 0.00889267 -0.0145427 0.681728
2.78717 0.768445 -0.887944 0.120587 0.278499 0.194138 0.932849 0.323284 0.0653432 -0.006608 0.0424821 0.00989914 0.340864
2.88125 0.821157 -0.94614 0.130458 0.283119 0.191824 0.930606 0.397553 0.218435 0.0466898 0.0419461 -0.0230304 0.340864
3.55236 1.17014 -1.39188 0.146428 0.317397 0.140813 0.926277 0.176544 -0.072225 -0.00365647 0.0280204 -0.0305371 3.06778
3.69886 1.23324 -1.49222 0.140774 0.289531 0.119515 0.939186 0.0451995 -0.0772616 -0.0117246 -0.032462 -0.0280433 1.70432
3.75495 1.25276 -1.52909 0.143079 0.302197 0.0914086 0.938003 0.0918922 0.0457772 -0.0143558 0.0323005 -0.0493027 1.02259
3.80505 1.26969 -1.56294 0.124661 0.300894 0.112197 0.938794 0.0312248 -0.0594779 -0.021548 -0.0120008 0.0486476 1.02259
3.87501 1.29721 -1.61961 0.0449975 0.368915 0.141647 0.917504 0.0303792 -0.000276348 -0.0464374 0.0377603 0.0409243 3.06778
3.91878 1.31659 -1.66653 0.047018 0.414778 0.136877 0.898339 0.0353542 0.00243874 -0.00543389 0.0486975 -0.000337402 2.04519
3.94396 1.32841 -1.69957 -0.00824284 0.463863 0.14905 0.87324 0.00701317 -0.0138927 -0.0492006 0.0455074 0.0388636 2.04519
3.96802 1.34221 -1.73917 0.0389976 0.485215 0.155792 0.85952 0.0403971 0.0163647 0.0402982 0.031492 -0.0138857 2.04519
4.00832 1.3709 -1.81606 0.0293702 0.518271 0.173338 0.836951 0.0492682 0.00434857 -0.00395327 0.0364621 0.0240843 2.04519
4.04278 1.39572 -1.89701 0.0255004 0.55727 0.119607 0.821276 0.0583504 0.00534251 -0.044017 0.0490632 -0.0460379 1.70432
4.07219 1.41787 -1.97688 0.0270542 0.563111 0.149409 0.812312 0.114105 0.0546618 0.0341504 0.0180777 0.0486961 1.02259
4.12783 1.4682 -2.13293 0.0231284 0.556699 0.171649 0.812458 0.225418 0.10913 0.0201754 -0.012705 0.039378 1.02259
4.45031 1.72714 -2.82922 0.0623965 0.490092 0.157547 0.855041 0.251544 0.00768406 0.0203219 -0.0416758 -0.0248376 3.40864
4.72787 1.94729 -3.28888 0.070063 0.461513 0.211697 0.858651 0.236392 -0.00636642 0.0314241 -0.0238606 0.0337956 2.38605
5.12365 2.2763 -3.83029 0.0301389 0.392402 0.242645 0.886699 0.203305 -0.00973134 -0.00431914 -0.048835 0.020156 3.40864
5.36572 2.48292 -4.10685 0.0407008 0.371011 0.275363 0.885929 0.416902 0.157056 0.0403311 -0.0251369 0.0359055 1.36346
5.66183 2.7295 -4.41084 0.0436167 0.344875 0.251277 0.903338 0.305053 -0.0822417 0.000199429 -0.040938 -0.0415958 1.36346
6.09292 3.05597 -4.79108 0.00256839 0.296113 0.276665 0.914203 0.127111 -0.058151 -0.0108232 -0.0387354 0.0210843 3.06778
6.13343 3.08601 -4.823 0.00538016 0.290601 0.270588 0.917771 0.223996 0.284955 0.0134524 -0.0311888 -0.0434678 0.340864
6.43575 3.29032 -5.02372 0.0525423 0.227427 0.236619 0.943148 0.0484577 -0.0573654 0.0329659 -0.0343007 -0.0340894 3.06778
6.55695 3.35795 -5.08152 0.0610949 0.207141 0.214051 0.95265 0.0989581 0.0247551 0.00709368 -0.0177322 -0.0260292 2.04519
6.8458 3.53548 -5.23223 0.0875068 0.258143 0.253042 0.928264 0.174062 0.0276118 0.017524 0.0418827 0.0294458 2.72691
7.06713 3.66647 -5.35659 0.0343605 0.231439 0.184047 0.954663 0.0362101 -0.0506809 -0.0461702 -0.0287295 -0.0437001 2.72691
7.12397 3.69196 -5.38602 0.0373168 0.230289 0.185653 0.95452 0.166438 0.191511 0.0100314 -0.00169423 0.00245821 0.681728
7.93033 3.97732 -5.75807 0.0086921 0.194867 0.130269 0.972101 0.443689 0.090605 -0.0223453 -0.0268914 -0.0332713 3.06778
8.84112 4.28639 -6.06818 0.050069 0.119678 0.180111 0.975054 0.217808 -0.0738171 0.0390866 -0.0449828 0.025761 3.06778
9.03779 4.37063 -6.1164 0.0437061 0.125614 0.205879 0.969497 0.104763 -0.0831216 -0.00575252 0.00590813 0.0399827 1.36346
9.275 4.48054 -6.1725 0.0214248 0.106618 0.209538 0.971734 0.28846 0.135071 -0.0254876 -0.034482 0.00743588 1.36346
9.80295 4.7048 -6.26173 0.0570875 0.06316 0.177473 0.980436 0.199635 -0.0373215 0.0337683 -0.0294311 -0.0317159 2.38605
9.91768 4.74696 -6.27303 0.0724326 0.0526929 0.164411 0.982317 0.161421 -0.0561971 0.0469752 -0.0203312 -0.0432612 0.681728
10.4352 4.89254 -6.29137 0.0165503 -0.00256545 0.109659 0.993828 0.234458 0.026852 -0.0364742 -0.0442669 -0.0417812 2.72691
11.0948 5.03353 -6.25235 0.017731 -0.0474981 0.101925 0.993499 0.428103 0.0949237 0.00600788 -0.0435432 -0.00822831 2.04519
11.7224 5.15485 -6.18261 0.00668447 -0.0597203 0.088607 0.994252 0.328502 -0.0585885 -0.0107181 -0.0152915 -0.0165307 1.70432
11.9277 5.19264 -6.15439 -0.000449927 -0.0748507 0.0924586 0.992899 0.290929 -0.0552545 -0.0175706 -0.0464203 0.0100656 0.681728
12.4579 5.26303 -6.08701 0.0466673 -0.0435452 0.0312609 0.997471 0.105743 -0.068083 0.0356818 0.0263205 -0.0424561 2.72691
12.816 5.25361 -6.04677 0.099989 -0.070409 -0.048798 0.991294 0.106579 0.000245893 0.0340575 -0.0127636 -0.0463097 3.40864
12.8888 5.24471 -6.03731 0.0895708 -0.0689262 -0.059212 0.991827 0.110903 0.00635864 -0.0281633 0.00899177 -0.0320086 0.681728
13.2438 5.19017 -5.97717 0.110256 -0.105854 -0.0715635 0.985656 0.317659 0.121621 0.0232232 -0.043744 -0.017062 1.70432
14.2311 4.98266 -5.77072 0.15282 -0.122361 -0.103751 0.975146 0.288271 -0.00864349 0.0266838 -0.00993436 -0.017534 3.40864
14.3311 4.95663 -5.74832 0.152946 -0.128564 -0.109494 0.973699 0.333254 0.132301 0.00237181 -0.0315396 -0.0393174 0.340864
14.5564 4.89788 -5.69625 0.138564 -0.127201 -0.104819 0.976541 0.368666 0.0520769 -0.0437958 0.00750639 0.00948044 0.681728
14.9137 4.80348 -5.61722 0.14496 -0.119048 -0.11535 0.975453 0.372318 0.00358039 0.0168455 0.0168873 -0.0165777 1.02259
