0 0 0 0 0 0 1 4.66742e-310 0 0 0 0 0
0.286034 0.0730384 -0.0462133 0.166242 0.138972 0.16787 0.961702 0.294535 0.14438 0.165095 0.138014 0.166712 2.04519
1.1001 0.682174 -0.0689437 0.212691 0.0200288 0.420064 0.881991 0.464005 0.0623049 0.0842563 -0.102536 0.171359 2.72691
1.37583 1.07715 0.00665826 0.218808 0.0392367 0.548211 0.806256 0.0152672 -0.219969 0.0157475 -0.00612852 0.146434 2.04519
1.42156 1.46637 0.0988958 0.147506 -0.0209829 0.723054 0.674533 0.249568 0.0765689 0.00739497 -0.0796618 0.133815 3.06778
1.63308 2.21807 0.358771 0.135135 -0.151164 0.461956 0.863414 0.242932 -0.00195182 0.0380651 -0.0325892 -0.19942 3.40864
1.77384 2.41869 0.457354 0.208257 -0.0966073 0.471216 0.851617 0.275045 0.0314834 0.0748651 0.152866 0.0625813 1.02259
1.92299 2.60994 0.551083 0.171539 -0.121653 0.428837 0.878563 0.489911 0.31598 -0.061769 -0.0800674 -0.169396 0.681728
2.37422 3.03533 0.743955 0.168567 -0.0628788 0.327822 0.92745 0.467709 -0.0163249 -0.0352607 0.108581 -0.147442 1.36346
2.69908 3.30732 0.857282 0.116006 -0.119711 0.387822 0.906535 0.0487002 -0.246476 -0.0357817 -0.0958882 0.0584722 1.70432
2.80212 3.42852 0.890366 -0.0255024 -0.0782688 0.438074 0.895162 0.110933 0.0305061 -0.146726 -0.0241201 0.0372427 2.04519
2.88727 3.53352 0.906579 -0.102771 -0.113945 0.408193 0.899907 0.289559 0.262685 -0.150439 -0.194902 -0.100033 0.681728
3.11656 3.77068 0.922641 -0.216293 -0.0662435 0.347262 0.910076 0.197018 -0.0680443 -0.167652 -0.0125613 -0.11333 1.36346
3.22183 3.8565 0.917392 -0.31475 -0.0791259 0.300516 0.896862 0.0695828 -0.124937 -0.166794 -0.111798 -0.0819103 1.02259
3.6154 4.18916 0.806686 -0.155813 0.100887 0.381599 0.905498 0.37467 0.128188 0.0719921 0.199975 0.0221211 2.38605
3.89178 4.5105 0.625158 -0.188192 0.183162 0.468994 0.843256 0.305554 -0.0508209 -0.0908749 0.121038 0.137701 1.36346
4.03896 4.70937 0.52536 -0.149212 0.040434 0.434711 0.887202 0.0882168 -0.159807 0.150332 -0.172152 -0.0440052 1.36346
4.37822 4.95065 0.341223 -0.218337 0.236204 0.229529 0.918615 0.213339 0.0408896 -0.0994992 0.0741083 -0.147292 3.06778
4.53571 4.99815 0.242237 -0.198566 0.232944 0.137572 0.94201 0.163555 -0.0488077 0.00451321 -0.0472511 -0.184212 1.02259
4.87286 5.04014 0.0510453 -0.0576663 0.251714 0.0476005 0.964909 0.410018 0.181222 0.168065 0.0204892 -0.183904 1.36346
5.61684 5.1268 -0.583811 -0.270164 0.399802 0.172232 0.858782 0.420205 0.00428054 -0.159511 0.142299 0.145356 2.38605
5.8386 5.16433 -0.842127 -0.23434 0.352313 0.180097 0.887989 0.083751 -0.247393 0.0735537 -0.0649967 0.000340281 1.36346
6.057 5.22978 -1.01932 -0.22776 0.243733 0.208861 0.919291 0.341722 0.189685 0.0631848 -0.146687 0.0634258 1.36346
6.59176 5.73085 -1.62076 -0.0340809 0.370936 0.471017 0.799617 0.37004 0.0104107 0.141563 0.185321 0.14284 2.72691
6.77171 6.0655 -1.96942 -0.159864 0.356408 0.399499 0.829348 0.238218 -0.0775422 -0.140812 -0.0995764 -0.0283839 1.70432
7.03659 6.2714 -2.31989 -0.379921 0.275744 0.307241 0.827785 0.239807 0.000779045 -0.181739 -0.167464 0.0152943 2.04519
7.56829 6.36292 -2.71283 -0.444024 0.2186 0.103293 0.862779 0.32577 0.0361191 -0.066481 -0.130616 -0.118802 2.38605
8.12323 6.38494 -3.02027 -0.250796 0.234285 0.110546 0.932734 0.296887 -0.0141584 0.195249 0.0211498 -0.0495396 2.04519
9.04542 6.19471 -3.69858 -0.310515 0.393486 -0.0811179 0.861492 0.393841 0.0285158 -0.0809996 0.0657851 -0.117168 3.40864
9.71981 5.32631 -4.42042 -0.287099 0.443724 -0.40542 0.745867 0.394302 0.000135674 -0.0836219 -0.00830088 -0.188288 3.40864
9.90651 4.94656 -4.58524 -0.342473 0.301904 -0.346161 0.819597 0.142617 -0.14805 -0.0607201 -0.117136 0.164857 1.70432
10.0569 4.76952 -4.64949 -0.257495 0.251061 -0.328213 0.873465 0.330214 0.183918 0.149177 -0.159569 0.0493499 1.02259
10.116 4.70657 -4.67231 -0.262832 0.237034 -0.333439 0.873815 0.195118 -0.39734 -0.0616961 -0.070204 0.00295253 0.340864
10.1911 4.62017 -4.69923 -0.263209 0.240189 -0.364835 0.860189 0.496877 0.887526 -0.060605 -0.0125828 -0.192495 0.340864
10.6899 4.14771 -4.77041 -0.345165 0.0926342 -0.288166 0.888392 0.320328 -0.103852 -0.116557 -0.0989556 0.15948 1.70432
10.9657 3.95672 -4.80066 -0.313754 0.213328 -0.229417 0.896336 0.176564 -0.105709 0.104552 0.17366 0.0146225 1.36346
11.2359 3.75026 -4.81707 -0.332286 0.0585996 -0.34621 0.87538 0.226386 0.0293072 -0.0989845 -0.197275 -0.0674827 1.70432
11.4391 3.59825 -4.73656 -0.433159 -0.165501 -0.332237 0.821341 0.0369143 -0.0928783 -0.181361 -0.152044 0.0732268 2.04519
11.6506 3.51695 -4.58567 -0.289566 -0.241845 -0.205361 0.903044 0.230304 0.0947987 0.105739 -0.0414506 0.186026 2.04519
12.0052 3.40952 -4.35813 -0.232278 -0.218453 -0.194389 0.927652 0.409206 0.131546 0.0897879 0.0272075 0.0324417 1.36346
12.3959 3.27942 -4.06745 -0.202648 -0.325691 -0.216164 0.897849 0.184991 -0.131891 0.00527672 -0.137736 0.00635363 1.70432
12.6464 3.18952 -3.866 -0.256927 -0.238901 -0.22167 0.909823 0.470203 0.27962 -0.0505871 0.18158 -0.073898 1.02259
12.7619 3.14436 -3.78727 -0.233194 -0.223825 -0.240264 0.915312 0.394019 -0.224072 0.181134 0.029361 -0.0818021 0.340864
13.2371 2.9365 -3.49331 -0.209079 -0.194623 -0.238961 0.928065 0.307493 -0.0508977 0.037388 0.0283522 0.00334687 1.70432
13.4149 2.87278 -3.37906 -0.30353 -0.278955 -0.174819 0.894143 0.0177535 -0.213043 -0.187999 -0.0721486 0.0747823 1.36346
13.4536 2.86364 -3.34893 -0.299141 -0.268964 -0.204952 0.892282 0.275899 0.75925 0.0794983 -0.00882035 -0.171067 0.340864
13.6194 2.80143 -3.20459 -0.259913 -0.290468 -0.274133 0.879161 0.396714 0.17767 0.133324 -0.151504 -0.139675 0.681728
13.847 2.67557 -2.95328 -0.246734 -0.341608 -0.313406 0.851001 0.313041 -0.0820328 0.00324772 -0.131407 -0.04931 1.02259
14.0616 2.39102 -2.53594 -0.0914805 -0.419532 -0.502878 0.750159 0.153531 -0.0670211 0.125586 -0.166974 -0.102638 2.38605
14.0766 2.32652 -2.46007 -0.195654 -0.395848 -0.513713 0.73561 0.142787 -0.0157994 -0.185723 0.185829 -0.180692 0.681728
14.2656 2.0287 -2.07159 -0.21024 -0.31202 -0.390961 0.839995 0.3743 0.113487 0.00410753 0.132593 0.120024 2.04519
14.5672 1.77332 -1.52313 -0.33278 -0.465617 -0.319801 0.755106 0.198347 -0.0739301 -0.172078 -0.0785145 0.0174952 2.38605
14.7133 1.70479 -1.16829 -0.250773 -0.486648 -0.265398 0.793631 0.374935 0.129844 0.0628982 -0.00893602 0.145257 1.36346
14.8363 1.61406 -0.787446 -0.0350815 -0.60074 -0.222247 0.767129 0.108897 -0.156493 0.134636 -0.178163 0.191146 1.70432
14.8398 1.60838 -0.768262 -0.0560536 -0.611823 -0.206068 0.761621 0.0106387 -0.288995 -0.167461 -0.0387206 -0.00601385 0.340864
14.872 1.55317 -0.556845 0.074772 -0.649235 -0.104518 0.749652 0.20591 0.0957211 0.0286962 -0.0562361 0.154684 2.04519
14.9142 1.489 -0.380836 0.0869176 -0.541379 -0.214551 0.808283 0.0774087 -0.094486 0.129164 0.185961 -0.0892435 1.36346
14.9574 1.42102 -0.192795 0.125171 -0.66469 -0.0566617 0.734376 0.164205 0.0510568 -0.0884494 -0.191638 0.144374 1.70432
14.9006 1.10942 0.516354 0.286985 -0.77077 -0.0615198 0.565481 0.410953 0.090716 0.102 -0.147751 0.0603271 2.72691
14.8553 0.984393 0.734505 0.294394 -0.760647 -0.0141392 0.578402 0.340585 -0.103482 -0.104207 0.00479805 0.106527 0.681728
14.8462 0.956342 0.790003 0.263942 -0.749307 -0.0153037 0.607157 0.0292044 -0.915825 -0.147295 0.171843 -0.118222 0.340864
14.8486 0.933934 0.851884 0.266847 -0.614926 0.0677909 0.73896 0.014128 -0.00492694 -0.0613694 0.10425 0.0593172 3.06778
14.8508 0.929988 0.863796 0.415735 -0.665627 0.103246 0.611102 0.00464764 -0.00697083 0.186281 -0.170999 0.167201 1.36346
