0 0 0 0 0 0 1 6.9228e-310 0 0 0 0 0
0.239297 0.0125348 0.0260859 -0.0399834 -0.0823783 0.036577 0.995127 0.283835 0.166962 -0.0471159 -0.0970734 0.0431019 1.70432
0.624839 0.0159962 0.105374 0.00597736 -0.132271 -0.05348 0.989752 0.0474665 -0.0993144 0.0461195 -0.043801 -0.0704358 2.38605
0.680504 0.00991229 0.121961 0.0048579 -0.152642 -0.0507789 0.986964 0.124314 0.113012 -0.00746533 -0.0602605 0.00663127 0.681728
0.952231 -0.0527879 0.24232 0.0261581 -0.255871 -0.152954 0.954175 0.131884 0.00318061 0.0266014 -0.0906557 -0.0841481 2.38605
1.02279 -0.0790668 0.284089 0.0345952 -0.261886 -0.15065 0.95264 0.374623 0.713937 0.0387125 -0.044017 0.0233271 0.340864
1.18604 -0.13509 0.386763 0.0403298 -0.288323 -0.118108 0.949365 0.216171 -0.233018 -0.0203848 -0.082475 0.0914817 0.681728
1.60391 -0.310183 0.681686 -0.0166676 -0.293088 -0.216997 0.930985 0.238632 0.00943731 -0.0214097 0.000755698 -0.0948998 2.38605
2.08703 -0.505176 1.0482 -0.0190755 -0.311685 -0.127813 0.941357 0.386649 0.0725574 -0.0316553 -0.0120411 0.0833362 2.04519
2.36222 -0.585366 1.26187 0.0216314 -0.324047 -0.109489 0.939435 0.314366 -0.0708658 0.0607898 -0.0335211 0.0587016 1.02259
2.65957 -0.685183 1.5186 0.0608864 -0.364687 -0.122314 0.921052 0.480689 0.163062 0.072557 -0.0944806 -0.0043535 1.02259
2.97815 -0.788546 1.82558 0.00664156 -0.382763 -0.0803762 0.920319 0.0540962 -0.250937 -0.0793875 -0.0151129 0.020787 1.70432
3.00181 -0.793672 1.85044 0.0098208 -0.3977 -0.0744019 0.914441 0.150005 0.282083 -0.00307251 -0.0958361 0.0361399 0.340864
3.14049 -0.816354 2.01438 -0.043619 -0.449432 -0.0457595 0.891075 0.0315945 -0.0497521 -0.0537409 -0.0445082 0.00226499 2.38605
3.17243 -0.818031 2.06208 -0.0788549 -0.482254 -0.0543399 0.870781 0.081058 0.0484936 -0.0587111 -0.0728377 -0.0450776 1.02259
3.30859 -0.828616 2.29867 -0.0936522 -0.50338 -0.0848972 0.854769 0.454657 0.366274 -0.00109731 -0.0543771 -0.0646259 1.02259
3.53437 -0.861369 2.70085 -0.119239 -0.486679 -0.120891 0.85692 0.45207 -0.00253702 -0.00418395 0.0277745 -0.088323 1.02259
3.59628 -0.873083 2.81198 -0.128433 -0.497995 -0.129836 0.847731 0.299397 -0.449038 -0.0352314 -0.083089 -0.070007 0.340864
3.77458 -0.914213 3.1464 -0.147992 -0.492261 -0.15852 0.843 0.448089 0.145777 -0.00423458 0.00266762 -0.069442 1.02259
3.82956 -0.929076 3.25446 -0.160027 -0.504822 -0.170343 0.830981 0.270509 -0.522295 -0.0476238 -0.0961717 -0.0937564 0.340864
3.86575 -0.938776 3.32802 -0.150099 -0.502588 -0.157745 0.836655 0.215097 -0.162975 0.0187003 0.0296841 0.0946478 0.340864
4.09342 -0.991293 3.73525 -0.215682 -0.456876 -0.183566 0.843237 0.475514 0.191483 -0.0496092 0.0707053 -0.0889109 1.36346
4.31203 -1.04153 4.08782 -0.266698 -0.431152 -0.216928 0.83422 0.13903 -0.247414 -0.0367913 0.0290524 -0.0863035 1.36346
4.4557 -1.07157 4.28481 -0.392924 -0.338602 -0.231523 0.823017 0.0216805 -0.0383495 -0.0537641 0.0629183 -0.0615041 3.06778
4.52525 -1.08694 4.35118 -0.392893 -0.270994 -0.234452 0.846894 0.121586 0.0734603 0.0383443 0.0920932 -0.0344962 1.36346
5.01405 -1.17054 4.74838 -0.324206 -0.287957 -0.156919 0.887326 0.345794 0.0824293 0.0361558 0.00806829 0.0739942 2.72691
5.19782 -1.18454 4.891 -0.348505 -0.294281 -0.13257 0.879982 0.339729 -0.0089192 -0.0939784 0.0117102 0.0456163 0.681728
5.24702 -1.18594 4.92829 -0.340062 -0.288669 -0.117486 0.887257 0.023479 -0.930147 0.0368869 0.0659841 0.08687 0.340864
5.93811 -1.28168 5.2779 -0.433617 -0.125599 -0.169621 0.876031 0.436889 0.121591 -0.0311497 0.0797476 -0.0769824 3.40864
6.39225 -1.37085 5.45095 -0.399235 -0.118594 -0.148029 0.897014 0.289785 -0.108164 0.0554538 0.0180989 0.0349463 1.36346
6.60913 -1.40926 5.53398 -0.364144 -0.150162 -0.145438 0.907578 0.171805 -0.115668 0.0602478 -0.0612489 0.040511 1.02259
6.7082 -1.42895 5.57873 -0.375389 -0.165299 -0.18248 0.893566 0.153219 -0.0273324 -0.035151 -0.081482 -0.0936563 0.681728
7.51274 -1.66879 5.85122 -0.282914 -0.0552137 -0.184624 0.939588 0.367329 0.0629737 0.071065 0.0521372 -0.0115476 3.40864
8.48802 -2.0121 5.96283 -0.212553 0.0330709 -0.167975 0.962035 0.398649 0.0115147 0.0647356 0.0559428 -0.000961046 2.72691
8.72019 -2.09302 5.96025 -0.218813 0.0508914 -0.154893 0.962049 0.32457 -0.10894 -0.0076295 0.0616982 0.0264914 0.681728
9.11239 -2.20176 5.94871 -0.184455 0.0304435 -0.0957716 0.97769 0.154746 -0.0998969 0.0427656 -0.0151349 0.0730371 1.70432
9.14445 -2.20859 5.94797 -0.18683 0.0311769 -0.108281 0.975909 0.0381594 -0.342901 -0.0174225 -0.00769754 -0.0733186 0.340864
9.61805 -2.27442 5.88312 -0.135524 0.104513 -0.0274815 0.984863 0.317245 0.102605 0.045849 0.0595793 0.0475583 2.72691
10.1667 -2.25992 5.73286 -0.033112 0.16598 0.0887788 0.981566 0.162519 -0.0650113 0.0964601 0.0623254 0.0805212 2.38605
10.248 -2.24511 5.70526 -0.0391502 0.151383 0.095195 0.983101 0.350073 0.551629 -0.0206786 -0.0876896 0.0449859 0.340864
11.3571 -1.97523 5.1827 -0.00184364 0.266726 0.131868 0.954707 0.472471 0.0399996 0.0197523 0.0804085 0.0187408 3.06778
11.4875 -1.93558 5.1011 -0.0171434 0.268744 0.134963 0.953555 0.46235 -0.0297694 -0.0826476 0.00130524 0.0422583 0.340864
11.9762 -1.79458 4.78076 0.00978817 0.290148 0.113199 0.950213 0.421661 -0.0299181 0.0248391 0.0361418 -0.04105 1.36346
12.0685 -1.77005 4.71958 0.0185283 0.278433 0.104945 0.954525 0.245567 -0.517924 0.042319 -0.0665489 -0.0646043 0.340864
12.1149 -1.75736 4.68941 0.0281061 0.285845 0.118528 0.950502 0.0883135 -0.46251 0.0718918 0.0526436 0.0638739 0.340864
12.2336 -1.71148 4.59764 0.0779493 0.353614 0.155955 0.918999 0.0965204 0.00482757 0.0600095 0.0922346 0.0317755 1.70432
12.3496 -1.6584 4.48202 0.120358 0.41405 0.0964007 0.897097 0.072394 -0.0118267 0.0100122 0.0731952 -0.0604883 2.04519
12.6329 -1.53273 4.11284 0.134627 0.465728 0.0736807 0.871518 0.494894 0.248529 0.00175398 0.0718848 -0.0207248 1.70432
13.1981 -1.39648 3.26251 0.113259 0.481612 -0.064484 0.866639 0.373282 -0.0510973 -0.0703869 0.0279429 -0.0910265 2.38605
13.2875 -1.39457 3.12052 0.137718 0.476239 -0.0577078 0.866545 0.12028 -0.372062 0.070965 -0.0204593 -0.019185 0.681728
13.3777 -1.39128 2.97022 0.146795 0.49563 -0.0792508 0.852362 0.395371 0.404545 0.00199568 0.0764854 -0.0621849 0.681728
13.9025 -1.2927 2.05835 0.100623 0.503744 0.0438044 0.856854 0.382511 -0.00472793 0.0159419 -0.0071642 0.0953635 2.72691
14.1071 -1.21127 1.73068 0.130337 0.47164 0.0644224 0.869723 0.391939 0.00924306 0.0705349 -0.0681935 -0.00214914 1.02259
14.324 -1.1126 1.40888 0.143655 0.477312 0.0735812 0.863784 0.0791598 -0.183988 0.0191908 0.00870489 0.0033016 1.70432
14.367 -1.09351 1.34859 0.122516 0.449727 0.0724651 0.881751 0.145746 0.097921 -0.0569081 -0.0994324 0.0113007 0.681728
14.446 -1.05835 1.23897 0.133415 0.469406 0.0809919 0.869079 0.128125 -0.0172757 0.0266146 0.0447035 0.0116601 1.02259
14.8283 -0.724126 0.657901 0.184709 0.476137 0.2246 0.829898 0.327533 0.0586496 0.0689157 0.00545587 0.0619038 3.40864
