0 0 0 0 0 0 1 6.92426e-310 0 0 0 0 0
0.044079 0.00136134 -0.000993453 0.0165426 0.0171786 0.0229368 0.999452 0.0865004 0.0848043 0.0324424 0.0336897 0.0449823 1.02259
0.114584 0.00378743 -0.00420539 0.00195812 0.0280434 0.0116785 0.999537 0.121214 0.0510497 -0.0441813 0.0314996 -0.0318371 0.681728
0.740671 0.0199076 -0.0441318 -0.0332807 0.0341442 0.0147413 0.998754 0.340234 0.0805221 -0.0258926 0.00419383 0.00299382 2.72691
1.40103 0.0605308 -0.101588 -0.000624292 0.0509133 0.0464498 0.997622 0.441231 0.0594099 0.0393254 0.0215656 0.0353227 1.70432
2.77071 0.257758 -0.182997 0.0161499 0.00797203 0.0971877 0.995103 0.374797 -0.0195396 0.0125455 -0.0246664 0.0293801 3.40864
3.4569 0.392231 -0.157787 0.0172339 -0.0497048 0.096249 0.993966 0.139952 -0.0863397 0.00492555 -0.0421299 -0.00129756 2.72691
3.71332 0.443088 -0.148849 -0.0386957 0.031659 0.100171 0.993713 0.031192 -0.0355426 -0.0416455 0.0493677 0.00166589 3.06778
3.79412 0.461098 -0.157046 0.00164476 0.0638057 0.119571 0.990772 0.0299904 -0.000441767 0.0274897 0.0270941 0.0125442 2.72691
3.88475 0.48125 -0.170256 0.0110216 0.0776356 0.0991956 0.991974 0.0803446 0.0296201 0.00745339 0.0173907 -0.0245983 1.70432
3.91975 0.488065 -0.175325 0.0228715 0.0649777 0.087017 0.993822 0.0255764 -0.0805415 0.0354278 -0.033503 -0.0391904 0.681728
3.96458 0.494394 -0.178861 -0.0213419 0.00306987 0.0443078 0.998785 0.00784695 -0.00651817 -0.0305108 -0.0476477 -0.0304949 2.72691
