0 0 0 0 0 0 1 6.9149e-310 0 0 0 0 0
0.207779 0.0343178 -0.0341166 -0.00569791 0.119848 0.1216 0.985301 0.157381 0.0578607 -0.00421029 0.0885577 0.0898524 2.72691
0.414641 0.0995514 -0.0957559 0.00448463 0.155782 0.169133 0.973194 0.285028 0.125144 0.0221533 0.0752753 0.091983 1.02259
0.48229 0.124358 -0.118327 0.0171688 0.154654 0.164629 0.974004 0.159129 -0.370293 0.0695872 0.0055407 -0.038248 0.340864
0.719411 0.226062 -0.22509 -0.0185528 0.240862 0.213877 0.946519 0.169984 0.00638579 -0.0482095 0.0960619 0.0701362 1.70432
0.752862 0.243009 -0.24473 -0.0137905 0.242264 0.218278 0.945237 0.0790223 -0.267535 0.030847 0.0160931 0.019214 0.340864
0.797848 0.266149 -0.272148 -0.0171105 0.2534 0.216466 0.942676 0.259462 0.530706 -0.0355484 0.0611612 -0.00295558 0.340864
1.12974 0.476651 -0.477225 0.0271162 0.245289 0.282971 0.926836 0.393121 0.0982785 0.088376 0.0104221 0.0810512 1.36346
1.4167 0.712473 -0.646927 0.0473101 0.227298 0.329303 0.915236 0.207697 -0.136342 0.0522119 -0.0137873 0.0600049 1.36346
1.48592 0.777727 -0.688904 0.0344908 0.243209 0.337347 0.908767 0.403976 0.577292 -0.0872875 0.0672431 0.0774131 0.340864
1.58756 0.878979 -0.754491 0.0428139 0.244634 0.355273 0.901167 0.0600224 -0.505814 0.0344292 0.0156853 0.0496498 0.681728
1.7451 1.05972 -0.881972 0.0230483 0.295461 0.370753 0.880178 0.472677 0.404564 -0.0611831 0.0848634 0.0557551 1.02259
1.84801 1.17927 -0.976598 -0.00139681 0.299577 0.351061 0.887135 0.0684262 -0.594487 -0.0853686 -0.0207162 -0.0370463 0.681728
1.88508 1.21916 -1.01195 0.00044404 0.311901 0.343874 0.885702 0.313452 0.720663 -0.0285224 0.0705822 -0.0378955 0.340864
2.26456 1.64154 -1.36049 0.0195518 0.288649 0.363224 0.885646 0.470543 0.0924068 0.0364252 -0.0164914 0.0131646 1.70432
2.35873 1.75434 -1.44582 0.0097052 0.297072 0.385902 0.873346 0.029256 -0.648952 -0.0146887 0.0205619 0.0810679 0.681728
2.37614 1.77657 -1.46204 0.0134712 0.284947 0.385645 0.877441 0.162291 0.391278 0.0461899 -0.0608858 -0.0178902 0.340864
2.63432 2.25336 -1.71812 0.0482282 0.256203 0.519755 0.813565 0.280336 0.043399 0.0595458 0.00337939 0.0974624 2.72691
2.69933 2.41328 -1.78522 0.0971296 0.272795 0.483707 0.82594 0.08286 -0.193604 0.0418484 0.0735486 -0.0931772 1.02259
2.95287 2.90153 -1.95632 0.257129 0.289038 0.41959 0.821149 0.293979 0.0689933 0.0704626 0.0645996 -0.0608987 3.06778
3.01701 3.01311 -1.98774 0.278648 0.271827 0.426406 0.816482 0.095729 -0.291545 0.0825448 -0.0162004 -0.00909064 0.681728
3.10758 3.15701 -2.023 0.291034 0.261786 0.400087 0.828672 0.415048 0.469588 0.0113086 0.00324483 -0.0966392 0.681728
3.4115 3.56751 -2.11718 0.292455 0.204063 0.358888 0.86257 0.0217019 -0.165272 0.00304582 -0.0371378 -0.0545721 2.38605
3.50801 3.67378 -2.14134 0.278864 0.21474 0.348455 0.868735 0.406476 0.565843 -0.0573194 0.0180162 -0.015638 0.681728
4.29191 4.37532 -2.30804 0.419318 0.202337 0.241732 0.85135 0.378035 -0.0104562 0.0800319 0.0529713 -0.0889061 2.72691
4.5242 4.54539 -2.354 0.387958 0.21597 0.24254 0.862566 0.0507212 -0.240672 -0.0507966 0.00208548 0.0147661 1.36346
4.57524 4.58234 -2.36467 0.38907 0.198581 0.241693 0.866472 0.325232 0.807383 0.0204661 -0.089676 -0.0509703 0.340864
5.19597 4.94507 -2.4175 0.489133 0.0803463 0.180025 0.849638 0.100235 -0.0661754 0.0647633 -0.0300977 -0.0681059 3.40864
5.26597 4.9748 -2.41403 0.478772 0.0763702 0.188213 0.85412 0.347635 0.727648 -0.0566011 -0.056525 0.0296357 0.340864
6.02368 5.37985 -2.25071 0.552885 0.00923331 0.336144 0.762391 0.16957 -0.0523723 0.0776704 -0.0634941 0.062664 3.40864
6.19233 5.49503 -2.17533 0.540847 0.0157012 0.334819 0.77145 0.470722 0.442871 -0.0481552 0.00451156 -0.00108328 0.681728
6.28617 5.55831 -2.13629 0.530168 0.0180594 0.320262 0.784874 0.233634 -0.697317 -0.0971683 0.0347431 -0.0840161 0.340864
7.06256 5.85948 -1.82516 0.643033 -0.0837106 0.185977 0.738183 0.35089 0.0383188 0.0944788 0.018636 -0.0964075 3.06778
7.14332 5.87481 -1.79443 0.643816 -0.0667371 0.182658 0.740056 0.165351 -0.545703 -0.0206207 0.0880399 0.0481319 0.340864
7.24211 5.89417 -1.75956 0.647768 -0.0629847 0.177089 0.738288 0.461334 0.870538 0.0220551 0.040977 -0.00657988 0.340864
7.47153 5.93714 -1.67725 0.631807 -0.0798597 0.178028 0.750166 0.266622 -0.286342 -0.04868 -0.0445497 -0.0392599 0.681728
8.04037 5.98395 -1.54183 0.724713 -0.0295916 0.00641026 0.688385 0.080196 -0.0548311 0.0672546 0.0934843 -0.0465593 3.40864
8.5787 5.91627 -1.52328 0.639418 -0.0700645 -0.0613135 0.763201 0.376384 0.124449 -0.0932996 0.0192938 -0.0665607 2.38605
8.78819 5.87373 -1.51947 0.660717 -0.07438 -0.079664 0.74268 0.252491 -0.182195 0.0894245 0.0167574 -0.0486289 0.681728
9.10116 5.81259 -1.5072 0.69991 -0.0851968 -0.0331046 0.708359 0.216942 -0.0261394 0.0698516 -0.0654532 0.040641 1.36346
9.57023 5.7212 -1.46883 0.707205 -0.104814 -0.0438796 0.697818 0.488157 0.199423 0.0188467 -0.0110219 -0.0310184 1.36346
10.5817 5.41727 -1.28115 0.689723 -0.241312 -0.0296604 0.682034 0.215105 -0.0892328 -0.00558497 -0.069633 -0.0584471 3.06778
10.6854 5.37508 -1.24609 0.686238 -0.238662 -0.0153731 0.686937 0.475205 0.765 -0.0536919 -0.0397683 0.0639836 0.340864
10.8547 5.30519 -1.1865 0.668355 -0.255279 -0.0316281 0.69795 0.0911188 -0.564832 -0.0477078 0.00777515 -0.0784484 0.681728
10.9286 5.27061 -1.16112 0.672205 -0.256699 -0.0518582 0.6925 0.411628 0.942673 0.0673511 0.0648092 -0.0838794 0.340864
11.4049 4.99802 -0.986513 0.621935 -0.321923 -0.102308 0.706467 0.153584 -0.126492 -0.0340072 -0.00497185 -0.0893184 2.04519
11.4757 4.94894 -0.957876 0.62582 -0.309777 -0.105695 0.707967 0.380381 0.667049 0.0243804 0.0633739 0.0386212 0.340864
12.0288 4.57034 -0.764402 0.55352 -0.271177 -0.163346 0.770322 0.132683 -0.0910651 -0.0503155 0.0665994 -0.0239268 2.72691
12.4715 4.14901 -0.714712 0.519783 -0.228818 -0.363717 0.738362 0.270631 0.045081 0.0348694 0.092434 -0.0956535 3.06778
12.5118 4.10007 -0.717074 0.521283 -0.229065 -0.357247 0.740384 0.102309 -0.495064 -0.00890637 -0.02134 0.0336892 0.340864
12.6442 3.94334 -0.716588 0.532243 -0.257979 -0.330197 0.735618 0.300154 0.193966 -0.0116244 -0.0794648 0.0113032 1.02259
12.9826 3.53647 -0.696754 0.549667 -0.281192 -0.325232 0.716255 0.478653 0.131249 0.0208548 -0.0448132 -0.015593 1.36346
13.1126 3.38254 -0.686386 0.529102 -0.263386 -0.313296 0.74332 0.114663 -0.53528 -0.0799392 0.060285 0.0628294 0.681728
13.1686 3.31797 -0.682028 0.520437 -0.26058 -0.329361 0.743481 0.388958 0.806752 -0.00833008 0.0784912 -0.0746448 0.340864
13.2286 3.24794 -0.677052 0.523362 -0.268895 -0.318517 0.743193 0.154185 -0.690509 -0.0190574 -0.0756736 0.0259011 0.340864
13.283 3.18547 -0.670473 0.527363 -0.278522 -0.307076 0.741632 0.334655 0.530793 -0.0138359 -0.0872788 0.0237815 0.340864
13.7663 2.59767 -0.656431 0.586643 -0.265822 -0.349869 0.68028 0.41224 0.0380323 0.0904709 -0.00324514 -0.0268728 2.04519
13.8214 2.5289 -0.660939 0.587735 -0.252216 -0.341894 0.688523 0.106593 -0.898962 -0.00854939 0.0375715 0.0975438 0.340864
14.4063 1.8304 -0.829558 0.697974 -0.221927 -0.370925 0.57096 0.439337 0.0978659 0.0961366 -0.0173888 -0.00861451 3.40864
14.4745 1.74871 -0.860202 0.695992 -0.220259 -0.388051 0.562581 0.211996 -0.668651 0.0537434 0.069308 -0.0715492 0.340864
14.7319 1.38285 -0.980821 0.66821 -0.275782 -0.40626 0.558921 0.46986 0.189606 -0.045056 -0.012639 -0.0830385 1.36346
14.9156 1.08444 -1.07115 0.66321 -0.266552 -0.428973 0.552344 0.0623425 -0.299645 0.01708 0.0302282 -0.0155571 1.36346
14.9211 1.07494 -1.07421 0.6571 -0.279676 -0.430809 0.551729 0.00472047 -0.169477 -0.0476882 -0.0210204 -0.0683029 0.340864
14.9959 0.887055 -1.09861 0.58434 -0.405099 -0.427331 0.558418 0.195459 0.0934995 -0.0979384 -0.0376511 -0.0963822 2.04519
