0 0 0 0 0 0 1 4.67619e-310 0 0 0 0 0
0.0058509 -1.01203e-05 0.000201469 -0.0288563 -0.0257769 -0.00185502 0.999249 0.0344401 0.101294 -0.169785 -0.151667 -0.0109146 0.340864
0.0233568 -4.59783e-05 0.00161135 -0.0576693 -0.0515152 -0.00370726 0.996999 0.0688802 0.101294 -0.169785 -0.151667 -0.0109146 0.340864
0.0523774 -3.71071e-05 0.00543046 -0.0863957 -0.0771761 -0.00555394 0.993252 0.10332 0.101294 -0.169785 -0.151667 -0.0109146 0.340864
0.0926808 0.000191345 0.0128382 -0.114992 -0.102721 -0.00739228 0.988013 0.13776 0.101294 -0.169785 -0.151667 -0.0109146 0.340864
0.143946 0.000917036 0.0249781 -0.143417 -0.128112 -0.00921952 0.981292 0.1722 0.101294 -0.169785 -0.151667 -0.0109146 0.340864
0.205764 0.00251783 0.0429444 -0.171625 -0.15331 -0.0110329 0.973098 0.206641 0.101294 -0.169785 -0.151667 -0.0109146 0.340864
0.277645 0.00546815 0.067768 -0.199577 -0.178279 -0.0128298 0.963442 0.241081 0.101294 -0.169785 -0.151667 -0.0109146 0.340864
0.351796 0.00807478 0.0969162 -0.177805 -0.193535 -0.026114 0.964494 0.227884 -0.0388132 0.137423 -0.102611 -0.0344692 0.340864
0.420787 0.00837694 0.126913 -0.155875 -0.20862 -0.0393751 0.964692 0.214688 -0.0388132 0.137423 -0.102611 -0.0344692 0.340864
0.484632 0.00653727 0.157329 -0.133808 -0.22352 -0.0526015 0.964037 0.201491 -0.0388132 0.137423 -0.102611 -0.0344692 0.340864
0.543368 0.00274348 0.187756 -0.111623 -0.238222 -0.0657813 0.96253 0.188295 -0.0388132 0.137423 -0.102611 -0.0344692 0.340864
0.597056 -0.00279327 0.217801 -0.0893387 -0.252714 -0.0789029 0.960171 0.175098 -0.0388132 0.137423 -0.102611 -0.0344692 0.340864
0.645775 -0.00984016 0.247099 -0.0669755 -0.266983 -0.0919548 0.956963 0.161902 -0.0388132 0.137423 -0.102611 -0.0344692 0.340864
0.68963 -0.0181445 0.275303 -0.0445532 -0.281015 -0.104925 0.952909 0.148705 -0.0388132 0.137423 -0.102611 -0.0344692 0.340864
0.728741 -0.0274359 0.302099 -0.0220914 -0.294799 -0.117803 0.948013 0.135509 -0.0388132 0.137423 -0.102611 -0.0344692 0.340864
0.773589 -0.0381528 0.334535 -0.0534045 -0.303203 -0.108079 0.94527 0.19614 0.178327 -0.1977 -0.0286676 -0.000883739 0.340864
0.834395 -0.0498033 0.380297 -0.084656 -0.311258 -0.0982307 0.941436 0.256771 0.178327 -0.1977 -0.0286676 -0.000883739 0.340864
0.910906 -0.0606596 0.439914 -0.11581 -0.318954 -0.0882689 0.936517 0.317402 0.178327 -0.1977 -0.0286676 -0.000883739 0.340864
0.990754 -0.0684043 0.500555 -0.0912858 -0.30441 -0.0618035 0.946141 0.274212 -0.127028 0.0995814 0.103503 0.186946 0.340864
1.06105 -0.0723302 0.549731 -0.0666151 -0.289376 -0.0352389 0.954244 0.231023 -0.127028 0.0995814 0.103503 0.186946 0.340864
1.12086 -0.0731821 0.588358 -0.0418374 -0.273878 -0.00861768 0.960815 0.187833 -0.127028 0.0995814 0.103503 0.186946 0.340864
1.18041 -0.0751863 0.624394 -0.0381301 -0.261934 -0.0425587 0.963393 0.221887 0.100158 0.0768902 0.063129 -0.188707 0.340864
1.2402 -0.0811599 0.662258 -0.0514175 -0.289325 -0.0715193 0.95317 0.195973 -0.0762168 -0.0398405 -0.1742 -0.181065 0.340864
1.29011 -0.0890683 0.698541 -0.0646088 -0.316175 -0.100346 0.941164 0.17006 -0.0762168 -0.0398405 -0.1742 -0.181065 0.340864
1.33395 -0.0990024 0.732231 -0.0652419 -0.304822 -0.130632 0.941149 0.160427 -0.0283311 0.0595279 0.0516974 -0.1732 0.340864
1.37514 -0.111418 0.763012 -0.0658067 -0.293151 -0.160781 0.94015 0.150794 -0.0283311 0.0595279 0.0516974 -0.1732 0.340864
1.41351 -0.125909 0.790945 -0.0663027 -0.281172 -0.190761 0.938167 0.141162 -0.0283311 0.0595279 0.0516974 -0.1732 0.340864
1.45144 -0.142618 0.817552 -0.0448855 -0.270792 -0.202965 0.939927 0.148607 0.0218981 0.15073 0.0314041 -0.0340026 0.340864
1.49141 -0.162046 0.844152 -0.0234361 -0.260218 -0.215023 0.941011 0.156053 0.0218981 0.15073 0.0314041 -0.0340026 0.340864
1.53337 -0.184299 0.870511 -0.00196981 -0.249457 -0.226927 0.94142 0.163498 0.0218981 0.15073 0.0314041 -0.0340026 0.340864
1.58601 -0.21189 0.902518 -0.0185973 -0.248252 -0.212853 0.944838 0.233608 0.206207 -0.111092 0.0340502 0.0580918 0.340864
1.65844 -0.246181 0.946343 -0.0352158 -0.246926 -0.198675 0.947795 0.303719 0.206207 -0.111092 0.0340502 0.0580918 0.340864
1.75123 -0.285524 1.0021 -0.051817 -0.245479 -0.184401 0.95029 0.373829 0.206207 -0.111092 0.0340502 0.0580918 0.340864
1.85627 -0.324025 1.0607 -0.0595392 -0.219923 -0.161691 0.96018 0.369222 -0.0135491 -0.0452338 0.172474 0.118759 0.340864
1.96466 -0.356917 1.1129 -0.0671824 -0.194075 -0.138767 0.968796 0.364616 -0.0135491 -0.0452338 0.172474 0.118759 0.340864
2.07576 -0.384243 1.1585 -0.0747365 -0.16797 -0.115659 0.976127 0.360009 -0.0135491 -0.0452338 0.172474 0.118759 0.340864
2.1821 -0.403139 1.20124 -0.0905292 -0.193011 -0.0810383 0.973645 0.3235 -0.107381 -0.143065 -0.120311 0.192571 0.340864
2.28374 -0.418805 1.24313 -0.119376 -0.174745 -0.103466 0.971858 0.329768 0.0184353 -0.13203 0.104423 -0.171826 0.340864
2.38774 -0.438984 1.28296 -0.148022 -0.156187 -0.12572 0.968447 0.336036 0.0184353 -0.13203 0.104423 -0.171826 0.340864
2.49376 -0.463978 1.3208 -0.176422 -0.137368 -0.147764 0.963416 0.342304 0.0184353 -0.13203 0.104423 -0.171826 0.340864
2.60143 -0.494063 1.35675 -0.204526 -0.118319 -0.169561 0.956775 0.348572 0.0184353 -0.13203 0.104423 -0.171826 0.340864
2.71039 -0.529493 1.39095 -0.232288 -0.099072 -0.191075 0.948534 0.35484 0.0184353 -0.13203 0.104423 -0.171826 0.340864
2.82023 -0.570491 1.42358 -0.259662 -0.0796597 -0.212269 0.938707 0.361108 0.0184353 -0.13203 0.104423 -0.171826 0.340864
2.93056 -0.617251 1.45481 -0.286602 -0.0601142 -0.233109 0.927311 0.367376 0.0184353 -0.13203 0.104423 -0.171826 0.340864
3.04095 -0.669933 1.48489 -0.313063 -0.0404681 -0.253558 0.914364 0.373644 0.0184353 -0.13203 0.104423 -0.171826 0.340864
3.15099 -0.728661 1.51404 -0.339 -0.0207545 -0.273584 0.899889 0.379912 0.0184353 -0.13203 0.104423 -0.171826 0.340864
3.26026 -0.793524 1.54255 -0.364371 -0.00100608 -0.293152 0.883909 0.38618 0.0184353 -0.13203 0.104423 -0.171826 0.340864
3.36238 -0.860315 1.56667 -0.364463 0.0287158 -0.304607 0.879521 0.345624 -0.119281 0.0414451 0.130139 -0.130857 0.340864
3.4513 -0.923965 1.58327 -0.364178 0.0584079 -0.315748 0.874223 0.305069 -0.119281 0.0414451 0.130139 -0.130857 0.340864
3.52712 -0.98327 1.5936 -0.363516 0.0880397 -0.326562 0.868022 0.264513 -0.119281 0.0414451 0.130139 -0.130857 0.340864
3.59013 -1.03707 1.5989 -0.362479 0.11758 -0.337038 0.860923 0.223958 -0.119281 0.0414451 0.130139 -0.130857 0.340864
3.64077 -1.08427 1.60039 -0.361067 0.147 -0.347166 0.852935 0.183403 -0.119281 0.0414451 0.130139 -0.130857 0.340864
3.67961 -1.12384 1.59929 -0.359281 0.176267 -0.356935 0.844064 0.142847 -0.119281 0.0414451 0.130139 -0.130857 0.340864
3.70738 -1.1548 1.59679 -0.357125 0.205352 -0.366335 0.834321 0.102292 -0.119281 0.0414451 0.130139 -0.130857 0.340864
3.72494 -1.17628 1.59403 -0.354599 0.234224 -0.375356 0.823715 0.0617363 -0.119281 0.0414451 0.130139 -0.130857 0.340864
3.73328 -1.18748 1.59213 -0.351706 0.262855 -0.38399 0.812257 0.0211809 -0.119281 0.0414451 0.130139 -0.130857 0.340864
3.7437 -1.20206 1.58827 -0.338193 0.297322 -0.35694 0.818425 0.0866746 0.192629 0.19707 0.180649 0.0509885 0.340864
3.7667 -1.23332 1.57639 -0.323956 0.331152 -0.329127 0.82284 0.152168 0.192629 0.19707 0.180649 0.0509885 0.340864
3.80185 -1.27974 1.55273 -0.309026 0.364274 -0.30061 0.825495 0.217662 0.192629 0.19707 0.180649 0.0509885 0.340864
3.84834 -1.33942 1.51374 -0.293435 0.396616 -0.271449 0.826382 0.283156 0.192629 0.19707 0.180649 0.0509885 0.340864
3.89801 -1.40752 1.46392 -0.291211 0.424824 -0.28536 0.808264 0.292892 0.0286367 -0.00787883 0.151862 -0.150465 0.340864
3.94296 -1.48052 1.41012 -0.288602 0.45247 -0.298894 0.789077 0.302629 0.0286367 -0.00787883 0.151862 -0.150465 0.340864
3.98255 -1.55827 1.35255 -0.285611 0.479518 -0.312032 0.768846 0.312365 0.0286367 -0.00787883 0.151862 -0.150465 0.340864
4.01612 -1.64054 1.29145 -0.282243 0.505932 -0.324758 0.747599 0.322101 0.0286367 -0.00787883 0.151862 -0.150465 0.340864
4.04304 -1.72708 1.22712 -0.278501 0.531676 -0.337055 0.725363 0.331838 0.0286367 -0.00787883 0.151862 -0.150465 0.340864
4.06273 -1.8176 1.15989 -0.274391 0.556718 -0.348906 0.702168 0.341574 0.0286367 -0.00787883 0.151862 -0.150465 0.340864
4.0746 -1.91173 1.09013 -0.269918 0.581023 -0.360295 0.678044 0.351311 0.0286367 -0.00787883 0.151862 -0.150465 0.340864
4.07892 -1.98668 1.03768 -0.278451 0.579233 -0.389992 0.659439 0.187494 -0.481815 -0.168899 0.0273852 -0.125899 0.340864
4.08154 -2.06006 0.991415 -0.269168 0.557959 -0.414014 0.666951 0.323066 0.398741 -0.0823599 -0.168792 -0.0727453 0.340864
4.08723 -2.15234 0.934975 -0.268492 0.544322 -0.410443 0.68056 0.314123 -0.0263009 0.00271396 -0.0941662 0.0665289 0.340864
4.09653 -2.24181 0.880274 -0.267712 0.530477 -0.406714 0.693908 0.305181 -0.0263009 0.00271396 -0.0941662 0.0665289 0.340864
4.10922 -2.3284 0.827421 -0.266829 0.516427 -0.402829 0.706989 0.296239 -0.0263009 0.00271396 -0.0941662 0.0665289 0.340864
4.12507 -2.41204 0.776513 -0.265844 0.502179 -0.398789 0.719799 0.287296 -0.0263009 0.00271396 -0.0941662 0.0665289 0.340864
4.14383 -2.4927 0.727637 -0.264757 0.487738 -0.394596 0.732332 0.278354 -0.0263009 0.00271396 -0.0941662 0.0665289 0.340864
4.16527 -2.57031 0.680869 -0.263567 0.47311 -0.390251 0.744583 0.269412 -0.0263009 0.00271396 -0.0941662 0.0665289 0.340864
4.18674 -2.64827 0.634148 -0.2732 0.4905 -0.391461 0.729061 0.279995 0.0311278 -0.0297022 0.139615 -0.041091 0.340864
4.2056 -2.73002 0.585472 -0.282658 0.507578 -0.392421 0.713074 0.290579 0.0311278 -0.0297022 0.139615 -0.041091 0.340864
4.22158 -2.81556 0.535007 -0.291935 0.524332 -0.393131 0.696633 0.301162 0.0311278 -0.0297022 0.139615 -0.041091 0.340864
4.2344 -2.90488 0.482938 -0.301027 0.540751 -0.393591 0.679748 0.311746 0.0311278 -0.0297022 0.139615 -0.041091 0.340864
4.24133 -2.97474 0.440222 -0.281019 0.567708 -0.385299 0.67103 0.171718 -0.411847 0.153382 0.103899 -0.0984246 0.340864
4.24272 -3.00328 0.420767 -0.260654 0.593942 -0.376517 0.661458 0.0316895 -0.411847 0.153382 0.103899 -0.0984246 0.340864
4.24256 -3.02276 0.405473 -0.251761 0.621512 -0.350612 0.653767 0.114007 0.242112 0.174423 0.154205 0.0104163 0.340864
4.24069 -3.06235 0.370668 -0.242472 0.648106 -0.324157 0.645049 0.196325 0.242112 0.174423 0.154205 0.0104163 0.340864
4.23519 -3.11975 0.314167 -0.232803 0.673683 -0.297194 0.635319 0.278643 0.242112 0.174423 0.154205 0.0104163 0.340864
4.22399 -3.19248 0.234148 -0.222768 0.698202 -0.269764 0.624592 0.360962 0.242112 0.174423 0.154205 0.0104163 0.340864
4.21066 -3.27039 0.137749 -0.189345 0.690807 -0.262992 0.646351 0.372458 0.0338134 0.167433 -0.160744 -0.0681887 0.340864
4.20071 -3.34466 0.0332777 -0.155603 0.682243 -0.255775 0.667017 0.383955 0.0338134 0.167433 -0.160744 -0.0681887 0.340864
4.19476 -3.41473 -0.0789875 -0.121597 0.672526 -0.248126 0.686554 0.395451 0.0338134 0.167433 -0.160744 -0.0681887 0.340864
4.19347 -3.48008 -0.198683 -0.0873855 0.661671 -0.240058 0.704931 0.406948 0.0338134 0.167433 -0.160744 -0.0681887 0.340864
4.19692 -3.54438 -0.322946 -0.088737 0.648355 -0.244224 0.715623 0.41635 0.0276548 -0.03513 -0.0970715 0.00992719 0.340864
4.20485 -3.61164 -0.449064 -0.0900608 0.634837 -0.248315 0.726093 0.425753 0.0276548 -0.03513 -0.0970715 0.00992719 0.340864
4.21742 -3.68189 -0.576827 -0.0913567 0.621122 -0.252328 0.736337 0.435156 0.0276548 -0.03513 -0.0970715 0.00992719 0.340864
4.23481 -3.75519 -0.706015 -0.0926242 0.607214 -0.256263 0.746352 0.444558 0.0276548 -0.03513 -0.0970715 0.00992719 0.340864
4.25715 -3.83155 -0.8364 -0.0938628 0.593117 -0.260118 0.756135 0.453961 0.0276548 -0.03513 -0.0970715 0.00992719 0.340864
4.28458 -3.911 -0.967744 -0.0950724 0.578836 -0.263892 0.765683 0.463363 0.0276548 -0.03513 -0.0970715 0.00992719 0.340864
4.31725 -3.99356 -1.0998 -0.0962523 0.564375 -0.267585 0.774993 0.472766 0.0276548 -0.03513 -0.0970715 0.00992719 0.340864
4.34813 -4.06761 -1.21128 -0.120206 0.55718 -0.272509 0.775139 0.335198 -0.404613 -0.136804 0.00163073 0.0613833 0.340864
4.37858 -4.13376 -1.30317 -0.125109 0.528517 -0.276994 0.792649 0.354636 0.0571724 -0.070635 -0.18343 0.0439622 0.340864
4.41773 -4.20539 -1.39632 -0.129865 0.499234 -0.281155 0.809229 0.374075 0.0571724 -0.070635 -0.18343 0.0439622 0.340864
4.46609 -4.28248 -1.48981 -0.134469 0.469367 -0.284986 0.824861 0.393513 0.0571724 -0.070635 -0.18343 0.0439622 0.340864
4.52408 -4.36495 -1.58268 -0.138915 0.438949 -0.288483 0.839526 0.412952 0.0571724 -0.070635 -0.18343 0.0439622 0.340864
4.59205 -4.4527 -1.67392 -0.143199 0.408016 -0.291641 0.853207 0.432391 0.0571724 -0.070635 -0.18343 0.0439622 0.340864
4.67027 -4.54557 -1.76248 -0.147314 0.376605 -0.294458 0.865888 0.451829 0.0571724 -0.070635 -0.18343 0.0439622 0.340864
4.74318 -4.62672 -1.83972 -0.12384 0.379934 -0.285472 0.871102 0.334475 -0.345158 0.149772 -0.0274755 -8.73663e-05 0.340864
4.79484 -4.68085 -1.89623 -0.100283 0.383008 -0.276296 0.875734 0.217122 -0.345158 0.149772 -0.0274755 -8.73663e-05 0.340864
4.82482 -4.71031 -1.92992 -0.0766581 0.385825 -0.266934 0.879778 0.0997678 -0.345158 0.149772 -0.0274755 -8.73663e-05 0.340864
4.84759 -4.73284 -1.95441 -0.0799821 0.355533 -0.299533 0.881748 0.137475 0.110904 -0.137912 -0.170775 -0.144461 0.340864
4.87784 -4.76543 -1.98349 -0.0831466 0.324531 -0.331536 0.881958 0.175182 0.110904 -0.137912 -0.170775 -0.144461 0.340864
4.92935 -4.82371 -2.03434 -0.0707842 0.351977 -0.324343 0.875159 0.371505 0.577418 0.128088 0.134799 -0.0129695 0.340864
4.99012 -4.89425 -2.10436 -0.0507143 0.384774 -0.319627 0.864416 0.313975 -0.169203 0.171232 0.154797 -0.0514405 0.340864
5.04046 -4.95373 -2.16567 -0.0676465 0.372256 -0.321387 0.868079 0.26929 -0.131427 -0.112534 -0.0406369 0.0399981 0.340864
5.06737 -4.98703 -2.19992 -0.0366699 0.401468 -0.337639 0.850575 0.0532847 -0.63531 0.170918 0.122517 -0.195614 0.340864
5.09195 -5.02115 -2.23581 -0.0373945 0.394805 -0.351321 0.848118 0.271935 0.64309 -0.0497019 -0.0290519 -0.0701881 0.340864
5.14854 -5.10373 -2.31814 -0.0381101 0.388047 -0.364919 0.845459 0.490586 0.64309 -0.0497019 -0.0290519 -0.0701881 0.340864
5.21693 -5.20132 -2.41007 -0.0357525 0.359442 -0.363477 0.858724 0.394817 -0.281674 -0.043421 -0.177305 0.0366778 0.340864
5.27565 -5.27812 -2.47761 -0.033359 0.330477 -0.361672 0.871129 0.299047 -0.281674 -0.043421 -0.177305 0.0366778 0.340864
5.32168 -5.33386 -2.52305 -0.0309321 0.301182 -0.359505 0.88266 0.203278 -0.281674 -0.043421 -0.177305 0.0366778 0.340864
5.35217 -5.36838 -2.54892 -0.0284743 0.271584 -0.356977 0.893308 0.107509 -0.281674 -0.043421 -0.177305 0.0366778 0.340864
5.36455 -5.38162 -2.558 -0.0259879 0.241715 -0.354092 0.90306 0.0117393 -0.281674 -0.043421 -0.177305 0.0366778 0.340864
5.37111 -5.38829 -2.5629 -0.0103901 0.278352 -0.34052 0.89803 0.0503808 0.113651 0.17775 0.171412 0.0338456 0.340864
5.38534 -5.40242 -2.57551 0.00522641 0.31449 -0.326338 0.891388 0.0890222 0.113651 0.17775 0.171412 0.0338456 0.340864
5.4065 -5.42291 -2.59761 0.0208335 0.350063 -0.31157 0.883146 0.127664 0.113651 0.17775 0.171412 0.0338456 0.340864
5.43369 -5.44849 -2.63082 0.0364032 0.385008 -0.296242 0.873318 0.166305 0.113651 0.17775 0.171412 0.0338456 0.340864
5.46583 -5.47777 -2.67653 0.0519075 0.419261 -0.280383 0.861923 0.204947 0.113651 0.17775 0.171412 0.0338456 0.340864
5.50172 -5.50927 -2.73596 0.0673187 0.452762 -0.264021 0.84898 0.243588 0.113651 0.17775 0.171412 0.0338456 0.340864
5.54 -5.54139 -2.81004 0.082609 0.485451 -0.247184 0.834514 0.282229 0.113651 0.17775 0.171412 0.0338456 0.340864
5.57923 -5.57249 -2.89948 0.0977511 0.517268 -0.229904 0.818549 0.320871 0.113651 0.17775 0.171412 0.0338456 0.340864
5.61784 -5.60088 -3.00471 0.112718 0.548156 -0.212211 0.801115 0.359512 0.113651 0.17775 0.171412 0.0338456 0.340864
5.65421 -5.62483 -3.12589 0.127482 0.578061 -0.194137 0.782244 0.398154 0.113651 0.17775 0.171412 0.0338456 0.340864
5.69047 -5.6414 -3.25267 0.148738 0.572426 -0.166449 0.788986 0.383809 -0.0421889 0.180509 -0.0939114 0.0586134 0.340864
5.72449 -5.65026 -3.36043 0.188827 0.559855 -0.174091 0.787781 0.282973 -0.296577 0.149112 -0.0868772 -0.18269 0.340864
5.75011 -5.6542 -3.43512 0.228571 0.546262 -0.181416 0.785138 0.182137 -0.296577 0.149112 -0.0868772 -0.18269 0.340864
5.76572 -5.65527 -3.47708 0.267897 0.531672 -0.188409 0.781062 0.0813014 -0.296577 0.149112 -0.0868772 -0.18269 0.340864
5.77806 -5.65498 -3.50618 0.273079 0.516855 -0.160824 0.795251 0.10466 0.0687028 0.0713122 -0.161701 0.10293 0.340864
5.79542 -5.65318 -3.54167 0.277931 0.501413 -0.133045 0.808479 0.128019 0.0687028 0.0713122 -0.161701 0.10293 0.340864
5.84123 -5.6503 -3.62625 0.262078 0.484266 -0.150561 0.821056 0.438123 0.912068 -0.161062 -0.0776054 -0.054746 0.340864
5.91178 -5.64678 -3.75516 0.25736 0.495988 -0.130618 0.818963 0.426589 -0.0339225 0.0476336 0.036009 0.125991 0.340864
5.98321 -5.63964 -3.87951 0.239714 0.478779 -0.101913 0.838404 0.41815 -0.0248214 -0.043926 -0.169572 0.178706 0.340864
6.05963 -5.62999 -3.99727 0.221634 0.460704 -0.0730236 0.856328 0.40971 -0.0248214 -0.043926 -0.169572 0.178706 0.340864
6.14035 -5.61749 -4.10831 0.203154 0.441795 -0.0440021 0.872703 0.401271 -0.0248214 -0.043926 -0.169572 0.178706 0.340864
6.22469 -5.60188 -4.21254 0.184305 0.422087 -0.0149011 0.887498 0.392832 -0.0248214 -0.043926 -0.169572 0.178706 0.340864
6.31195 -5.58293 -4.3099 0.165124 0.401615 0.014227 0.900687 0.384392 -0.0248214 -0.043926 -0.169572 0.178706 0.340864
6.40142 -5.56047 -4.40042 0.145643 0.380416 0.0433293 0.912247 0.375953 -0.0248214 -0.043926 -0.169572 0.178706 0.340864
6.49241 -5.53436 -4.48414 0.125899 0.358529 0.0723532 0.922156 0.367514 -0.0248214 -0.043926 -0.169572 0.178706 0.340864
6.58424 -5.50454 -4.56116 0.105927 0.335993 0.101246 0.930396 0.359075 -0.0248214 -0.043926 -0.169572 0.178706 0.340864
6.67475 -5.47542 -4.63188 0.119243 0.326101 0.0821725 0.934177 0.338038 -0.0618714 0.0387174 -0.0417987 -0.139136 0.340864
6.74935 -5.45105 -4.68754 0.119451 0.316306 0.108479 0.934834 0.227964 -0.323747 0.0558862 -0.0734507 0.136988 0.340864
6.795 -5.43345 -4.72013 0.119564 0.30626 0.1347 0.934754 0.117891 -0.323747 0.0558862 -0.0734507 0.136988 0.340864
6.83246 -5.41648 -4.74542 0.117194 0.292677 0.163876 0.934746 0.16613 0.141882 0.0503021 -0.0970909 0.155177 0.340864
6.88245 -5.39056 -4.77724 0.114701 0.278789 0.192881 0.933765 0.21437 0.141882 0.0503021 -0.0970909 0.155177 0.340864
6.93887 -5.35657 -4.81375 0.127735 0.297484 0.218045 0.920675 0.22876 0.042324 0.100506 0.121993 0.144342 0.340864
6.99545 -5.31616 -4.85373 0.140601 0.315786 0.242921 0.906367 0.24315 0.042324 0.100506 0.121993 0.144342 0.340864
7.05149 -5.26897 -4.89703 0.15328 0.333669 0.267475 0.890858 0.257541 0.042324 0.100506 0.121993 0.144342 0.340864
7.10629 -5.21469 -4.9434 0.165757 0.351111 0.291674 0.874169 0.271931 0.042324 0.100506 0.121993 0.144342 0.340864
7.15911 -5.15307 -4.99255 0.178014 0.368088 0.315488 0.856323 0.286321 0.042324 0.100506 0.121993 0.144342 0.340864
7.21375 -5.0878 -5.04457 0.149095 0.352647 0.305105 0.871964 0.300528 0.0417857 -0.155911 -0.154477 -0.0348854 0.340864
7.2747 -5.02298 -5.09953 0.119963 0.336703 0.294287 0.88636 0.314735 0.0417857 -0.155911 -0.154477 -0.0348854 0.340864
7.34227 -4.95899 -5.15707 0.0906601 0.320279 0.28305 0.899492 0.328942 0.0417857 -0.155911 -0.154477 -0.0348854 0.340864
7.41674 -4.89621 -5.21678 0.0612277 0.303397 0.271408 0.911339 0.343149 0.0417857 -0.155911 -0.154477 -0.0348854 0.340864
7.49835 -4.83501 -5.27819 0.0317079 0.286082 0.259379 0.921886 0.357357 0.0417857 -0.155911 -0.154477 -0.0348854 0.340864
7.58733 -4.7757 -5.34078 0.00214284 0.268359 0.246979 0.931118 0.371564 0.0417857 -0.155911 -0.154477 -0.0348854 0.340864
7.68385 -4.7186 -5.404 -0.0274253 0.250254 0.234227 0.93902 0.385771 0.0417857 -0.155911 -0.154477 -0.0348854 0.340864
7.78806 -4.66399 -5.46723 -0.0569542 0.231791 0.221141 0.945582 0.399978 0.0417857 -0.155911 -0.154477 -0.0348854 0.340864
7.89982 -4.61258 -5.53043 -0.0386718 0.228352 0.193603 0.953351 0.413678 0.0402931 0.0712332 -0.0151652 -0.187093 0.340864
8.01888 -4.56534 -5.59393 -0.0203443 0.224647 0.165839 0.960009 0.427377 0.0402931 0.0712332 -0.0151652 -0.187093 0.340864
8.14505 -4.52292 -5.65775 -0.00199316 0.220681 0.137882 0.965549 0.441077 0.0402931 0.0712332 -0.0151652 -0.187093 0.340864
8.27811 -4.48595 -5.72192 0.0163603 0.216458 0.109764 0.969964 0.454777 0.0402931 0.0712332 -0.0151652 -0.187093 0.340864
8.41777 -4.45508 -5.78652 0.0346948 0.211982 0.0815189 0.973249 0.468476 0.0402931 0.0712332 -0.0151652 -0.187093 0.340864
8.51992 -4.4386 -5.82961 0.0381675 0.182306 0.0498539 0.981235 0.191073 -0.815891 -0.00700506 -0.171781 -0.195562 0.340864
8.61864 -4.42435 -5.86364 0.0552279 0.155546 0.0689843 0.983868 0.428963 0.699675 0.126273 -0.156611 0.0853647 0.340864
8.74723 -4.40321 -5.90162 0.0405463 0.134816 0.0749598 0.987199 0.369583 -0.174645 -0.0721797 -0.130937 0.0399345 0.340864
8.85779 -4.38445 -5.92952 0.0258367 0.113992 0.0808834 0.989847 0.310204 -0.174645 -0.0721797 -0.130937 0.0399345 0.340864
8.94976 -4.36825 -5.94886 0.0111092 0.0930898 0.086751 0.991809 0.250825 -0.174645 -0.0721797 -0.130937 0.0399345 0.340864
9.0227 -4.35484 -5.9612 -0.00362597 0.0721229 0.0925586 0.993085 0.191446 -0.174645 -0.0721797 -0.130937 0.0399345 0.340864
9.07627 -4.3445 -5.96812 -0.0183586 0.0511061 0.0983022 0.993674 0.132066 -0.174645 -0.0721797 -0.130937 0.0399345 0.340864
9.12257 -4.33559 -5.97345 -0.0115947 0.0588504 0.092225 0.99393 0.147072 0.044135 0.0332594 0.0484456 -0.0385404 0.340864
9.17388 -4.32633 -5.98008 -0.00482915 0.0665863 0.0861347 0.994044 0.162078 0.044135 0.0332594 0.0484456 -0.0385404 0.340864
9.23017 -4.31683 -5.98818 0.00193711 0.0743127 0.0800321 0.994016 0.177084 0.044135 0.0332594 0.0484456 -0.0385404 0.340864
9.29141 -4.30718 -5.99789 0.0087031 0.0820285 0.0739181 0.993847 0.19209 0.044135 0.0332594 0.0484456 -0.0385404 0.340864
9.35759 -4.29748 -6.00936 0.0154678 0.0897325 0.0677936 0.993536 0.207096 0.044135 0.0332594 0.0484456 -0.0385404 0.340864
9.42866 -4.28785 -6.02275 0.0222304 0.0974238 0.0616593 0.993082 0.222101 0.044135 0.0332594 0.0484456 -0.0385404 0.340864
9.50459 -4.27836 -6.03822 0.0289897 0.105101 0.0555163 0.992487 0.237107 0.044135 0.0332594 0.0484456 -0.0385404 0.340864
9.58208 -4.27002 -6.05317 0.0492631 0.0882114 0.0427473 0.993964 0.229745 -0.0216535 0.115745 -0.0907334 -0.0904567 0.340864
9.65776 -4.26373 -6.06503 0.069494 0.0712455 0.0299415 0.994584 0.222383 -0.0216535 0.115745 -0.0907334 -0.0904567 0.340864
9.73144 -4.25951 -6.07404 0.089665 0.0542183 0.0171098 0.994348 0.215021 -0.0216535 0.115745 -0.0907334 -0.0904567 0.340864
9.80297 -4.25733 -6.08043 0.109759 0.0371444 0.00426348 0.993255 0.207659 -0.0216535 0.115745 -0.0907334 -0.0904567 0.340864
9.87221 -4.25715 -6.08441 0.129758 0.0200385 -0.00858656 0.991306 0.200296 -0.0216535 0.115745 -0.0907334 -0.0904567 0.340864
9.939 -4.25892 -6.08622 0.149646 0.00291533 -0.0214292 0.988503 0.192934 -0.0216535 0.115745 -0.0907334 -0.0904567 0.340864
10.0032 -4.26256 -6.08608 0.169404 -0.0142104 -0.0342534 0.984849 0.185572 -0.0216535 0.115745 -0.0907334 -0.0904567 0.340864
10.0648 -4.26801 -6.08422 0.189017 -0.0313238 -0.047048 0.980346 0.17821 -0.0216535 0.115745 -0.0907334 -0.0904567 0.340864
10.1771 -4.28084 -6.08234 0.17125 -0.00890537 -0.0597583 0.983373 0.486889 0.907878 -0.0972943 0.148913 -0.0508149 0.340864
10.3357 -4.30502 -6.07875 0.160771 -0.0386559 -0.0858533 0.98249 0.457062 -0.0877246 -0.0688327 -0.142209 -0.181827 0.340864
10.4822 -4.33662 -6.06762 0.150023 -0.0683415 -0.111804 0.97996 0.427236 -0.0877246 -0.0688327 -0.142209 -0.181827 0.340864
10.6243 -4.37047 -6.05052 0.157066 -0.0833278 -0.0993173 0.979042 0.438041 0.0317801 0.0265333 -0.102416 0.0609877 0.340864
10.77 -4.40232 -6.02822 0.164041 -0.0982781 -0.0867874 0.977701 0.448846 0.0317801 0.0265333 -0.102416 0.0609877 0.340864
10.9131 -4.42924 -5.99872 0.13483 -0.127762 -0.0636143 0.980536 0.425363 -0.0690679 -0.199254 -0.175444 0.0894164 0.340864
11.0472 -4.4484 -5.96125 0.105314 -0.156956 -0.0402969 0.981147 0.40188 -0.0690679 -0.199254 -0.175444 0.0894164 0.340864
11.1718 -4.45996 -5.91741 0.0755591 -0.185795 -0.0168882 0.979534 0.378397 -0.0690679 -0.199254 -0.175444 0.0894164 0.340864
11.2865 -4.46427 -5.86877 0.0456326 -0.214212 0.00655879 0.975699 0.354914 -0.0690679 -0.199254 -0.175444 0.0894164 0.340864
11.3909 -4.46177 -5.81688 0.0156027 -0.242143 0.0299909 0.969651 0.331431 -0.0690679 -0.199254 -0.175444 0.0894164 0.340864
11.485 -4.45308 -5.7632 -0.0144626 -0.269525 0.0533551 0.961405 0.307948 -0.0690679 -0.199254 -0.175444 0.0894164 0.340864
11.5688 -4.43891 -5.70913 -0.0444951 -0.296296 0.0765982 0.950979 0.284465 -0.0690679 -0.199254 -0.175444 0.0894164 0.340864
11.6423 -4.42009 -5.65592 -0.0744266 -0.322395 0.0996677 0.938397 0.260982 -0.0690679 -0.199254 -0.175444 0.0894164 0.340864
11.7059 -4.39752 -5.60474 -0.104189 -0.347763 0.122511 0.923686 0.237499 -0.0690679 -0.199254 -0.175444 0.0894164 0.340864
11.7656 -4.37274 -5.55445 -0.0724889 -0.340289 0.138496 0.927236 0.244353 0.0201596 0.136363 0.0805316 0.144596 0.340864
11.8272 -4.34662 -5.50322 -0.0406921 -0.332363 0.154297 0.929554 0.251207 0.0201596 0.136363 0.0805316 0.144596 0.340864
11.8906 -4.3191 -5.45105 -0.00884112 -0.323995 0.169893 0.930637 0.258061 0.0201596 0.136363 0.0805316 0.144596 0.340864
11.9557 -4.2901 -5.39792 0.0230216 -0.315197 0.185264 0.930483 0.264916 0.0201596 0.136363 0.0805316 0.144596 0.340864
12.0225 -4.25958 -5.34384 0.0548537 -0.30598 0.200388 0.929092 0.27177 0.0201596 0.136363 0.0805316 0.144596 0.340864
12.091 -4.22748 -5.28878 0.0866129 -0.296356 0.215245 0.926467 0.278624 0.0201596 0.136363 0.0805316 0.144596 0.340864
12.1612 -4.19373 -5.23273 0.118257 -0.286338 0.229817 0.92261 0.285478 0.0201596 0.136363 0.0805316 0.144596 0.340864
12.2328 -4.15829 -5.17565 0.149744 -0.27594 0.244083 0.917528 0.292333 0.0201596 0.136363 0.0805316 0.144596 0.340864
12.3031 -4.11912 -5.11693 0.121641 -0.292721 0.27055 0.909022 0.293922 0.004676 -0.163098 -0.168094 0.0946898 0.340864
12.3691 -4.07421 -5.05632 0.0933146 -0.308963 0.296517 0.898839 0.295512 0.004676 -0.163098 -0.168094 0.0946898 0.340864
12.4303 -4.0236 -4.99439 0.0648157 -0.324635 0.321938 0.886999 0.297102 0.004676 -0.163098 -0.168094 0.0946898 0.340864
12.4865 -3.96736 -4.93174 0.0361972 -0.339708 0.346765 0.873523 0.298692 0.004676 -0.163098 -0.168094 0.0946898 0.340864
12.5376 -3.9056 -4.86895 0.007512 -0.354155 0.370952 0.858436 0.300282 0.004676 -0.163098 -0.168094 0.0946898 0.340864
12.5833 -3.83846 -4.80664 -0.0211871 -0.367948 0.394455 0.841766 0.301872 0.004676 -0.163098 -0.168094 0.0946898 0.340864
12.6234 -3.76615 -4.74543 -0.0498471 -0.381063 0.417231 0.823544 0.303462 0.004676 -0.163098 -0.168094 0.0946898 0.340864
12.6578 -3.6889 -4.68591 -0.0784151 -0.393475 0.439238 0.803803 0.305051 0.004676 -0.163098 -0.168094 0.0946898 0.340864
12.6865 -3.60697 -4.62871 -0.106839 -0.405162 0.460434 0.782579 0.306641 0.004676 -0.163098 -0.168094 0.0946898 0.340864
12.7082 -3.53683 -4.58401 -0.107331 -0.384286 0.473514 0.785231 0.198926 -0.316808 -0.0883214 0.109319 0.0387425 0.340864
12.7209 -3.49569 -4.56 -0.107757 -0.363175 0.486304 0.787401 0.0912115 -0.316808 -0.0883214 0.109319 0.0387425 0.340864
12.7308 -3.45945 -4.53841 -0.0816262 -0.392841 0.497088 0.769361 0.163683 0.213151 0.171479 -0.0943958 0.176241 0.340864
12.7418 -3.40386 -4.50091 -0.0553321 -0.42172 0.506875 0.749779 0.236154 0.213151 0.171479 -0.0943958 0.176241 0.340864
12.7508 -3.33408 -4.45125 -0.0451043 -0.425513 0.527871 0.733659 0.270533 0.101114 -0.000912952 -0.0193884 0.167293 0.340864
12.7562 -3.25436 -4.39482 -0.0348394 -0.428957 0.548434 0.716939 0.304912 0.101114 -0.000912952 -0.0193884 0.167293 0.340864
12.7567 -3.16491 -4.33166 -0.0245461 -0.43205 0.568548 0.699631 0.33929 0.101114 -0.000912952 -0.0193884 0.167293 0.340864
12.7513 -3.06604 -4.2618 -0.0142326 -0.434788 0.588196 0.681749 0.373669 0.101114 -0.000912952 -0.0193884 0.167293 0.340864
12.7386 -2.95813 -4.18529 -0.00390741 -0.43717 0.607361 0.663309 0.408048 0.101114 -0.000912952 -0.0193884 0.167293 0.340864
12.7176 -2.8417 -4.10221 0.00642096 -0.439194 0.626029 0.644325 0.442426 0.101114 -0.000912952 -0.0193884 0.167293 0.340864
12.6872 -2.71734 -4.01263 0.0167441 -0.440858 0.644184 0.624813 0.476805 0.101114 -0.000912952 -0.0193884 0.167293 0.340864
12.6577 -2.60674 -3.92701 0.045599 -0.449645 0.627881 0.633645 0.364266 -0.330996 0.180794 0.101575 -0.0194247 0.340864
12.6322 -2.51391 -3.85067 0.0524104 -0.440792 0.645339 0.621685 0.358378 -0.0173188 -0.0502792 0.0218397 0.129645 0.340864
12.6037 -2.42251 -3.77694 0.0591918 -0.431688 0.662428 0.60937 0.35249 -0.0173188 -0.0502792 0.0218397 0.129645 0.340864
12.5723 -2.33271 -3.70574 0.0659394 -0.422336 0.679137 0.596706 0.346601 -0.0173188 -0.0502792 0.0218397 0.129645 0.340864
12.538 -2.24467 -3.63701 0.0726492 -0.412742 0.695457 0.5837 0.340713 -0.0173188 -0.0502792 0.0218397 0.129645 0.340864
12.5009 -2.15856 -3.57067 0.0793173 -0.402912 0.711379 0.57036 0.334825 -0.0173188 -0.0502792 0.0218397 0.129645 0.340864
12.4613 -2.07451 -3.50665 0.0859401 -0.392852 0.726894 0.556693 0.328936 -0.0173188 -0.0502792 0.0218397 0.129645 0.340864
12.4192 -1.99268 -3.44487 0.0925137 -0.382566 0.741993 0.542707 0.323048 -0.0173188 -0.0502792 0.0218397 0.129645 0.340864
12.3749 -1.91319 -3.38525 0.0990343 -0.372062 0.756666 0.528411 0.317159 -0.0173188 -0.0502792 0.0218397 0.129645 0.340864
12.3287 -1.82891 -3.32145 0.109399 -0.365369 0.745457 0.546654 0.361267 0.129728 0.0163312 0.113405 -0.0894674 0.340864
12.2824 -1.73258 -3.24693 0.119697 -0.358452 0.733793 0.564564 0.405374 0.129728 0.0163312 0.113405 -0.0894674 0.340864
12.2318 -1.63102 -3.16425 0.115331 -0.394098 0.733419 0.54174 0.420633 0.0448799 0.156271 -0.185142 0.0629875 0.340864
12.1717 -1.53152 -3.07662 0.110756 -0.429031 0.731716 0.517936 0.435893 0.0448799 0.156271 -0.185142 0.0629875 0.340864
12.1015 -1.43474 -2.98473 0.10598 -0.463186 0.728689 0.493193 0.451152 0.0448799 0.156271 -0.185142 0.0629875 0.340864
12.0209 -1.34134 -2.88935 0.101013 -0.496503 0.724342 0.467558 0.466411 0.0448799 0.156271 -0.185142 0.0629875 0.340864
11.9469 -1.26228 -2.79979 0.136713 -0.493248 0.714619 0.476797 0.360232 -0.312292 0.107252 0.19387 0.0401048 0.340864
11.8957 -1.20676 -2.7277 0.172213 -0.489271 0.70385 0.485337 0.254052 -0.312292 0.107252 0.19387 0.0401048 0.340864
11.8649 -1.17262 -2.67717 0.20746 -0.484577 0.692049 0.493166 0.147873 -0.312292 0.107252 0.19387 0.0401048 0.340864
11.8518 -1.15754 -2.65193 0.242404 -0.479174 0.679235 0.500273 0.0416934 -0.312292 0.107252 0.19387 0.0401048 0.340864
11.8321 -1.13651 -2.61213 0.227872 -0.516958 0.66213 0.492354 0.247295 0.604712 0.167766 -0.167238 -0.113569 0.340864
11.7812 -1.0889 -2.51567 0.212887 -0.553712 0.643705 0.483453 0.452897 0.604712 0.167766 -0.167238 -0.113569 0.340864
11.7183 -1.03612 -2.39931 0.238254 -0.545714 0.650128 0.47198 0.384872 -0.200076 0.0353103 0.0733937 0.154372 0.340864
11.6658 -0.995841 -2.30003 0.263411 -0.537236 0.655979 0.460091 0.316846 -0.200076 0.0353103 0.0733937 0.154372 0.340864
11.6239 -0.966537 -2.21858 0.288337 -0.528285 0.661252 0.447797 0.24882 -0.200076 0.0353103 0.0733937 0.154372 0.340864
11.5926 -0.946673 -2.15569 0.313009 -0.51887 0.665943 0.435109 0.180794 -0.200076 0.0353103 0.0733937 0.154372 0.340864
11.557 -0.928301 -2.08516 0.328847 -0.525356 0.669773 0.40898 0.296346 0.339857 0.102384 -0.0413642 0.148579 0.340864
11.5016 -0.907328 -1.98038 0.34436 -0.531322 0.672939 0.382447 0.411897 0.339857 0.102384 -0.0413642 0.148579 0.340864
11.4332 -0.891244 -1.85004 0.377255 -0.540644 0.658716 0.362596 0.459228 0.13921 0.195629 0.0760355 0.130546 0.340864
11.3759 -0.882753 -1.7446 0.349929 -0.563536 0.659542 0.353529 0.248604 -0.619485 0.0479187 -0.185422 -0.100833 0.340864
11.3543 -0.880182 -1.70821 0.348625 -0.586232 0.643504 0.347413 0.000616862 -0.729373 0.151119 -0.0395247 -0.0606723 0.340864
11.3511 -0.880068 -1.70239 0.364896 -0.60253 0.60784 0.366523 0.038469 0.11133 0.178797 0.167382 -0.122579 0.340864
11.3426 -0.880341 -1.68485 0.380375 -0.617521 0.57086 0.384839 0.0763211 0.11133 0.178797 0.167382 -0.122579 0.340864
11.3301 -0.882001 -1.65505 0.395031 -0.631174 0.532642 0.402321 0.114173 0.11133 0.178797 0.167382 -0.122579 0.340864
11.3148 -0.886175 -1.61267 0.40883 -0.643459 0.493269 0.418931 0.152025 0.11133 0.178797 0.167382 -0.122579 0.340864
11.2979 -0.894092 -1.55762 0.421743 -0.65435 0.452828 0.434634 0.189878 0.11133 0.178797 0.167382 -0.122579 0.340864
11.2807 -0.907065 -1.48999 0.433742 -0.663822 0.411405 0.449394 0.22773 0.11133 0.178797 0.167382 -0.122579 0.340864
11.2642 -0.926473 -1.4101 0.444801 -0.671855 0.36909 0.46318 0.265582 0.11133 0.178797 0.167382 -0.122579 0.340864
11.2494 -0.953734 -1.3185 0.454895 -0.678433 0.325976 0.475962 0.303434 0.11133 0.178797 0.167382 -0.122579 0.340864
11.237 -0.990282 -1.21594 0.464004 -0.683539 0.282154 0.487712 0.341286 0.11133 0.178797 0.167382 -0.122579 0.340864
11.2278 -1.03755 -1.10335 0.472107 -0.687164 0.237722 0.498406 0.379138 0.11133 0.178797 0.167382 -0.122579 0.340864
11.2227 -1.09083 -0.983685 0.474987 -0.674999 0.233703 0.513952 0.392036 0.037934 -0.0355003 0.113703 0.0119017 0.340864
11.2225 -1.14441 -0.859254 0.47767 -0.662555 0.229587 0.529286 0.404933 0.037934 -0.0355003 0.113703 0.0119017 0.340864
11.2274 -1.19816 -0.730228 0.480155 -0.649835 0.225376 0.5444 0.417831 0.037934 -0.0355003 0.113703 0.0119017 0.340864
11.2379 -1.25195 -0.596798 0.482441 -0.636847 0.221072 0.559289 0.430728 0.037934 -0.0355003 0.113703 0.0119017 0.340864
11.2542 -1.30566 -0.459178 0.484527 -0.623595 0.216676 0.573946 0.443626 0.037934 -0.0355003 0.113703 0.0119017 0.340864
11.2767 -1.35917 -0.3176 0.486413 -0.610085 0.21219 0.588366 0.456524 0.037934 -0.0355003 0.113703 0.0119017 0.340864
11.2988 -1.40964 -0.186865 0.507133 -0.613534 0.225972 0.561541 0.377994 -0.230969 0.103336 -0.121803 0.145703 0.340864
11.3144 -1.45348 -0.0815277 0.527169 -0.616155 0.239448 0.533958 0.299464 -0.230969 0.103336 -0.121803 0.145703 0.340864
11.3248 -1.48942 -0.00136573 0.546492 -0.617944 0.252601 0.505653 0.220935 -0.230969 0.103336 -0.121803 0.145703 0.340864
11.3311 -1.51611 0.0539798 0.565077 -0.618897 0.265413 0.476665 0.142405 -0.230969 0.103336 -0.121803 0.145703 0.340864
11.3341 -1.53218 0.0850007 0.582899 -0.619015 0.277866 0.447034 0.0638757 -0.230969 0.103336 -0.121803 0.145703 0.340864
11.3379 -1.54724 0.112648 0.603122 -0.596199 0.26462 0.459093 0.122675 0.172938 0.0227735 0.182422 0.0973463 0.340864
11.3475 -1.57189 0.157061 0.622591 -0.572637 0.251043 0.470579 0.181474 0.172938 0.0227735 0.182422 0.0973463 0.340864
11.3657 -1.60602 0.217413 0.641281 -0.548359 0.237151 0.481476 0.240273 0.172938 0.0227735 0.182422 0.0973463 0.340864
11.3951 -1.64938 0.292632 0.65917 -0.523396 0.222964 0.491771 0.299072 0.172938 0.0227735 0.182422 0.0973463 0.340864
11.4382 -1.7016 0.381406 0.676234 -0.497778 0.208497 0.501451 0.357871 0.172938 0.0227735 0.182422 0.0973463 0.340864
11.4975 -1.76213 0.48219 0.692453 -0.471538 0.19377 0.510504 0.41667 0.172938 0.0227735 0.182422 0.0973463 0.340864
11.575 -1.83033 0.593229 0.707806 -0.444707 0.1788 0.518919 0.475469 0.172938 0.0227735 0.182422 0.0973463 0.340864
11.6618 -1.89713 0.705081 0.715188 -0.42399 0.189363 0.52238 0.44563 -0.0877604 -0.0413004 0.0360827 0.134188 0.340864
11.7471 -1.95433 0.809505 0.722136 -0.403014 0.199811 0.525523 0.415792 -0.0877604 -0.0413004 0.0360827 0.134188 0.340864
11.8299 -2.00252 0.906413 0.728646 -0.381794 0.210137 0.528348 0.385953 -0.0877604 -0.0413004 0.0360827 0.134188 0.340864
11.9096 -2.04229 0.995741 0.734713 -0.360342 0.220336 0.530851 0.356115 -0.0877604 -0.0413004 0.0360827 0.134188 0.340864
11.9854 -2.07432 1.07745 0.740333 -0.338671 0.230401 0.533032 0.326276 -0.0877604 -0.0413004 0.0360827 0.134188 0.340864
12.0573 -2.10014 1.15202 0.738583 -0.324425 0.231329 0.543811 0.301665 -0.0723856 -0.0735905 0.0597325 0.0468603 0.340864
12.1253 -2.12117 1.21994 0.736594 -0.310073 0.232183 0.554414 0.277054 -0.0723856 -0.0735905 0.0597325 0.0468603 0.340864
12.1891 -2.13786 1.28125 0.734367 -0.295622 0.232961 0.564838 0.252443 -0.0723856 -0.0735905 0.0597325 0.0468603 0.340864
12.2482 -2.15068 1.33603 0.731903 -0.281074 0.233664 0.57508 0.227832 -0.0723856 -0.0735905 0.0597325 0.0468603 0.340864
12.3025 -2.16012 1.38436 0.729202 -0.266436 0.234292 0.585135 0.203221 -0.0723856 -0.0735905 0.0597325 0.0468603 0.340864
12.3515 -2.16665 1.42638 0.726266 -0.251712 0.234844 0.595002 0.17861 -0.0723856 -0.0735905 0.0597325 0.0468603 0.340864
12.3951 -2.17074 1.46223 0.723095 -0.236907 0.23532 0.604676 0.153999 -0.0723856 -0.0735905 0.0597325 0.0468603 0.340864
12.4379 -2.17293 1.49789 0.710044 -0.235027 0.255292 0.61272 0.174261 0.0595966 -0.111083 -0.0851296 0.0497161 0.340864
12.4849 -2.17304 1.53938 0.69654 -0.232998 0.275101 0.620374 0.194524 0.0595966 -0.111083 -0.0851296 0.0497161 0.340864
12.5357 -2.17053 1.58688 0.682592 -0.23082 0.294735 0.627632 0.214787 0.0595966 -0.111083 -0.0851296 0.0497161 0.340864
12.6169 -2.16175 1.66461 0.661539 -0.222501 0.300066 0.650246 0.448704 0.687992 -0.190221 0.0035091 -0.0147119 0.340864
12.7044 -2.14966 1.74731 0.651251 -0.221597 0.297118 0.662184 0.262889 -0.546516 -0.0835515 0.0124015 -0.0422971 0.340864
12.7464 -2.14339 1.7865 0.640795 -0.220635 0.294092 0.673952 0.0770733 -0.546516 -0.0835515 0.0124015 -0.0422971 0.340864
12.77 -2.13988 1.80782 0.62496 -0.22459 0.278856 0.693703 0.111057 0.0999532 -0.110622 0.0399994 -0.130052 0.340864
12.8027 -2.13545 1.83624 0.60857 -0.228345 0.263371 0.712837 0.145041 0.0999532 -0.110622 0.0399994 -0.130052 0.340864
12.8447 -2.13035 1.87144 0.591639 -0.231898 0.247652 0.731337 0.179026 0.0999532 -0.110622 0.0399994 -0.130052 0.340864
12.893 -2.12308 1.9088 0.599703 -0.1884 0.254849 0.734788 0.182732 0.0109014 -0.0505198 0.178595 0.188382 0.340864
12.9439 -2.11182 1.94373 0.606555 -0.144521 0.261532 0.736754 0.186438 0.0109014 -0.0505198 0.178595 0.188382 0.340864
12.997 -2.09639 1.97593 0.612181 -0.10035 0.267685 0.73723 0.190145 0.0109014 -0.0505198 0.178595 0.188382 0.340864
13.0519 -2.07663 2.00515 0.61657 -0.0559765 0.273298 0.736217 0.193851 0.0109014 -0.0505198 0.178595 0.188382 0.340864
13.1082 -2.05241 2.03115 0.619713 -0.0114897 0.278358 0.733716 0.197558 0.0109014 -0.0505198 0.178595 0.188382 0.340864
13.1652 -2.02364 2.0537 0.621604 0.0330203 0.282856 0.729733 0.201264 0.0109014 -0.0505198 0.178595 0.188382 0.340864
13.2226 -1.99028 2.07262 0.622239 0.0774635 0.286782 0.724275 0.204971 0.0109014 -0.0505198 0.178595 0.188382 0.340864
13.2798 -1.95231 2.08775 0.621616 0.12175 0.290129 0.717353 0.208677 0.0109014 -0.0505198 0.178595 0.188382 0.340864
13.3363 -1.90975 2.09898 0.619737 0.165791 0.29289 0.708982 0.212384 0.0109014 -0.0505198 0.178595 0.188382 0.340864
13.3914 -1.86268 2.10621 0.616606 0.209497 0.295058 0.699177 0.21609 0.0109014 -0.0505198 0.178595 0.188382 0.340864
13.4422 -1.8175 2.11057 0.613262 0.205455 0.283472 0.708055 0.185055 -0.0912791 -0.0532166 0.00865721 -0.0735994 0.340864
13.4862 -1.78034 2.11345 0.60977 0.201364 0.271818 0.716762 0.15402 -0.0912791 -0.0532166 0.00865721 -0.0735994 0.340864
13.5229 -1.75085 2.11516 0.606132 0.197225 0.260099 0.725296 0.122986 -0.0912791 -0.0532166 0.00865721 -0.0735994 0.340864
13.5519 -1.72867 2.116 0.602348 0.193038 0.248317 0.733656 0.0919507 -0.0912791 -0.0532166 0.00865721 -0.0735994 0.340864
13.5729 -1.7134 2.11625 0.59842 0.188804 0.236475 0.74184 0.0609158 -0.0912791 -0.0532166 0.00865721 -0.0735994 0.340864
13.5856 -1.70463 2.11621 0.594347 0.184526 0.224577 0.749845 0.0298809 -0.0912791 -0.0532166 0.00865721 -0.0735994 0.340864
13.6001 -1.69418 2.11552 0.595881 0.225756 0.228999 0.73588 0.0752825 0.133534 0.00592708 0.183642 0.180495 0.340864
13.6258 -1.67313 2.1127 0.596273 0.266553 0.232983 0.720504 0.120684 0.133534 0.00592708 0.183642 0.180495 0.340864
13.6611 -1.6401 2.10638 0.595522 0.30684 0.23652 0.703748 0.166086 0.133534 0.00592708 0.183642 0.180495 0.340864
13.7042 -1.59387 2.09536 0.59363 0.346538 0.239604 0.685642 0.211488 0.133534 0.00592708 0.183642 0.180495 0.340864
13.7531 -1.53335 2.07864 0.5906 0.385572 0.242228 0.666222 0.256889 0.133534 0.00592708 0.183642 0.180495 0.340864
13.8057 -1.45767 2.05536 0.586437 0.423867 0.244388 0.645525 0.302291 0.133534 0.00592708 0.183642 0.180495 0.340864
13.8382 -1.40741 2.03912 0.581183 0.418252 0.244222 0.653947 0.0626966 -0.704689 -0.0413489 -0.0493003 -0.0190066 0.340864
13.8579 -1.37483 2.02947 0.593412 0.437305 0.263063 0.622435 0.168353 0.310755 0.173812 0.104008 0.152845 0.340864
13.8918 -1.30967 2.01341 0.604536 0.455544 0.281415 0.589764 0.27401 0.310755 0.173812 0.104008 0.152845 0.340864
13.9361 -1.2097 1.99376 0.614536 0.472935 0.299243 0.555996 0.379667 0.310755 0.173812 0.104008 0.152845 0.340864
13.9885 -1.0855 1.97156 0.637114 0.47838 0.273568 0.538886 0.423883 0.130047 0.0546984 0.198011 -0.0970089 0.340864
14.0241 -0.999227 1.95788 0.632966 0.477811 0.307241 0.525979 0.131076 -0.861195 0.13092 -0.0983748 0.137082 0.340864
14.0366 -0.965488 1.95439 0.657034 0.487724 0.30408 0.487818 0.0817159 -0.145177 0.189822 0.193262 0.0284586 0.340864
14.0493 -0.933675 1.95158 0.680071 0.475682 0.275454 0.485135 0.120488 0.114036 0.0158889 0.12502 -0.190021 0.340864
14.0695 -0.890849 1.94713 0.702085 0.462926 0.246414 0.481722 0.15926 0.114036 0.0158889 0.12502 -0.190021 0.340864
14.0985 -0.83788 1.94058 0.723045 0.449474 0.217003 0.477586 0.198033 0.114036 0.0158889 0.12502 -0.190021 0.340864
14.1258 -0.789458 1.93332 0.70708 0.46653 0.21707 0.485045 0.131816 -0.194754 -0.0981765 0.00753265 0.105433 0.340864
14.1411 -0.76008 1.92798 0.690689 0.483306 0.217007 0.492211 0.0656 -0.194754 -0.0981765 0.00753265 0.105433 0.340864
14.1523 -0.73871 1.92327 0.696129 0.475612 0.194667 0.501301 0.0790407 0.0395316 -0.0748791 0.0495927 -0.123023 0.340864
14.1666 -0.714094 1.91683 0.701102 0.467599 0.172197 0.510055 0.0924815 0.0395316 -0.0748791 0.0495927 -0.123023 0.340864
14.1841 -0.686533 1.90837 0.705605 0.459272 0.149612 0.518466 0.105922 0.0395316 -0.0748791 0.0495927 -0.123023 0.340864
14.205 -0.65635 1.89764 0.709634 0.450638 0.126926 0.526531 0.119363 0.0395316 -0.0748791 0.0495927 -0.123023 0.340864
14.2297 -0.623892 1.88439 0.713188 0.441701 0.104155 0.534242 0.132804 0.0395316 -0.0748791 0.0495927 -0.123023 0.340864
14.2582 -0.589531 1.86836 0.716264 0.432469 0.0813143 0.541595 0.146244 0.0395316 -0.0748791 0.0495927 -0.123023 0.340864
14.2907 -0.553657 1.84931 0.718859 0.422946 0.058419 0.548585 0.159685 0.0395316 -0.0748791 0.0495927 -0.123023 0.340864
14.3272 -0.516682 1.82702 0.720973 0.41314 0.0354846 0.555207 0.173126 0.0395316 -0.0748791 0.0495927 -0.123023 0.340864
14.3647 -0.482244 1.80177 0.712389 0.411684 -0.0095901 0.568266 0.161064 -0.0354753 -0.192729 0.152935 -0.135304 0.340864
14.3995 -0.453552 1.77454 0.702183 0.409289 -0.0546429 0.580031 0.149003 -0.0354753 -0.192729 0.152935 -0.135304 0.340864
14.4313 -0.430317 1.74615 0.690377 0.405963 -0.0995712 0.590474 0.136941 -0.0354753 -0.192729 0.152935 -0.135304 0.340864
14.46 -0.412168 1.71735 0.676998 0.401711 -0.144273 0.599572 0.12488 -0.0354753 -0.192729 0.152935 -0.135304 0.340864
14.4853 -0.39866 1.68889 0.662077 0.396545 -0.188646 0.607305 0.112818 -0.0354753 -0.192729 0.152935 -0.135304 0.340864
14.5071 -0.389284 1.66146 0.645648 0.390475 -0.232589 0.613654 0.100756 -0.0354753 -0.192729 0.152935 -0.135304 0.340864
14.5255 -0.383476 1.63568 0.627748 0.383516 -0.276002 0.618605 0.0886949 -0.0354753 -0.192729 0.152935 -0.135304 0.340864
14.5405 -0.38063 1.61211 0.608417 0.375682 -0.318786 0.622146 0.0766333 -0.0354753 -0.192729 0.152935 -0.135304 0.340864
14.5524 -0.380107 1.59125 0.587701 0.366994 -0.360845 0.624271 0.0645717 -0.0354753 -0.192729 0.152935 -0.135304 0.340864
14.5613 -0.38125 1.57349 0.565646 0.357469 -0.402081 0.624973 0.0525101 -0.0354753 -0.192729 0.152935 -0.135304 0.340864
14.5683 -0.382921 1.55931 0.578338 0.333942 -0.395456 0.630572 0.0411455 -0.0334254 -0.0136863 -0.150346 -0.0673808 0.340864
14.5741 -0.384362 1.54886 0.590574 0.310152 -0.388519 0.635674 0.0297809 -0.0334254 -0.0136863 -0.150346 -0.0673808 0.340864
14.5831 -0.386334 1.53318 0.584174 0.334706 -0.384502 0.631562 0.0769521 0.138739 0.0538049 0.0999979 0.102614 0.340864
14.599 -0.388969 1.50305 0.577379 0.359034 -0.380224 0.627023 0.124123 0.138739 0.0538049 0.0999979 0.102614 0.340864
14.621 -0.391252 1.45796 0.570193 0.383119 -0.375689 0.622059 0.171295 0.138739 0.0538049 0.0999979 0.102614 0.340864
14.648 -0.392201 1.39749 0.56262 0.406944 -0.3709 0.616675 0.218466 0.138739 0.0538049 0.0999979 0.102614 0.340864
14.6791 -0.390878 1.3213 0.554667 0.430494 -0.36586 0.610873 0.265637 0.138739 0.0538049 0.0999979 0.102614 0.340864
14.713 -0.386389 1.2291 0.546339 0.453753 -0.360572 0.604657 0.312809 0.138739 0.0538049 0.0999979 0.102614 0.340864
14.7485 -0.377895 1.12072 0.537641 0.476704 -0.35504 0.598032 0.35998 0.138739 0.0538049 0.0999979 0.102614 0.340864
14.7795 -0.370563 1.00741 0.505685 0.488167 -0.381567 0.600319 0.332616 -0.0804813 -0.170149 0.184604 0.0373281 0.340864
14.8014 -0.36958 0.901239 0.472787 0.498721 -0.407385 0.601488 0.305253 -0.0804813 -0.170149 0.184604 0.0373281 0.340864
14.8153 -0.374109 0.803219 0.43901 0.508346 -0.432444 0.601537 0.277889 -0.0804813 -0.170149 0.184604 0.0373281 0.340864
14.8224 -0.383232 0.714162 0.404415 0.517025 -0.456698 0.600467 0.250525 -0.0804813 -0.170149 0.184604 0.0373281 0.340864
14.8239 -0.395966 0.634687 0.369067 0.524742 -0.480101 0.598279 0.223162 -0.0804813 -0.170149 0.184604 0.0373281 0.340864
14.821 -0.411279 0.56521 0.333033 0.531482 -0.502612 0.594977 0.195798 -0.0804813 -0.170149 0.184604 0.0373281 0.340864
14.815 -0.428104 0.505948 0.296378 0.537232 -0.524186 0.590568 0.168434 -0.0804813 -0.170149 0.184604 0.0373281 0.340864
14.8097 -0.442789 0.461854 0.306412 0.509933 -0.535796 0.599168 0.106688 -0.181607 -0.101025 -0.132737 -0.0931316 0.340864
14.8062 -0.453186 0.433634 0.301685 0.499076 -0.566365 0.582357 0.0714311 -0.103696 -0.112292 0.0821738 -0.166152 0.340864
14.8033 -0.459959 0.416899 0.29655 0.487542 -0.596164 0.564756 0.0361744 -0.103696 -0.112292 0.0821738 -0.166152 0.340864
14.802 -0.462431 0.411241 0.291012 0.475347 -0.625155 0.546388 0.000917596 -0.103696 -0.112292 0.0821738 -0.166152 0.340864
