0 0 0 0 0 0 1 4.63881e-310 0 0 0 0 0
0.00943794 8.38313e-05 0.000185285 0.0295301 -0.0145692 0.0069846 0.999433 0.0555318 0.163329 0.17374 -0.0857175 0.0410936 0.340864
0.0711723 0.00342747 -0.000468581 0.00851198 0.0183315 0.0394851 0.999016 0.308275 0.743361 -0.127686 0.186959 0.195086 0.340864
0.176254 0.012254 -0.00525063 0.0117569 0.0278486 0.0437447 0.998585 0.312675 0.0129435 0.0173395 0.0565157 0.0252589 0.340864
0.282631 0.0221545 -0.0120909 0.0150003 0.0373623 0.0479991 0.998036 0.317076 0.0129435 0.0173395 0.0565157 0.0252589 0.340864
0.355382 0.0281778 -0.018202 0.0349204 0.0500374 0.029418 0.997703 0.113865 -0.59768 0.10933 0.081762 -0.112268 0.340864
0.400548 0.0322964 -0.0216752 0.039269 0.0307398 0.0569987 0.997128 0.153751 0.117312 0.0371037 -0.118021 0.156752 0.340864
0.458942 0.0407859 -0.0237614 0.0435723 0.0114068 0.0845136 0.995404 0.193637 0.117312 0.0371037 -0.118021 0.156752 0.340864
0.530131 0.0550364 -0.0233117 0.0478254 -0.00793937 0.111931 0.992533 0.233523 0.117312 0.0371037 -0.118021 0.156752 0.340864
0.613505 0.0763826 -0.0191764 0.0520234 -0.0272764 0.13922 0.988518 0.273409 0.117312 0.0371037 -0.118021 0.156752 0.340864
0.708275 0.106091 -0.0102155 0.0561614 -0.0465819 0.166348 0.983364 0.313295 0.117312 0.0371037 -0.118021 0.156752 0.340864
0.813484 0.145347 0.0046905 0.0602348 -0.0658338 0.193284 0.977077 0.353181 0.117312 0.0371037 -0.118021 0.156752 0.340864
0.928012 0.195246 0.0266304 0.0642387 -0.0850099 0.219998 0.969664 0.393067 0.117312 0.0371037 -0.118021 0.156752 0.340864
1.05058 0.256777 0.056652 0.0681686 -0.104088 0.246458 0.961133 0.432953 0.117312 0.0371037 -0.118021 0.156752 0.340864
1.13901 0.301796 0.0808803 0.0635851 -0.110541 0.222016 0.966668 0.167919 -0.779514 -0.00381309 -0.0299412 -0.151626 0.340864
1.18849 0.324439 0.0936774 0.0831261 -0.0929746 0.21161 0.969364 0.160949 -0.0204984 0.0939452 0.131069 -0.0434195 0.340864
1.23671 0.345048 0.104477 0.1026 -0.0753336 0.201034 0.971279 0.15398 -0.0204984 0.0939452 0.131069 -0.0434195 0.340864
1.2835 0.363753 0.113343 0.121992 -0.0576317 0.190296 0.972411 0.14701 -0.0204984 0.0939452 0.131069 -0.0434195 0.340864
1.32872 0.380682 0.120351 0.141285 -0.0398835 0.179405 0.97276 0.140041 -0.0204984 0.0939452 0.131069 -0.0434195 0.340864
1.37225 0.395959 0.125591 0.160464 -0.0221031 0.168368 0.972324 0.133071 -0.0204984 0.0939452 0.131069 -0.0434195 0.340864
1.41273 0.409257 0.131365 0.181073 -0.0583829 0.16435 0.967881 0.119918 -0.0386866 0.15857 -0.183932 -0.0501629 0.340864
1.44878 0.4202 0.139414 0.20136 -0.0945589 0.160039 0.961717 0.106764 -0.0386866 0.15857 -0.183932 -0.0501629 0.340864
1.48028 0.428882 0.149004 0.22129 -0.130567 0.155445 0.953845 0.093611 -0.0386866 0.15857 -0.183932 -0.0501629 0.340864
1.50718 0.435458 0.15941 0.240826 -0.166343 0.150573 0.944278 0.0804575 -0.0386866 0.15857 -0.183932 -0.0501629 0.340864
1.5295 0.440135 0.16993 0.259934 -0.201823 0.145435 0.933033 0.0673041 -0.0386866 0.15857 -0.183932 -0.0501629 0.340864
1.54733 0.443171 0.179889 0.278581 -0.236945 0.140038 0.92013 0.0541507 -0.0386866 0.15857 -0.183932 -0.0501629 0.340864
1.59834 0.450504 0.213879 0.301654 -0.266353 0.152104 0.902732 0.309075 0.749776 0.160852 -0.184242 0.0636296 0.340864
1.69847 0.466761 0.282998 0.304811 -0.250358 0.167045 0.903608 0.413013 0.3057 -0.0225134 0.0626276 0.111892 0.340864
1.80015 0.486599 0.34867 0.325738 -0.221097 0.177265 0.901991 0.30863 -0.307007 0.0703458 0.155425 0.139226 0.340864
1.87406 0.50306 0.391879 0.346208 -0.191527 0.187236 0.899111 0.204248 -0.307007 0.0703458 0.155425 0.139226 0.340864
1.91867 0.514291 0.415462 0.366194 -0.161688 0.196945 0.89497 0.0998656 -0.307007 0.0703458 0.155425 0.139226 0.340864
1.96054 0.526241 0.435389 0.355604 -0.143075 0.20184 0.901297 0.18185 0.241131 -0.0956 0.0811986 0.0484633 0.340864
2.02729 0.547191 0.464475 0.34483 -0.124388 0.206629 0.907152 0.263835 0.241131 -0.0956 0.0811986 0.0484633 0.340864
2.10725 0.572213 0.496639 0.352666 -0.116827 0.193212 0.908101 0.264102 0.000787435 0.0405235 0.0777851 -0.0516797 0.340864
2.18854 0.595412 0.527034 0.360398 -0.109231 0.179737 0.908778 0.26437 0.000787435 0.0405235 0.0777851 -0.0516797 0.340864
2.27109 0.616788 0.5556 0.368021 -0.101603 0.166208 0.909182 0.264638 0.000787435 0.0405235 0.0777851 -0.0516797 0.340864
2.35481 0.636342 0.582276 0.375534 -0.0939437 0.15263 0.909315 0.264906 0.000787435 0.0405235 0.0777851 -0.0516797 0.340864
2.43962 0.654081 0.607007 0.382935 -0.0862565 0.139006 0.909174 0.265173 0.000787435 0.0405235 0.0777851 -0.0516797 0.340864
2.52545 0.67001 0.629737 0.39022 -0.0785434 0.12534 0.908762 0.265441 0.000787435 0.0405235 0.0777851 -0.0516797 0.340864
2.6122 0.68414 0.650414 0.39739 -0.0708068 0.111637 0.908078 0.265709 0.000787435 0.0405235 0.0777851 -0.0516797 0.340864
2.69978 0.69648 0.668987 0.40444 -0.063049 0.0979006 0.907121 0.265977 0.000787435 0.0405235 0.0777851 -0.0516797 0.340864
2.77874 0.707818 0.686533 0.434104 -0.0744347 0.121364 0.889542 0.214516 -0.151355 0.198027 -0.106045 0.119277 0.340864
2.83985 0.718194 0.703177 0.462956 -0.0856813 0.144601 0.870299 0.163055 -0.151355 0.198027 -0.106045 0.119277 0.340864
2.88351 0.726635 0.717394 0.490943 -0.0967678 0.167567 0.84943 0.111594 -0.151355 0.198027 -0.106045 0.119277 0.340864
2.91025 0.732358 0.727604 0.518013 -0.107673 0.19022 0.826974 0.0601337 -0.151355 0.198027 -0.106045 0.119277 0.340864
2.98008 0.750226 0.755299 0.522511 -0.0826533 0.203238 0.823921 0.39414 0.982372 -0.00506011 0.0851562 0.145848 0.340864
3.10331 0.778915 0.805049 0.544202 -0.112993 0.182705 0.810984 0.405788 0.0342598 0.191207 -0.0643146 -0.166807 0.340864
3.23033 0.797764 0.860598 0.564816 -0.143109 0.161811 0.796442 0.417437 0.0342598 0.191207 -0.0643146 -0.166807 0.340864
3.36043 0.805913 0.921466 0.584311 -0.172941 0.140597 0.780323 0.429085 0.0342598 0.191207 -0.0643146 -0.166807 0.340864
3.49285 0.802566 0.987084 0.602649 -0.202432 0.119104 0.762659 0.440733 0.0342598 0.191207 -0.0643146 -0.166807 0.340864
3.62678 0.787013 1.0568 0.619795 -0.231521 0.0973755 0.743485 0.452382 0.0342598 0.191207 -0.0643146 -0.166807 0.340864
3.76137 0.758633 1.12986 0.635713 -0.260152 0.0754541 0.722839 0.46403 0.0342598 0.191207 -0.0643146 -0.166807 0.340864
3.88872 0.726277 1.2021 0.620346 -0.265902 0.0820705 0.733301 0.418015 -0.135339 -0.112041 -0.0400029 -0.0215287 0.340864
4.00167 0.69898 1.26942 0.604718 -0.271539 0.0886521 0.743454 0.372 -0.135339 -0.112041 -0.0400029 -0.0215287 0.340864
4.10048 0.676441 1.33113 0.588834 -0.277062 0.0951964 0.753292 0.325984 -0.135339 -0.112041 -0.0400029 -0.0215287 0.340864
4.18538 0.658325 1.38659 0.572702 -0.282468 0.1017 0.762812 0.279969 -0.135339 -0.112041 -0.0400029 -0.0215287 0.340864
4.25662 0.644253 1.43515 0.556327 -0.287754 0.108161 0.77201 0.233954 -0.135339 -0.112041 -0.0400029 -0.0215287 0.340864
4.31448 0.633814 1.47622 0.539718 -0.292919 0.114577 0.780881 0.187939 -0.135339 -0.112041 -0.0400029 -0.0215287 0.340864
