4.35923 0.626558 1.50923 0.52288 -0.29796 0.120944 0.789423 0.141924 0 0 0 0 0
4.43037 0.61665 1.55971 0.535041 -0.273646 0.117582 0.790584 0.374537 0.684157 0.0414992 0.133953 0.0796701 0.340864
4.50694 0.6054 1.61189 0.508094 -0.287075 0.0954341 0.806425 0.174547 -0.588206 -0.130269 0.0141147 -0.199651 0.340864
4.58605 0.59615 1.66751 0.496961 -0.27761 0.131618 0.811566 0.397059 0.654446 -0.134627 -0.0608316 0.178297 0.340864
4.66764 0.58827 1.72508 0.478413 -0.283084 0.103902 0.824736 0.192211 -0.602494 -0.0775649 0.0620521 -0.188846 0.340864
4.71868 0.58375 1.76122 0.456549 -0.281177 0.127649 0.834391 0.176685 -0.0456624 -0.173983 -0.0548715 0.0782788 0.340864
4.76487 0.582835 1.79533 0.434166 -0.278949 0.15125 0.843096 0.16116 -0.0456624 -0.173983 -0.0548715 0.0782788 0.340864
4.80621 0.584965 1.82704 0.411287 -0.276404 0.17468 0.850841 0.145635 -0.0456624 -0.173983 -0.0548715 0.0782788 0.340864
4.84275 0.589559 1.85604 0.387941 -0.273544 0.19791 0.857617 0.13011 -0.0456624 -0.173983 -0.0548715 0.0782788 0.340864
4.87454 0.596019 1.88206 0.364153 -0.270373 0.220915 0.863416 0.114584 -0.0456624 -0.173983 -0.0548715 0.0782788 0.340864
4.90171 0.603735 1.9049 0.33995 -0.266894 0.243668 0.868232 0.0990592 -0.0456624 -0.173983 -0.0548715 0.0782788 0.340864
4.92436 0.612092 1.9244 0.31536 -0.263111 0.266144 0.87206 0.083534 -0.0456624 -0.173983 -0.0548715 0.0782788 0.340864
4.94265 0.620471 1.94048 0.29041 -0.259028 0.288317 0.874894 0.0680088 -0.0456624 -0.173983 -0.0548715 0.0782788 0.340864
4.95677 0.628262 1.95311 0.26513 -0.25465 0.310162 0.876732 0.0524836 -0.0456624 -0.173983 -0.0548715 0.0782788 0.340864
4.96692 0.634863 1.9623 0.239548 -0.249983 0.331653 0.877571 0.0369584 -0.0456624 -0.173983 -0.0548715 0.0782788 0.340864
5.00106 0.660329 1.99176 0.251319 -0.213697 0.351936 0.875965 0.267715 0.678697 -0.0376024 0.179388 0.17633 0.340864
5.08723 0.72998 2.06019 0.262619 -0.177012 0.37156 0.87272 0.498472 0.678697 -0.0376024 0.179388 0.17633 0.340864
5.16332 0.795193 2.11782 0.232984 -0.17964 0.375013 0.879098 0.181561 -0.932091 -0.159865 -0.0769662 -0.0311325 0.340864
5.20884 0.83303 2.15265 0.23934 -0.200178 0.353321 0.881935 0.222492 0.120386 0.0972218 -0.0594704 -0.139888 0.340864
5.26478 0.874485 2.19708 0.24547 -0.220528 0.331296 0.883943 0.263423 0.120386 0.0972218 -0.0594704 -0.139888 0.340864
5.33124 0.918035 2.25185 0.251369 -0.240671 0.30896 0.885118 0.304355 0.120386 0.0972218 -0.0594704 -0.139888 0.340864
5.40823 0.962108 2.31761 0.257032 -0.260588 0.286333 0.885462 0.345286 0.120386 0.0972218 -0.0594704 -0.139888 0.340864
5.49558 1.0051 2.39495 0.262453 -0.280259 0.263436 0.884972 0.386217 0.120386 0.0972218 -0.0594704 -0.139888 0.340864
5.59303 1.04538 2.48436 0.267627 -0.299666 0.240292 0.883649 0.427148 0.120386 0.0972218 -0.0594704 -0.139888 0.340864
5.70018 1.08131 2.58626 0.27255 -0.318792 0.216921 0.881495 0.468079 0.120386 0.0972218 -0.0594704 -0.139888 0.340864
5.79188 1.10665 2.67706 0.257323 -0.339969 0.197913 0.882631 0.305604 -0.477868 -0.0181087 -0.0966479 -0.162545 0.340864
5.84408 1.11883 2.73133 0.241829 -0.360791 0.178698 0.882845 0.143129 -0.477868 -0.0181087 -0.0966479 -0.162545 0.340864
5.91068 1.1331 2.8044 0.273193 -0.362191 0.196595 0.869215 0.444508 0.886409 0.145794 -0.0286972 0.171888 0.340864
5.97332 1.14736 2.87795 0.273958 -0.385855 0.210667 0.855384 0.129995 -0.925038 0.023529 -0.172216 0.0515519 0.340864
5.99917 1.1549 2.90897 0.265501 -0.350718 0.234138 0.866998 0.111685 -0.0538547 -0.158135 0.154899 0.141183 0.340864
6.02207 1.16375 2.9337 0.256515 -0.314884 0.257143 0.876884 0.0933742 -0.0538547 -0.158135 0.154899 0.141183 0.340864
6.04152 1.17298 2.95257 0.247019 -0.278422 0.279636 0.885024 0.0750636 -0.0538547 -0.158135 0.154899 0.141183 0.340864
6.0571 1.1817 2.9661 0.23703 -0.241405 0.301572 0.8914 0.056753 -0.0538547 -0.158135 0.154899 0.141183 0.340864
6.06851 1.18903 2.97491 0.226569 -0.203908 0.322907 0.896002 0.0384424 -0.0538547 -0.158135 0.154899 0.141183 0.340864
6.07557 1.19414 2.97972 0.215657 -0.166004 0.343599 0.898818 0.0201318 -0.0538547 -0.158135 0.154899 0.141183 0.340864
6.07821 1.19625 2.9813 0.204315 -0.12777 0.363606 0.899845 0.00182122 -0.0538547 -0.158135 0.154899 0.141183 0.340864
6.08027 1.1979 2.98228 0.213922 -0.102561 0.340138 0.909959 0.0146963 0.037868 0.00241619 0.18984 -0.108362 0.340864
6.0858 1.20192 2.98447 0.223234 -0.0772092 0.3162 0.918816 0.0275714 0.037868 0.00241619 0.18984 -0.108362 0.340864
6.09514 1.20805 2.98743 0.232238 -0.0517512 0.291825 0.926405 0.0404465 0.037868 0.00241619 0.18984 -0.108362 0.340864
6.10855 1.21603 2.99067 0.24092 -0.0262217 0.267047 0.932714 0.0533216 0.037868 0.00241619 0.18984 -0.108362 0.340864
6.12623 1.22556 2.9937 0.24927 -0.000656086 0.2419 0.937736 0.0661967 0.037868 0.00241619 0.18984 -0.108362 0.340864
6.14833 1.23634 2.99598 0.257276 0.0249105 0.21642 0.941462 0.0790718 0.037868 0.00241619 0.18984 -0.108362 0.340864
6.17491 1.24806 2.99698 0.264927 0.0504426 0.19064 0.943889 0.0919469 0.037868 0.00241619 0.18984 -0.108362 0.340864
6.20598 1.2604 2.99616 0.272212 0.0759051 0.164597 0.945012 0.104822 0.037868 0.00241619 0.18984 -0.108362 0.340864
6.24147 1.27307 2.99296 0.279121 0.101263 0.138327 0.94483 0.117697 0.037868 0.00241619 0.18984 -0.108362 0.340864
6.28126 1.28575 2.98684 0.285644 0.126481 0.111866 0.943343 0.130572 0.037868 0.00241619 0.18984 -0.108362 0.340864
6.33231 1.30193 2.97667 0.311668 0.144884 0.117339 0.931721 0.190144 0.17521 0.15593 0.118721 0.0495914 0.340864
6.40136 1.32607 2.96115 0.337324 0.163117 0.122674 0.918998 0.249715 0.17521 0.15593 0.118721 0.0495914 0.340864
6.48774 1.35929 2.93961 0.362581 0.181157 0.127864 0.90519 0.309287 0.17521 0.15593 0.118721 0.0495914 0.340864
6.59074 1.40278 2.91152 0.38741 0.198983 0.132903 0.890312 0.368858 0.17521 0.15593 0.118721 0.0495914 0.340864
6.70957 1.45772 2.87646 0.411782 0.216574 0.137785 0.874384 0.428429 0.17521 0.15593 0.118721 0.0495914 0.340864
6.84339 1.52534 2.83417 0.435667 0.233909 0.142505 0.857423 0.488001 0.17521 0.15593 0.118721 0.0495914 0.340864
6.94476 1.57887 2.7988 0.418349 0.250045 0.135616 0.862595 0.217697 -0.795011 -0.123616 0.0774127 0.0261032 0.340864
6.99884 1.60847 2.77933 0.441597 0.24481 0.151459 0.849777 0.162655 -0.161888 0.177011 -0.0281547 0.0435464 0.340864
7.03707 1.63085 2.76715 0.46441 0.239335 0.167153 0.836123 0.107614 -0.161888 0.177011 -0.0281547 0.0435464 0.340864
7.06366 1.64754 2.75858 0.457586 0.26389 0.170285 0.831853 0.0838436 -0.0699116 -0.04164 0.11153 0.0963027 0.340864
7.08296 1.66063 2.75122 0.450451 0.288267 0.173302 0.82702 0.0600736 -0.0699116 -0.04164 0.11153 0.0963027 0.340864
7.09541 1.66974 2.74569 0.443012 0.312448 0.176201 0.821626 0.0363037 -0.0699116 -0.04164 0.11153 0.0963027 0.340864
