0 0 0 0 0 0 1 4.66087e-310 0 0 0 0 0
0.137251 0.00133193 0.0130746 -0.0723085 -0.0714359 0.00337064 0.994815 0.270504 0.2652 -0.142027 -0.140313 0.00662054 1.02259
0.510569 -0.00410396 0.044673 -0.0630456 -0.0166211 -0.0214232 0.997642 0.464625 0.190314 0.0215931 0.103929 -0.0548902 1.02259
0.773076 -0.030181 0.0637919 -0.0934137 -0.0496803 -0.0869927 0.990575 0.313981 -0.221535 -0.0893904 -0.107708 -0.188396 0.681728
1.30247 -0.111451 0.0813405 -0.139295 0.0345358 -0.0670712 0.987373 0.317195 0.0018908 -0.0464409 0.10501 0.0109692 1.70432
1.56928 -0.155302 0.0906814 -0.226065 -0.0437763 -0.102268 0.967739 0.214048 -0.101124 -0.186508 -0.148866 -0.0435698 1.02259
1.78135 -0.180748 0.110582 -0.216791 -0.022693 -0.0409074 0.975097 0.417305 0.298907 0.0297504 0.0990372 0.164158 0.681728
1.96981 -0.200643 0.111807 -0.221724 0.0517689 -0.0672497 0.971409 0.14062 -0.406889 -0.00578888 0.197309 -0.123929 0.681728
2.57821 -0.436518 -0.0992829 -0.0398148 0.261406 -0.221907 0.93853 0.442311 0.126761 0.150048 0.13578 -0.17812 2.38605
3.18043 -0.981086 -0.279375 -0.126331 0.0234949 -0.452932 0.882236 0.389684 -0.0257979 -0.196741 -0.198688 -0.197345 2.04519
3.34609 -1.17572 -0.263824 -0.0635232 -0.00026479 -0.370523 0.926648 0.113027 -0.271232 0.102573 -0.0786878 0.185402 1.02259
3.442 -1.28096 -0.25818 -0.133807 0.0433764 -0.426793 0.893343 0.30636 0.284314 -0.150453 0.18534 -0.198231 0.681728
3.75875 -1.79727 -0.193788 -0.112694 -0.0240273 -0.543979 0.831149 0.412729 0.0625701 -0.0275285 -0.0970814 -0.145404 1.70432
3.91657 -2.12639 -0.103059 -0.101492 -0.131218 -0.519308 0.838332 0.325658 -0.0853644 -0.0958487 -0.181219 0.0722286 1.02259
4.3748 -2.94002 0.331612 0.0815092 -0.348711 -0.399116 0.844075 0.281573 -0.012966 0.0151122 -0.158055 0.0895623 3.40864
4.5451 -3.34718 0.600059 0.0583906 -0.364673 -0.500126 0.783249 0.479684 0.14567 0.0210762 -0.0253906 -0.175281 1.36346
4.58801 -3.48022 0.684643 0.0354515 -0.346289 -0.48417 0.802749 0.481543 0.00546764 -0.0925508 0.188584 0.0880088 0.340864
4.68066 -3.70176 0.841683 -0.0836196 -0.30485 -0.467618 0.825474 0.081405 -0.392293 -0.161348 0.193082 -0.0304256 1.02259
4.76289 -3.82302 0.953151 -0.214327 -0.257295 -0.428473 0.83921 0.189623 0.0795718 -0.142327 0.159144 -0.007506 1.36346
5.58438 -4.1293 1.39977 -0.311739 -0.11409 -0.053486 0.941776 0.406408 0.0637603 -0.0575656 0.162996 0.183748 3.40864
6.02705 -4.18724 1.5229 -0.355204 -0.0917628 -0.174786 0.913707 0.13957 -0.156964 -0.0408883 -0.020844 -0.150635 1.70432
6.1753 -4.22275 1.56933 -0.287756 -0.112383 -0.139976 0.94073 0.329209 0.278881 0.189714 -0.0464825 0.147356 0.681728
6.40223 -4.25888 1.62751 -0.221416 -0.0872403 -0.0740953 0.968439 0.368483 0.0577568 0.19591 0.107353 0.194667 0.681728
6.80721 -4.26022 1.67558 -0.241718 -0.0284564 0.0405397 0.969082 0.433429 0.0636722 -0.0494829 0.164921 0.189317 1.02259
7.50314 -4.05272 1.54594 -0.354316 0.172126 0.391337 0.831678 0.00973613 -0.124616 -0.0975677 0.164617 0.178684 3.40864
7.64992 -3.91804 1.2581 -0.377082 0.419606 0.429651 0.705081 0.250089 0.0883652 -0.114787 0.173087 -0.00175854 2.72691
7.71227 -3.80351 0.969768 -0.195435 0.493993 0.453427 0.715668 0.123112 -0.0746923 0.130364 0.15989 -0.109012 1.70432
7.79721 -3.42002 0.555459 -0.0529509 0.339992 0.544327 0.765055 0.360705 0.0998288 0.191969 -0.0443028 0.00201133 2.38605
7.89482 -2.89097 0.226012 0.217621 0.443011 0.482275 0.723736 0.103702 -0.0944865 0.0952775 0.176801 -0.0913873 2.72691
7.90591 -2.80673 0.189693 0.222607 0.422097 0.519069 0.709118 0.439969 0.98902 0.195221 -0.0839257 0.1584 0.340864
7.9535 -2.50061 0.0799219 0.275767 0.39151 0.498676 0.722492 0.204847 -0.230511 0.0823903 0.00941555 -0.0993861 1.02259
7.97551 -2.41833 0.0596599 0.317834 0.301992 0.494041 0.750804 0.0530591 -0.223218 0.192725 -0.157646 -0.172727 0.681728
7.98525 -2.39366 0.0563149 0.320947 0.273215 0.479041 0.769979 0.104207 0.150436 0.034891 -0.124095 -0.181349 0.340864
8.00961 -2.33837 0.0478324 0.301426 0.281397 0.467335 0.782021 0.254691 0.442599 -0.153041 -0.0152015 -0.0401368 0.340864
8.29441 -1.83366 -0.226803 0.228627 0.481104 0.235354 0.812943 0.224143 -0.0112307 -0.168149 0.137128 -0.0861326 2.72691
8.62505 -1.45961 -0.746909 0.167819 0.479801 0.167707 0.844691 0.382547 0.0665562 -0.0748471 -0.012775 -0.0282025 2.38605
8.70593 -1.38216 -0.874867 0.183939 0.486964 0.174736 0.835763 0.117578 -0.389661 0.0508432 0.0348804 0.00265482 0.681728
8.75758 -1.32731 -0.975364 0.108265 0.569649 0.149114 0.800964 0.0057646 -0.0548105 -0.0823247 0.0762038 0.0360935 2.04519
8.88341 -1.12334 -1.2359 0.343944 0.514439 0.206174 0.757989 0.226691 0.0721983 0.154691 0.00609418 -0.0582144 3.06778
8.93903 -1.04709 -1.31113 0.352814 0.445536 0.167601 0.805561 0.128775 -0.143994 -0.0449926 -0.18145 -0.198249 0.681728
9.11154 -0.908475 -1.57384 0.269968 0.539273 -0.0682538 0.79476 0.0982996 -0.00995941 -0.121527 0.0989918 -0.0781895 3.06778
9.14152 -0.892637 -1.63021 0.339439 0.490714 -0.00879735 0.802436 0.0308734 -0.0661041 0.160855 -0.124784 -0.00549104 1.02259
9.44865 -0.6981 -1.97178 0.564155 0.403774 -0.0292784 0.71961 0.295869 0.0866 0.130588 -0.0159547 -0.103711 3.06778
9.68566 -0.556436 -2.17051 0.622404 0.373272 -0.0344991 0.687089 0.371329 0.0739799 0.11238 -0.014874 -0.0891712 1.02259
10.0915 -0.33482 -2.46879 0.713591 0.338855 -0.0815183 0.607717 0.276117 -0.056007 0.110115 0.0378767 -0.106796 1.70432
10.1469 -0.306611 -2.50667 0.704445 0.336065 -0.0661279 0.621647 0.152071 -0.364841 -0.0618338 -0.0979636 0.0682239 0.340864
10.1827 -0.286681 -2.5317 0.697189 0.366894 -0.0586761 0.613086 0.13042 -0.0636802 0.0356731 0.101622 0.166044 0.340864
10.3197 -0.155316 -2.60726 0.703076 0.433302 0.237512 0.511393 0.0439587 -0.0363281 0.159948 -0.11014 0.187894 2.38605
10.5953 0.11548 -2.64329 0.80892 0.284045 0.121065 0.50031 0.284032 0.100871 0.0397359 0.0300539 -0.175939 2.38605
10.7646 0.226963 -2.65856 0.755233 0.222486 0.141613 0.600057 0.114572 -0.166137 -0.185347 -0.161739 -0.0714623 1.02259
10.805 0.252335 -2.6619 0.766868 0.257142 0.136917 0.571878 0.16708 0.154435 0.13129 0.189831 0.145686 0.340864
11.2067 0.445134 -2.6344 0.808336 0.0793271 0.168486 0.558491 0.273099 0.0519701 0.0655186 -0.115151 -0.125367 2.04519
11.8126 0.576039 -2.60662 0.857931 0.0732331 -0.00249292 0.508513 0.46013 0.110018 0.0657409 0.174083 -0.113507 1.70432
12.2408 0.614685 -2.65076 0.918139 0.0484926 -0.054293 0.389514 0.175786 -0.209076 0.190161 0.0596576 -0.0771427 1.36346
12.3448 0.619591 -2.66396 0.93583 0.0415192 -0.0450842 0.347083 0.132661 -0.0634191 0.135099 -0.0296407 -0.0175867 0.681728
12.8058 0.622888 -2.68024 0.86778 -0.0153252 0.00916607 0.496627 0.255386 0.0515653 -0.138478 -0.0622265 -0.0209562 2.38605
13.0165 0.605616 -2.6615 0.872271 -0.0941 0.0272721 0.479108 0.369496 0.167808 0.0526399 -0.16213 -0.174134 0.681728
13.2756 0.579423 -2.61684 0.885073 -0.069836 0.083583 0.45253 0.148934 -0.216237 0.0458326 -0.0777958 0.0982588 1.02259
13.8276 0.607986 -2.38198 0.741905 -0.112081 0.248086 0.612754 0.35852 0.0880613 -0.182587 -0.140834 0.0116266 2.38605
14.0154 0.6383 -2.27995 0.74894 -0.0861965 0.219995 0.619081 0.27643 -0.120721 -0.0107575 0.115197 0.00355824 0.681728
14.0675 0.646734 -2.25508 0.738671 -0.0806834 0.208655 0.63586 0.0668919 -0.616288 -0.112712 0.0652584 -0.0439311 0.340864
14.6481 0.842716 -1.82541 0.625145 -0.136316 0.37471 0.670973 0.486089 0.154116 -0.0740195 -0.132527 0.0355652 2.72691
14.905 0.944172 -1.52899 0.651011 -0.268651 0.394958 0.589932 0.111795 -0.275216 0.169601 -0.151823 -0.0520562 1.36346
14.9349 0.951182 -1.47731 0.634001 -0.297332 0.436814 0.56465 0.0651854 -0.0685442 0.0191511 -0.169742 0.0336556 0.681728
14.9574 0.953555 -1.42758 0.649087 -0.357073 0.425662 0.519613 0.0956482 0.0447983 0.195734 -0.0985219 -0.0589236 0.681728
14.9651 0.952571 -1.40968 0.663828 -0.375547 0.389492 0.516326 0.0191747 -0.224922 0.179893 0.111679 -0.141946 0.340864
14.9812 0.937733 -1.34897 0.614733 -0.532368 0.393931 0.428377 0.0571526 0.02234 0.109396 -0.161014 -0.101757 1.70432
14.9876 0.8932 -1.24583 0.603202 -0.600769 0.367944 0.373954 0.163769 0.104526 0.136066 -0.0919766 -0.0743815 1.02259
14.9782 0.803545 -1.06854 0.569019 -0.635138 0.380004 0.358348 0.226381 0.0613841 0.00398467 -0.0825464 -0.0608422 1.02259
14.9741 0.774676 -1.01311 0.593029 -0.620457 0.361612 0.364125 0.142119 -0.24783 0.0671832 0.167792 0.0871801 0.340864
14.9861 0.64547 -0.811622 0.629507 -0.624069 0.192177 0.421102 0.059814 -0.0345819 0.0726115 0.124817 -0.0522299 2.38605
14.9908 0.62399 -0.788716 0.661093 -0.64331 0.113816 0.368991 0.00251833 -0.0561722 0.193869 0.0290211 -0.0302157 1.02259
