7.10146 1.6745 2.7426 0.435272 0.336418 0.178981 0.815676 0.0125337 0 0 0 0 0
7.11454 1.68592 2.73567 0.430836 0.330779 0.209515 0.813062 0.0974244 0.249678 0.0517803 -0.104751 0.143618 0.340864
7.1449 1.71144 2.71968 0.420176 0.325418 0.179841 0.827776 0.154143 0.16682 -0.139437 0.00779712 -0.152933 0.340864
7.1907 1.74502 2.69471 0.408995 0.319653 0.149944 0.841464 0.210862 0.16682 -0.139437 0.00779712 -0.152933 0.340864
7.25279 1.78429 2.65986 0.397307 0.313493 0.119861 0.85411 0.267581 0.16682 -0.139437 0.00779712 -0.152933 0.340864
7.33185 1.82675 2.61438 0.385126 0.306944 0.0896294 0.865696 0.324299 0.16682 -0.139437 0.00779712 -0.152933 0.340864
7.41815 1.86681 2.56721 0.396032 0.280775 0.0802088 0.870569 0.30051 -0.0699689 0.041295 -0.114984 -0.129538 0.340864
7.50107 1.90083 2.5273 0.406576 0.254349 0.0707148 0.874644 0.276721 -0.0699689 0.041295 -0.114984 -0.129538 0.340864
7.57984 1.92912 2.49412 0.416747 0.22769 0.061156 0.877917 0.252931 -0.0699689 0.041295 -0.114984 -0.129538 0.340864
7.65372 1.95207 2.46711 0.426537 0.200822 0.0515412 0.880387 0.229142 -0.0699689 0.041295 -0.114984 -0.129538 0.340864
7.72205 1.97011 2.44567 0.435935 0.17377 0.0418791 0.882049 0.205352 -0.0699689 0.041295 -0.114984 -0.129538 0.340864
7.78425 1.98371 2.42919 0.444934 0.146559 0.0321787 0.882903 0.181563 -0.0699689 0.041295 -0.114984 -0.129538 0.340864
7.83979 1.99341 2.41704 0.453525 0.119214 0.0224488 0.882949 0.157774 -0.0699689 0.041295 -0.114984 -0.129538 0.340864
7.88824 1.99976 2.40858 0.461701 0.0917596 0.0126983 0.882185 0.133984 -0.0699689 0.041295 -0.114984 -0.129538 0.340864
7.93838 2.0068 2.39932 0.435 0.130179 0.0281092 0.890527 0.168843 0.102526 -0.155832 0.151083 0.198187 0.340864
7.99869 2.01885 2.38427 0.407213 0.168274 0.04345 0.896646 0.203702 0.102526 -0.155832 0.151083 0.198187 0.340864
8.06816 2.03685 2.36193 0.37841 0.205948 0.0586823 0.900526 0.238561 0.102526 -0.155832 0.151083 0.198187 0.340864
8.14559 2.06148 2.33081 0.348662 0.243109 0.0737682 0.902159 0.27342 0.102526 -0.155832 0.151083 0.198187 0.340864
8.22959 2.09323 2.28946 0.318044 0.279662 0.0886699 0.90154 0.308279 0.102526 -0.155832 0.151083 0.198187 0.340864
8.31859 2.13232 2.23647 0.286632 0.315518 0.10335 0.898671 0.343138 0.102526 -0.155832 0.151083 0.198187 0.340864
8.41089 2.17872 2.17054 0.254504 0.350586 0.117773 0.893558 0.377997 0.102526 -0.155832 0.151083 0.198187 0.340864
8.50469 2.23215 2.09046 0.221741 0.384779 0.131901 0.886216 0.412855 0.102526 -0.155832 0.151083 0.198187 0.340864
8.5981 2.29203 1.99517 0.188425 0.418011 0.1457 0.876661 0.447714 0.102526 -0.155832 0.151083 0.198187 0.340864
8.69358 2.3536 1.89298 0.196842 0.402257 0.132428 0.884254 0.45124 0.0103688 0.0158574 -0.0779976 -0.113122 0.340864
8.79484 2.4124 1.79293 0.205151 0.38628 0.119082 0.891359 0.454765 0.0103688 0.0158574 -0.0779976 -0.113122 0.340864
8.90172 2.46818 1.69519 0.213345 0.370089 0.10567 0.897971 0.45829 0.0103688 0.0158574 -0.0779976 -0.113122 0.340864
9.01409 2.52067 1.5999 0.221422 0.353694 0.0922003 0.904086 0.461816 0.0103688 0.0158574 -0.0779976 -0.113122 0.340864
9.13179 2.56964 1.50722 0.229377 0.337103 0.0786792 0.909702 0.465341 0.0103688 0.0158574 -0.0779976 -0.113122 0.340864
9.25463 2.61482 1.4173 0.237205 0.320326 0.0651147 0.914814 0.468867 0.0103688 0.0158574 -0.0779976 -0.113122 0.340864
9.38242 2.65599 1.33026 0.244901 0.303372 0.0515142 0.919421 0.472392 0.0103688 0.0158574 -0.0779976 -0.113122 0.340864
9.51382 2.69294 1.24504 0.217301 0.294133 0.0474294 0.929525 0.474235 0.00541921 -0.168343 -0.0704898 0.0107914 0.340864
9.64765 2.72566 1.16067 0.189491 0.28461 0.0432987 0.938731 0.476077 0.00541921 -0.168343 -0.0704898 0.0107914 0.340864
9.78389 2.7542 1.07747 0.161498 0.274811 0.0391263 0.94703 0.47792 0.00541921 -0.168343 -0.0704898 0.0107914 0.340864
9.92255 2.77862 0.995724 0.133349 0.264748 0.034916 0.954415 0.479762 0.00541921 -0.168343 -0.0704898 0.0107914 0.340864
10.0636 2.79901 0.915738 0.105071 0.254428 0.0306721 0.960877 0.481605 0.00541921 -0.168343 -0.0704898 0.0107914 0.340864
10.207 2.81547 0.837805 0.0766921 0.243863 0.0263985 0.966412 0.483447 0.00541921 -0.168343 -0.0704898 0.0107914 0.340864
10.3528 2.82812 0.762212 0.0482388 0.233063 0.0220994 0.971013 0.48529 0.00541921 -0.168343 -0.0704898 0.0107914 0.340864
10.5008 2.8371 0.68924 0.0197389 0.222037 0.017779 0.974676 0.487132 0.00541921 -0.168343 -0.0704898 0.0107914 0.340864
10.6511 2.84256 0.61916 -0.00878012 0.210797 0.0134414 0.977398 0.488975 0.00541921 -0.168343 -0.0704898 0.0107914 0.340864
10.8036 2.84466 0.552234 -0.0372906 0.199353 0.00909076 0.979176 0.490817 0.00541921 -0.168343 -0.0704898 0.0107914 0.340864
10.9467 2.84011 0.490393 -0.0368125 0.206623 -0.0243579 0.977424 0.426524 -0.189098 -0.0372504 0.0366231 -0.19476 0.340864
11.0685 2.82742 0.435804 -0.0362911 0.21365 -0.057778 0.974525 0.36223 -0.189098 -0.0372504 0.0366231 -0.19476 0.340864
11.1689 2.80953 0.389037 -0.0357271 0.220426 -0.0911302 0.97048 0.297937 -0.189098 -0.0372504 0.0366231 -0.19476 0.340864
11.2481 2.78936 0.350605 -0.0351211 0.226943 -0.124375 0.965295 0.233643 -0.189098 -0.0372504 0.0366231 -0.19476 0.340864
11.3164 2.7684 0.316156 -0.0491047 0.235236 -0.129822 0.961977 0.23255 -0.0032146 -0.0812946 0.060627 -0.016399 0.340864
11.3834 2.74621 0.281072 -0.0630733 0.243457 -0.135228 0.958365 0.231458 -0.0032146 -0.0812946 0.060627 -0.016399 0.340864
11.4493 2.72277 0.245416 -0.0770227 0.251604 -0.140594 0.954461 0.230365 -0.0032146 -0.0812946 0.060627 -0.016399 0.340864
11.5447 2.68855 0.189135 -0.0946998 0.280057 -0.123011 0.947348 0.451267 0.649712 -0.0529294 0.192907 0.106134 0.340864
11.6572 2.64882 0.113276 -0.0637688 0.309733 -0.125006 0.940411 0.380713 -0.20751 0.186747 0.153361 -0.0836555 0.340864
11.7463 2.61744 0.0434965 -0.0327174 0.338825 -0.126766 0.931696 0.310159 -0.20751 0.186747 0.153361 -0.0836555 0.340864
11.8371 2.58709 -0.0363026 -0.0325462 0.357687 -0.11161 0.926576 0.422993 0.331862 0.0442298 0.116384 0.0752816 0.340864
11.9399 2.5558 -0.125963 -0.00649179 0.334794 -0.113751 0.935378 0.400396 -0.0664602 0.124186 -0.160845 -0.0563391 0.340864
12.041 2.52782 -0.206493 0.019571 0.311471 -0.115746 0.942977 0.3778 -0.0664602 0.124186 -0.160845 -0.0563391 0.340864
12.1398 2.50271 -0.278126 0.0456086 0.287748 -0.117592 0.949365 0.355203 -0.0664602 0.124186 -0.160845 -0.0563391 0.340864
12.2357 2.4801 -0.341161 0.0715876 0.263655 -0.119286 0.954532 0.332607 -0.0664602 0.124186 -0.160845 -0.0563391 0.340864
12.3279 2.45964 -0.39596 0.0974747 0.239223 -0.120828 0.958474 0.31001 -0.0664602 0.124186 -0.160845 -0.0563391 0.340864
12.416 2.44101 -0.442948 0.123236 0.214484 -0.122214 0.961183 0.287414 -0.0664602 0.124186 -0.160845 -0.0563391 0.340864
12.4994 2.42397 -0.482598 0.14884 0.189469 -0.123444 0.962658 0.264817 -0.0664602 0.124186 -0.160845 -0.0563391 0.340864
