0 0 0 0 0 0 1 4.68385e-310 0 0 0 0 0
0.00405722 -6.94072e-05 -0.000103281 -0.0109537 0.0191891 -0.0126678 0.999676 0.0238786 0.0702312 -0.0644405 0.112889 -0.0745246 0.340864
0.0162031 -0.000561651 -0.000821102 -0.0219003 0.0383657 -0.0253274 0.998703 0.0477572 0.0702312 -0.0644405 0.112889 -0.0745246 0.340864
0.0363606 -0.00191615 -0.00275241 -0.0328327 0.0575174 -0.0379706 0.997082 0.0716358 0.0702312 -0.0644405 0.112889 -0.0745246 0.340864
0.0644015 -0.00458837 -0.00647633 -0.0437437 0.0766318 -0.0505891 0.994814 0.0955144 0.0702312 -0.0644405 0.112889 -0.0745246 0.340864
0.104416 -0.00935055 -0.0118904 -0.0135686 0.061232 -0.0623673 0.996081 0.143666 0.141622 0.16705 -0.10272 -0.078204 0.340864
0.160587 -0.0171253 -0.0179482 0.0166239 0.0457534 -0.0740653 0.996065 0.191817 0.141622 0.16705 -0.10272 -0.078204 0.340864
0.232836 -0.0286571 -0.0238419 0.0467951 0.0302158 -0.0856678 0.994765 0.239969 0.141622 0.16705 -0.10272 -0.078204 0.340864
0.32101 -0.0447557 -0.0288316 0.076906 0.0146393 -0.09716 0.992185 0.28812 0.141622 0.16705 -0.10272 -0.078204 0.340864
0.424889 -0.0662875 -0.0322535 0.106918 -0.000956012 -0.108527 0.988327 0.336271 0.141622 0.16705 -0.10272 -0.078204 0.340864
0.54418 -0.094168 -0.0335273 0.136792 -0.0165501 -0.119754 0.983195 0.384423 0.141622 0.16705 -0.10272 -0.078204 0.340864
0.668792 -0.126719 -0.0378165 0.151708 0.0128137 -0.137223 0.97877 0.373769 -0.0313349 0.11224 0.172985 -0.0790859 0.340864
0.788521 -0.161276 -0.050334 0.16641 0.0421595 -0.154498 0.972965 0.363115 -0.0313349 0.11224 0.172985 -0.0790859 0.340864
0.902899 -0.197317 -0.0706035 0.180878 0.0714459 -0.171556 0.965788 0.352461 -0.0313349 0.11224 0.172985 -0.0790859 0.340864
1.01151 -0.234338 -0.0981035 0.195091 0.100632 -0.188371 0.957251 0.341807 -0.0313349 0.11224 0.172985 -0.0790859 0.340864
1.11402 -0.271857 -0.132274 0.209028 0.129675 -0.204921 0.947364 0.331154 -0.0313349 0.11224 0.172985 -0.0790859 0.340864
1.21013 -0.309415 -0.17252 0.222672 0.158536 -0.221183 0.936142 0.3205 -0.0313349 0.11224 0.172985 -0.0790859 0.340864
1.28553 -0.341895 -0.210349 0.2179 0.181896 -0.246166 0.926734 0.211361 -0.320997 -0.00686097 0.176379 -0.114794 0.340864
1.32785 -0.362752 -0.235149 0.212849 0.205023 -0.270834 0.916139 0.102222 -0.320997 -0.00686097 0.176379 -0.114794 0.340864
1.3568 -0.378053 -0.253687 0.229389 0.202312 -0.272459 0.912259 0.119154 0.0498017 0.0877191 -0.0342455 -0.0382836 0.340864
1.39021 -0.395491 -0.275195 0.245861 0.199542 -0.274003 0.908107 0.136087 0.0498017 0.0877191 -0.0342455 -0.0382836 0.340864
1.42808 -0.415006 -0.299701 0.262259 0.196711 -0.275466 0.903683 0.153019 0.0498017 0.0877191 -0.0342455 -0.0382836 0.340864
1.47043 -0.436539 -0.327231 0.278579 0.193822 -0.276846 0.89899 0.169952 0.0498017 0.0877191 -0.0342455 -0.0382836 0.340864
1.51726 -0.460031 -0.357808 0.294815 0.190875 -0.278143 0.894029 0.186884 0.0498017 0.0877191 -0.0342455 -0.0382836 0.340864
1.56859 -0.485418 -0.391451 0.310964 0.18787 -0.279357 0.8888 0.203817 0.0498017 0.0877191 -0.0342455 -0.0382836 0.340864
1.62444 -0.512641 -0.428178 0.32702 0.18481 -0.280488 0.883306 0.22075 0.0498017 0.0877191 -0.0342455 -0.0382836 0.340864
1.68483 -0.541635 -0.468002 0.342978 0.181695 -0.281535 0.877548 0.237682 0.0498017 0.0877191 -0.0342455 -0.0382836 0.340864
1.74978 -0.572337 -0.510935 0.358834 0.178525 -0.282498 0.871528 0.254615 0.0498017 0.0877191 -0.0342455 -0.0382836 0.340864
1.81931 -0.604686 -0.556983 0.374582 0.175302 -0.283377 0.865248 0.271547 0.0498017 0.0877191 -0.0342455 -0.0382836 0.340864
1.8951 -0.638593 -0.60811 0.404961 0.178318 -0.282598 0.851086 0.30206 0.0897446 0.191688 -0.022404 -0.0443347 0.340864
1.97885 -0.67363 -0.666401 0.43488 0.181132 -0.2815 0.83596 0.332574 0.0897446 0.191688 -0.022404 -0.0443347 0.340864
2.07058 -0.7092 -0.732008 0.464307 0.18374 -0.280082 0.819886 0.363087 0.0897446 0.191688 -0.022404 -0.0443347 0.340864
2.17036 -0.74469 -0.805027 0.493207 0.186141 -0.278347 0.802883 0.3936 0.0897446 0.191688 -0.022404 -0.0443347 0.340864
2.27824 -0.779474 -0.885497 0.521549 0.18833 -0.276297 0.78497 0.424113 0.0897446 0.191688 -0.022404 -0.0443347 0.340864
2.39429 -0.812921 -0.973397 0.5493 0.190306 -0.273933 0.766168 0.454626 0.0897446 0.191688 -0.022404 -0.0443347 0.340864
2.51863 -0.844397 -1.06865 0.576428 0.192066 -0.27126 0.746498 0.485139 0.0897446 0.191688 -0.022404 -0.0443347 0.340864
2.643 -0.872282 -1.16581 0.574545 0.204701 -0.267774 0.74585 0.457661 -0.0808186 0.0180263 0.0474014 0.0592424 0.340864
2.75913 -0.895626 -1.25934 0.572561 0.2173 -0.264242 0.745071 0.430183 -0.0808186 0.0180263 0.0474014 0.0592424 0.340864
2.86706 -0.914798 -1.34895 0.570476 0.229861 -0.260663 0.744161 0.402704 -0.0808186 0.0180263 0.0474014 0.0592424 0.340864
2.96685 -0.930168 -1.43437 0.568291 0.242381 -0.257038 0.743121 0.375226 -0.0808186 0.0180263 0.0474014 0.0592424 0.340864
3.05855 -0.942104 -1.51532 0.566006 0.254859 -0.253368 0.741949 0.347748 -0.0808186 0.0180263 0.0474014 0.0592424 0.340864
3.14227 -0.950974 -1.59153 0.563622 0.267291 -0.249654 0.740648 0.320269 -0.0808186 0.0180263 0.0474014 0.0592424 0.340864
3.21811 -0.957146 -1.66275 0.561138 0.279677 -0.245895 0.739216 0.292791 -0.0808186 0.0180263 0.0474014 0.0592424 0.340864
3.28619 -0.960983 -1.72872 0.558556 0.292014 -0.242094 0.737654 0.265313 -0.0808186 0.0180263 0.0474014 0.0592424 0.340864
3.35213 -0.964289 -1.79109 0.534662 0.282484 -0.224711 0.764097 0.269014 0.0108852 -0.174323 -0.109891 0.122848 0.340864
3.42145 -0.968464 -1.85157 0.509878 0.272484 -0.206955 0.789269 0.272715 0.0108852 -0.174323 -0.109891 0.122848 0.340864
3.49414 -0.973256 -1.90993 0.484247 0.262031 -0.188854 0.813129 0.276416 0.0108852 -0.174323 -0.109891 0.122848 0.340864
3.57018 -0.978401 -1.96598 0.45781 0.251142 -0.170439 0.835636 0.280117 0.0108852 -0.174323 -0.109891 0.122848 0.340864
3.64951 -0.983619 -2.01955 0.430612 0.239835 -0.151741 0.856754 0.283818 0.0108852 -0.174323 -0.109891 0.122848 0.340864
3.73206 -0.988619 -2.07047 0.402698 0.22813 -0.13279 0.876446 0.287519 0.0108852 -0.174323 -0.109891 0.122848 0.340864
3.81774 -0.993104 -2.1186 0.374114 0.216045 -0.113619 0.894681 0.291219 0.0108852 -0.174323 -0.109891 0.122848 0.340864
3.9019 -0.998753 -2.1655 0.378822 0.223127 -0.137793 0.887537 0.276564 -0.0431044 0.0145183 0.0964124 -0.122412 0.340864
3.97993 -1.00717 -2.21261 0.383263 0.230051 -0.161869 0.879764 0.261908 -0.0431044 0.0145183 0.0964124 -0.122412 0.340864
4.05182 -1.01793 -2.25958 0.387433 0.236812 -0.185831 0.871369 0.247253 -0.0431044 0.0145183 0.0964124 -0.122412 0.340864
4.12364 -1.03253 -2.30643 0.39736 0.205161 -0.205517 0.870504 0.264514 0.0507674 -0.00917169 -0.127047 -0.18786 0.340864
4.20124 -1.05319 -2.35304 0.406695 0.173204 -0.224898 0.868344 0.281775 0.0507674 -0.00917169 -0.127047 -0.18786 0.340864
4.28423 -1.0806 -2.39896 0.415425 0.14099 -0.243943 0.864891 0.299036 0.0507674 -0.00917169 -0.127047 -0.18786 0.340864
4.36542 -1.11123 -2.43855 0.396804 0.10828 -0.240752 0.879125 0.262171 -0.108426 -0.173858 -0.159342 -0.0278335 0.340864
4.43739 -1.14037 -2.46743 0.377536 0.0753934 -0.237168 0.891927 0.225306 -0.108426 -0.173858 -0.159342 -0.0278335 0.340864
4.49944 -1.167 -2.4871 0.357653 0.0423841 -0.233198 0.903275 0.188441 -0.108426 -0.173858 -0.159342 -0.0278335 0.340864
4.55097 -1.19019 -2.49917 0.337188 0.00930582 -0.228847 0.913152 0.151577 -0.108426 -0.173858 -0.159342 -0.0278335 0.340864
4.59158 -1.2092 -2.50535 0.316173 -0.0237877 -0.224124 0.921541 0.114712 -0.108426 -0.173858 -0.159342 -0.0278335 0.340864
4.62834 -1.22598 -2.50993 0.279631 0.00429195 -0.213747 0.936002 0.124558 0.0289584 -0.18949 0.183188 0.12248 0.340864
4.66851 -1.24285 -2.51626 0.242408 0.0323611 -0.202848 0.948179 0.134404 0.0289584 -0.18949 0.183188 0.12248 0.340864
4.71199 -1.25967 -2.52464 0.204592 0.0603512 -0.191454 0.958042 0.14425 0.0289584 -0.18949 0.183188 0.12248 0.340864
4.7916 -1.28906 -2.54289 0.228756 0.0703865 -0.193263 0.951507 0.36637 0.653294 0.15472 0.0338428 -0.0140601 0.340864
4.90284 -1.33177 -2.56675 0.207444 0.0448989 -0.201634 0.956188 0.34857 -0.0523522 -0.158055 -0.109124 -0.0670179 0.340864
5.0083 -1.37581 -2.58322 0.185884 0.0193576 -0.209764 0.959725 0.33077 -0.0523522 -0.158055 -0.109124 -0.0670179 0.340864
5.10772 -1.42049 -2.59282 0.164102 -0.00620689 -0.217643 0.962114 0.31297 -0.0523522 -0.158055 -0.109124 -0.0670179 0.340864
5.20088 -1.46516 -2.59608 0.142124 -0.0317639 -0.225261 0.963353 0.295171 -0.0523522 -0.158055 -0.109124 -0.0670179 0.340864
5.28761 -1.50922 -2.59359 0.119975 -0.057283 -0.232611 0.96344 0.277371 -0.0523522 -0.158055 -0.109124 -0.0670179 0.340864
5.36781 -1.55211 -2.586 0.0976836 -0.0827336 -0.239682 0.962375 0.259571 -0.0523522 -0.158055 -0.109124 -0.0670179 0.340864
5.44141 -1.59334 -2.57398 0.075275 -0.108085 -0.246466 0.960159 0.241771 -0.0523522 -0.158055 -0.109124 -0.0670179 0.340864
5.50813 -1.6302 -2.55945 0.108152 -0.132168 -0.224902 0.959299 0.214672 -0.0797051 0.137491 -0.193848 0.130832 0.340864
5.56739 -1.66071 -2.54424 0.140798 -0.155969 -0.20286 0.956398 0.187572 -0.0797051 0.137491 -0.193848 0.130832 0.340864
5.61887 -1.6855 -2.52888 0.173145 -0.179439 -0.180386 0.951464 0.160472 -0.0797051 0.137491 -0.193848 0.130832 0.340864
5.66232 -1.70514 -2.51401 0.205124 -0.202528 -0.157528 0.944506 0.133372 -0.0797051 0.137491 -0.193848 0.130832 0.340864
5.69759 -1.7202 -2.50028 0.236667 -0.225185 -0.134336 0.93554 0.106273 -0.0797051 0.137491 -0.193848 0.130832 0.340864
5.72465 -1.73117 -2.48839 0.267706 -0.247364 -0.110858 0.924584 0.0791728 -0.0797051 0.137491 -0.193848 0.130832 0.340864
5.76812 -1.74921 -2.4668 0.288846 -0.270806 -0.109744 0.911695 0.22548 0.430314 0.118385 -0.161816 -0.00850195 0.340864
5.85093 -1.78652 -2.42142 0.30965 -0.293932 -0.108502 0.897746 0.371787 0.430314 0.118385 -0.161816 -0.00850195 0.340864
5.95725 -1.83405 -2.3629 0.332776 -0.278878 -0.0930267 0.89601 0.394932 0.0680739 0.10816 0.0335532 0.148047 0.340864
6.07312 -1.88091 -2.30393 0.355569 -0.263544 -0.0774577 0.893373 0.418077 0.0680739 0.10816 0.0335532 0.148047 0.340864
6.19867 -1.92644 -2.24476 0.378004 -0.247945 -0.061811 0.88984 0.441222 0.0680739 0.10816 0.0335532 0.148047 0.340864
6.33398 -1.96992 -2.18562 0.40006 -0.232097 -0.0461022 0.885414 0.464367 0.0680739 0.10816 0.0335532 0.148047 0.340864
6.46962 -2.01482 -2.13188 0.394863 -0.222057 -0.0822836 0.887696 0.433752 -0.090045 0.0196876 0.141998 -0.171334 0.340864
6.59014 -2.05803 -2.0864 0.404332 -0.226817 -0.0741663 0.882932 0.365478 -0.200804 0.0476026 -0.054521 0.0413931 0.340864
6.68985 -2.09307 -2.04742 0.413719 -0.231533 -0.066034 0.877991 0.297205 -0.200804 0.0476026 -0.054521 0.0413931 0.340864
6.76883 -2.12029 -2.01545 0.423024 -0.236201 -0.0578884 0.872874 0.228931 -0.200804 0.0476026 -0.054521 0.0413931 0.340864
6.84483 -2.14371 -1.98605 0.428158 -0.208743 -0.0418834 0.878267 0.269926 0.120572 5.17563e-05 0.106922 0.159502 0.340864
6.93586 -2.16611 -1.95507 0.432835 -0.181063 -0.0258338 0.882724 0.31092 0.120572 5.17563e-05 0.106922 0.159502 0.340864
7.04218 -2.18598 -1.92353 0.437052 -0.15319 -0.00975663 0.886241 0.351915 0.120572 5.17563e-05 0.106922 0.159502 0.340864
7.16389 -2.20177 -1.89248 0.440802 -0.125153 0.00633091 0.888814 0.39291 0.120572 5.17563e-05 0.106922 0.159502 0.340864
7.30091 -2.21193 -1.86295 0.444083 -0.0969831 0.0224117 0.890439 0.433904 0.120572 5.17563e-05 0.106922 0.159502 0.340864
7.43689 -2.21571 -1.83788 0.430443 -0.0782149 0.0331643 0.898611 0.37988 -0.158896 -0.101414 0.0730892 0.0965007 0.340864
7.55536 -2.21442 -1.81903 0.416492 -0.0593904 0.043893 0.906135 0.325855 -0.158896 -0.101414 0.0730892 0.0965007 0.340864
7.65596 -2.20953 -1.80566 0.402241 -0.040523 0.0545901 0.913006 0.27183 -0.158896 -0.101414 0.0730892 0.0965007 0.340864
7.73843 -2.2025 -1.79694 0.3877 -0.0216265 0.0652478 0.919219 0.217806 -0.158896 -0.101414 0.0730892 0.0965007 0.340864
7.80263 -2.19471 -1.79197 0.37288 -0.00271435 0.0758586 0.924769 0.163781 -0.158896 -0.101414 0.0730892 0.0965007 0.340864
7.84852 -2.18754 -1.78975 0.357791 0.0161997 0.0864146 0.929653 0.109757 -0.158896 -0.101414 0.0730892 0.0965007 0.340864
7.87615 -2.18228 -1.78924 0.342445 0.0351022 0.0969084 0.933867 0.055732 -0.158896 -0.101414 0.0730892 0.0965007 0.340864
7.88568 -2.18017 -1.78934 0.326851 0.0539793 0.107332 0.937408 0.00170738 -0.158896 -0.101414 0.0730892 0.0965007 0.340864
7.92331 -2.17033 -1.7916 0.35038 0.0804102 0.110468 0.926588 0.227469 0.664005 0.134887 0.158043 0.0674847 0.340864
7.99521 -2.15126 -1.79888 0.333531 0.101013 0.0971908 0.932259 0.212252 -0.044757 -0.123214 0.12605 -0.025623 0.340864
8.06192 -2.13445 -1.80923 0.316376 0.121524 0.0838245 0.937076 0.197034 -0.044757 -0.123214 0.12605 -0.025623 0.340864
8.12332 -2.1199 -1.82209 0.298931 0.141923 0.0703814 0.941034 0.181817 -0.044757 -0.123214 0.12605 -0.025623 0.340864
8.17933 -2.10756 -1.83686 0.281212 0.162192 0.0568737 0.944129 0.1666 -0.044757 -0.123214 0.12605 -0.025623 0.340864
8.22991 -2.09737 -1.85297 0.263235 0.182312 0.0433138 0.946358 0.151382 -0.044757 -0.123214 0.12605 -0.025623 0.340864
8.27505 -2.0892 -1.86985 0.245016 0.202265 0.0297143 0.94772 0.136165 -0.044757 -0.123214 0.12605 -0.025623 0.340864
8.31478 -2.08292 -1.88694 0.226573 0.222033 0.0160875 0.948213 0.120947 -0.044757 -0.123214 0.12605 -0.025623 0.340864
8.34917 -2.07835 -1.9037 0.207923 0.241597 0.00244597 0.947836 0.10573 -0.044757 -0.123214 0.12605 -0.025623 0.340864
8.37832 -2.07529 -1.91962 0.189081 0.26094 -0.0111978 0.94659 0.0905126 -0.044757 -0.123214 0.12605 -0.025623 0.340864
8.40237 -2.0735 -1.93421 0.170067 0.280043 -0.0248313 0.944477 0.0752953 -0.044757 -0.123214 0.12605 -0.025623 0.340864
8.44292 -2.07238 -1.96019 0.188337 0.276961 -0.0528309 0.940761 0.208089 0.39057 0.0586629 0.014341 -0.189319 0.340864
8.52124 -2.07411 -2.0109 0.206393 0.273562 -0.0807701 0.935971 0.340883 0.39057 0.0586629 0.014341 -0.189319 0.340864
8.62391 -2.07804 -2.07567 0.225501 0.259955 -0.07702 0.935757 0.373573 0.0961476 0.105043 -0.0882111 -0.0267254 0.340864
8.73364 -2.08311 -2.1417 0.230379 0.249981 -0.0893067 0.936194 0.380408 0.0201012 0.00296347 -0.0414832 -0.0881265 0.340864
8.8461 -2.09155 -2.20737 0.235194 0.239939 -0.101569 0.936374 0.387242 0.0201012 0.00296347 -0.0414832 -0.0881265 0.340864
8.96118 -2.10352 -2.27259 0.239944 0.22983 -0.113803 0.936298 0.394076 0.0201012 0.00296347 -0.0414832 -0.0881265 0.340864
9.07878 -2.11915 -2.33731 0.244628 0.219659 -0.126006 0.935964 0.400911 0.0201012 0.00296347 -0.0414832 -0.0881265 0.340864
9.1988 -2.13857 -2.40147 0.249246 0.209427 -0.138175 0.935374 0.407745 0.0201012 0.00296347 -0.0414832 -0.0881265 0.340864
9.3211 -2.16191 -2.46502 0.253794 0.199138 -0.150305 0.934527 0.41458 0.0201012 0.00296347 -0.0414832 -0.0881265 0.340864
9.44557 -2.18931 -2.52789 0.258274 0.188795 -0.162395 0.933423 0.421414 0.0201012 0.00296347 -0.0414832 -0.0881265 0.340864
9.57207 -2.22089 -2.59004 0.262682 0.178399 -0.174439 0.932064 0.428249 0.0201012 0.00296347 -0.0414832 -0.0881265 0.340864
9.70047 -2.25675 -2.65141 0.267018 0.167954 -0.186436 0.930448 0.435083 0.0201012 0.00296347 -0.0414832 -0.0881265 0.340864
9.8284 -2.28852 -2.70956 0.297108 0.163782 -0.150906 0.928509 0.412609 -0.0660994 0.198333 -0.109767 0.156112 0.340864
9.95287 -2.30846 -2.76173 0.326547 0.159251 -0.115046 0.924538 0.390135 -0.0660994 0.198333 -0.109767 0.156112 0.340864
10.0729 -2.31777 -2.8075 0.355272 0.154371 -0.078934 0.918543 0.367662 -0.0660994 0.198333 -0.109767 0.156112 0.340864
10.1932 -2.32064 -2.84649 0.352778 0.128759 -0.0544556 0.925205 0.376747 0.0267231 -0.017068 -0.19448 0.084112 0.340864
10.3189 -2.32022 -2.8782 0.349823 0.102978 -0.029906 0.930658 0.385833 0.0267231 -0.017068 -0.19448 0.084112 0.340864
10.4494 -2.31625 -2.90211 0.346411 0.0770625 -0.00531742 0.934897 0.394919 0.0267231 -0.017068 -0.19448 0.084112 0.340864
10.579 -2.31109 -2.91721 0.338774 0.0449887 0.00272959 0.939787 0.373794 -0.0621332 -0.0493272 -0.1948 -0.0174923 0.340864
10.7023 -2.30712 -2.92342 0.330739 0.012862 0.0107734 0.943573 0.352669 -0.0621332 -0.0493272 -0.1948 -0.0174923 0.340864
10.8185 -2.3041 -2.92163 0.322316 -0.0192799 0.0188045 0.946249 0.331543 -0.0621332 -0.0493272 -0.1948 -0.0174923 0.340864
10.9273 -2.30183 -2.91278 0.313513 -0.0513991 0.0268135 0.947813 0.310418 -0.0621332 -0.0493272 -0.1948 -0.0174923 0.340864
11.0281 -2.30012 -2.89785 0.304342 -0.0834578 0.034791 0.948262 0.289293 -0.0621332 -0.0493272 -0.1948 -0.0174923 0.340864
11.1207 -2.29879 -2.87782 0.294812 -0.115418 0.0427276 0.947596 0.268167 -0.0621332 -0.0493272 -0.1948 -0.0174923 0.340864
11.1753 -2.29898 -2.86342 0.283864 -0.1355 0.0258684 0.94889 0.063965 -0.600595 -0.0467866 -0.0845817 -0.136576 0.340864
11.2121 -2.30084 -2.8536 0.289265 -0.128223 0.00524911 0.948608 0.160409 0.28366 0.0459511 0.0756478 -0.0986014 0.340864
11.2808 -2.30678 -2.83713 0.29452 -0.120882 -0.0153729 0.947845 0.256854 0.28366 0.0459511 0.0756478 -0.0986014 0.340864
11.3816 -2.31914 -2.81576 0.299625 -0.113479 -0.0359871 0.9466 0.353298 0.28366 0.0459511 0.0756478 -0.0986014 0.340864
11.5142 -2.34024 -2.79131 0.304578 -0.106019 -0.056583 0.944876 0.449742 0.28366 0.0459511 0.0756478 -0.0986014 0.340864
11.6132 -2.36094 -2.77425 0.329874 -0.120115 -0.0881064 0.932198 0.153991 -0.869857 0.178341 -0.0382114 -0.188973 0.340864
11.6621 -2.37219 -2.76606 0.343739 -0.108678 -0.0663375 0.930393 0.145066 -0.0262486 0.0700873 0.0120189 0.150446 0.340864
11.7086 -2.38057 -2.75877 0.35733 -0.0971529 -0.0445155 0.927844 0.136142 -0.0262486 0.0700873 0.0120189 0.150446 0.340864
11.7525 -2.38635 -2.75228 0.370634 -0.0855504 -0.0226579 0.924553 0.127217 -0.0262486 0.0700873 0.0120189 0.150446 0.340864
11.7937 -2.38977 -2.74651 0.383641 -0.0738795 -0.000782202 0.920522 0.118293 -0.0262486 0.0700873 0.0120189 0.150446 0.340864
11.8321 -2.39111 -2.74136 0.396342 -0.0621494 0.0210941 0.915754 0.109368 -0.0262486 0.0700873 0.0120189 0.150446 0.340864
11.8747 -2.3909 -2.73503 0.406338 -0.0701163 0.0418452 0.910067 0.144504 0.103342 0.0605146 -0.092144 0.0975774 0.340864
11.9289 -2.38901 -2.72522 0.41608 -0.0780393 0.06257 0.90381 0.17964 0.103342 0.0605146 -0.092144 0.0975774 0.340864
11.9944 -2.3848 -2.71117 0.425561 -0.0859135 0.0832556 0.896987 0.214776 0.103342 0.0605146 -0.092144 0.0975774 0.340864
12.0707 -2.37768 -2.6921 0.434775 -0.0937338 0.103889 0.889602 0.249913 0.103342 0.0605146 -0.092144 0.0975774 0.340864
12.1575 -2.36706 -2.66722 0.443717 -0.101495 0.124458 0.88166 0.285049 0.103342 0.0605146 -0.092144 0.0975774 0.340864
12.2543 -2.35243 -2.63574 0.452382 -0.109193 0.144948 0.873165 0.320185 0.103342 0.0605146 -0.092144 0.0975774 0.340864
12.3607 -2.33331 -2.59689 0.460762 -0.116823 0.165348 0.864124 0.355321 0.103342 0.0605146 -0.092144 0.0975774 0.340864
12.4759 -2.30926 -2.54989 0.468855 -0.12438 0.185644 0.854542 0.390457 0.103342 0.0605146 -0.092144 0.0975774 0.340864
12.5995 -2.27992 -2.49398 0.476653 -0.131858 0.205824 0.844424 0.425593 0.103342 0.0605146 -0.092144 0.0975774 0.340864
12.7238 -2.24899 -2.4338 0.461575 -0.142822 0.203603 0.851526 0.407365 -0.0536112 -0.0798191 -0.0609871 -0.0620708 0.340864
12.8422 -2.22034 -2.37458 0.44631 -0.153729 0.2013 0.858285 0.389138 -0.0536112 -0.0798191 -0.0609871 -0.0620708 0.340864
12.9545 -2.19382 -2.31647 0.430866 -0.164574 0.198916 0.864698 0.37091 -0.0536112 -0.0798191 -0.0609871 -0.0620708 0.340864
13.0608 -2.1693 -2.25961 0.415248 -0.175353 0.196452 0.870762 0.352682 -0.0536112 -0.0798191 -0.0609871 -0.0620708 0.340864
13.1611 -2.14665 -2.20416 0.399463 -0.18606 0.193909 0.876476 0.334454 -0.0536112 -0.0798191 -0.0609871 -0.0620708 0.340864
13.2554 -2.12576 -2.15025 0.383516 -0.196693 0.191288 0.881837 0.316226 -0.0536112 -0.0798191 -0.0609871 -0.0620708 0.340864
13.3438 -2.10652 -2.09806 0.367416 -0.207247 0.18859 0.886842 0.297998 -0.0536112 -0.0798191 -0.0609871 -0.0620708 0.340864
13.4262 -2.08881 -2.04774 0.351167 -0.217717 0.185815 0.89149 0.279771 -0.0536112 -0.0798191 -0.0609871 -0.0620708 0.340864
13.5028 -2.07255 -1.99944 0.334776 -0.228099 0.182966 0.895778 0.261543 -0.0536112 -0.0798191 -0.0609871 -0.0620708 0.340864
13.5761 -2.05559 -1.95273 0.358582 -0.213682 0.204107 0.885494 0.258957 -0.00760602 0.101834 0.04617 0.182842 0.340864
13.6481 -2.0359 -1.90698 0.381913 -0.198981 0.224977 0.874034 0.256371 -0.00760602 0.101834 0.04617 0.182842 0.340864
13.7189 -2.01355 -1.86209 0.404736 -0.184015 0.245549 0.861413 0.253785 -0.00760602 0.101834 0.04617 0.182842 0.340864
13.7881 -1.98863 -1.81793 0.427022 -0.168806 0.265795 0.84765 0.251199 -0.00760602 0.101834 0.04617 0.182842 0.340864
13.8558 -1.96125 -1.7744 0.448741 -0.153372 0.285687 0.832761 0.248613 -0.00760602 0.101834 0.04617 0.182842 0.340864
13.9216 -1.9315 -1.73137 0.469865 -0.137735 0.305201 0.816767 0.246027 -0.00760602 0.101834 0.04617 0.182842 0.340864
13.9855 -1.89954 -1.68874 0.490365 -0.121915 0.324309 0.799689 0.243441 -0.00760602 0.101834 0.04617 0.182842 0.340864
14.0474 -1.86807 -1.64666 0.488543 -0.133963 0.315771 0.80229 0.234196 -0.0271911 0.0130346 -0.033656 -0.0811883 0.340864
14.1073 -1.83965 -1.60539 0.486609 -0.14598 0.30716 0.804707 0.224951 -0.0271911 0.0130346 -0.033656 -0.0811883 0.340864
14.165 -1.81414 -1.56501 0.484565 -0.157964 0.29848 0.806941 0.215706 -0.0271911 0.0130346 -0.033656 -0.0811883 0.340864
14.2205 -1.7914 -1.52559 0.48241 -0.169912 0.289731 0.808991 0.206461 -0.0271911 0.0130346 -0.033656 -0.0811883 0.340864
14.2627 -1.77381 -1.49394 0.483822 -0.176988 0.31366 0.797627 0.120827 -0.251865 0.0271142 -0.11054 0.114586 0.340864
14.295 -1.75767 -1.46888 0.462025 -0.1509 0.336124 0.806711 0.137834 0.0500222 -0.199702 0.0277184 0.140236 0.340864
14.3309 -1.73582 -1.44222 0.439423 -0.124548 0.358003 0.814389 0.154842 0.0500222 -0.199702 0.0277184 0.140236 0.340864
14.3699 -1.7076 -1.41462 0.416055 -0.0979802 0.379257 0.820648 0.171849 0.0500222 -0.199702 0.0277184 0.140236 0.340864
14.4117 -1.67243 -1.3868 0.391962 -0.0712413 0.399851 0.825476 0.188857 0.0500222 -0.199702 0.0277184 0.140236 0.340864
14.4558 -1.62985 -1.35953 0.367185 -0.0443782 0.419748 0.828865 0.205864 0.0500222 -0.199702 0.0277184 0.140236 0.340864
14.5016 -1.57948 -1.33363 0.341769 -0.0174377 0.438913 0.83081 0.222872 0.0500222 -0.199702 0.0277184 0.140236 0.340864
14.5487 -1.52106 -1.30996 0.315757 0.00953314 0.457313 0.831307 0.239879 0.0500222 -0.199702 0.0277184 0.140236 0.340864
14.5963 -1.45445 -1.2894 0.289195 0.0364874 0.474916 0.830355 0.256887 0.0500222 -0.199702 0.0277184 0.140236 0.340864
14.6446 -1.38244 -1.26772 0.293138 0.00747737 0.482141 0.825563 0.269082 0.0358664 0.110021 -0.141968 -0.00151765 0.340864
14.6941 -1.30808 -1.23982 0.296807 -0.0215396 0.488917 0.820001 0.281276 0.0358664 0.110021 -0.141968 -0.00151765 0.340864
14.7442 -1.23163 -1.20534 0.3002 -0.0505365 0.495237 0.813675 0.293471 0.0358664 0.110021 -0.141968 -0.00151765 0.340864
14.7946 -1.15341 -1.16397 0.303313 -0.0794863 0.501095 0.80659 0.305665 0.0358664 0.110021 -0.141968 -0.00151765 0.340864
14.8313 -1.09729 -1.13272 0.277115 -0.0846369 0.486687 0.824124 0.129715 -0.5175 -0.133692 -0.067768 -0.141513 0.340864
14.8531 -1.06689 -1.114 0.286742 -0.13221 0.466957 0.825985 0.116411 -0.0391306 0.189742 -0.170052 -0.173812 0.340864
14.8731 -1.04211 -1.0945 0.295581 -0.17942 0.445943 0.825576 0.103107 -0.0391306 0.189742 -0.170052 -0.173812 0.340864
14.8907 -1.02255 -1.07501 0.303608 -0.226137 0.423703 0.822897 0.0898022 -0.0391306 0.189742 -0.170052 -0.173812 0.340864
14.9059 -1.00774 -1.05631 0.3108 -0.272232 0.400299 0.817957 0.0764978 -0.0391306 0.189742 -0.170052 -0.173812 0.340864
14.9183 -0.997092 -1.03914 0.317138 -0.317579 0.375794 0.810769 0.0631933 -0.0391306 0.189742 -0.170052 -0.173812 0.340864
14.9281 -0.989987 -1.02416 0.322604 -0.362052 0.350257 0.801352 0.0498889 -0.0391306 0.189742 -0.170052 -0.173812 0.340864
14.9361 -0.984716 -1.01047 0.310746 -0.388361 0.341096 0.797663 0.0484542 -0.00421981 0.0248193 -0.138938 -0.110778 0.340864
14.9434 -0.979997 -0.996775 0.298598 -0.414308 0.331618 0.793232 0.0470195 -0.00421981 0.0248193 -0.138938 -0.110778 0.340864
14.95 -0.975793 -0.983134 0.286173 -0.439869 0.321832 0.788064 0.0455847 -0.00421981 0.0248193 -0.138938 -0.110778 0.340864
14.956 -0.972065 -0.96959 0.273482 -0.465021 0.311746 0.782162 0.04415 -0.00421981 0.0248193 -0.138938 -0.110778 0.340864
14.9612 -0.968776 -0.95619 0.260536 -0.489741 0.30137 0.775532 0.0427152 -0.00421981 0.0248193 -0.138938 -0.110778 0.340864
14.9658 -0.965887 -0.942979 0.247348 -0.514005 0.290714 0.768182 0.0412805 -0.00421981 0.0248193 -0.138938 -0.110778 0.340864
14.9697 -0.963364 -0.93 0.23393 -0.537791 0.279787 0.760116 0.0398458 -0.00421981 0.0248193 -0.138938 -0.110778 0.340864
14.973 -0.961168 -0.917294 0.220294 -0.561077 0.2686 0.751343 0.038411 -0.00421981 0.0248193 -0.138938 -0.110778 0.340864
14.9757 -0.959267 -0.9049 0.206453 -0.583841 0.257163 0.741872 0.0369763 -0.00421981 0.0248193 -0.138938 -0.110778 0.340864
14.9777 -0.957625 -0.892854 0.19242 -0.606061 0.245487 0.73171 0.0355416 -0.00421981 0.0248193 -0.138938 -0.110778 0.340864
14.9796 -0.955953 -0.879069 0.199659 -0.610707 0.245841 0.725766 0.0469427 0.0335328 0.043332 -0.0311356 0.0306555 0.340864
14.9819 -0.954053 -0.861418 0.206876 -0.615285 0.246168 0.719742 0.0583439 0.0335328 0.043332 -0.0311356 0.0306555 0.340864
14.9844 -0.95203 -0.839884 0.21407 -0.619796 0.246468 0.713639 0.069745 0.0335328 0.043332 -0.0311356 0.0306555 0.340864
14.9871 -0.949991 -0.814455 0.22124 -0.62424 0.246741 0.707458 0.0811462 0.0335328 0.043332 -0.0311356 0.0306555 0.340864
14.9883 -0.948634 -0.797956 0.197786 -0.646753 0.254331 0.691308 0.0165137 -0.190096 -0.0717994 -0.196958 -0.0604095 0.340864
14.9887 -0.947456 -0.785016 0.185843 -0.655818 0.239246 0.691467 0.0599514 0.127758 0.0222034 -0.0365764 -0.117577 0.340864
14.9893 -0.945165 -0.757349 0.173815 -0.664586 0.224052 0.691313 0.103389 0.127758 0.0222034 -0.0365764 -0.117577 0.340864
14.9898 -0.941996 -0.714933 0.161709 -0.673054 0.208757 0.690847 0.146827 0.127758 0.0222034 -0.0365764 -0.117577 0.340864
14.9899 -0.93817 -0.657756 0.14953 -0.681217 0.193367 0.690068 0.190265 0.127758 0.0222034 -0.0365764 -0.117577 0.340864
14.9888 -0.935112 -0.591118 0.147297 -0.696389 0.171928 0.681019 0.202217 0.0351545 0.102077 -0.0815412 -0.0990404 0.340864
14.9858 -0.934251 -0.520408 0.14495 -0.71102 0.150355 0.671441 0.21417 0.0351545 0.102077 -0.0815412 -0.0990404 0.340864
14.98 -0.933921 -0.452867 0.150567 -0.724854 0.179152 0.647936 0.184633 -0.0868733 -0.0660013 -0.172577 0.146262 0.340864
14.9717 -0.932684 -0.395736 0.155941 -0.737524 0.207661 0.623392 0.155096 -0.0868733 -0.0660013 -0.172577 0.146262 0.340864
14.962 -0.93102 -0.349052 0.161066 -0.749011 0.235838 0.597847 0.125559 -0.0868733 -0.0660013 -0.172577 0.146262 0.340864
14.9522 -0.929323 -0.312739 0.165932 -0.759295 0.263636 0.571343 0.0960219 -0.0868733 -0.0660013 -0.172577 0.146262 0.340864
14.9434 -0.927886 -0.286604 0.170532 -0.768362 0.29101 0.543923 0.066485 -0.0868733 -0.0660013 -0.172577 0.146262 0.340864
14.9368 -0.926907 -0.270343 0.174859 -0.776195 0.317918 0.515629 0.0369481 -0.0868733 -0.0660013 -0.172577 0.146262 0.340864
14.9294 -0.925711 -0.253176 0.192116 -0.756298 0.346378 0.520699 0.0732017 0.106628 -0.120054 0.0865237 0.176147 0.340864
14.9178 -0.923283 -0.224454 0.20908 -0.735243 0.374308 0.524973 0.109455 0.106628 -0.120054 0.0865237 0.176147 0.340864
14.9027 -0.91919 -0.184027 0.225724 -0.713065 0.401665 0.528444 0.145709 0.106628 -0.120054 0.0865237 0.176147 0.340864
14.8843 -0.912945 -0.131791 0.242023 -0.689795 0.428408 0.531106 0.181963 0.106628 -0.120054 0.0865237 0.176147 0.340864
14.8634 -0.90401 -0.0676988 0.257952 -0.665471 0.454496 0.532957 0.218216 0.106628 -0.120054 0.0865237 0.176147 0.340864
14.8401 -0.891802 0.00824786 0.273486 -0.640129 0.479888 0.533992 0.25447 0.106628 -0.120054 0.0865237 0.176147 0.340864
14.8273 -0.884184 0.0492029 0.242624 -0.65116 0.486911 0.52919 0.00196854 -0.742651 -0.0845402 -0.151175 -0.0983633 0.340864
