0 0 0 0 0 0 1 6.90564e-310 0 0 0 0 0
0.244274 0.00556708 0.0202341 -0.0557627 -0.0625784 0.0144273 0.996377 0.180358 0.066308 -0.0410516 -0.0460692 0.0106212 2.72691
0.476455 0.014859 0.0448921 -0.0153666 -0.0423776 0.0220369 0.99874 0.0945682 -0.0504644 0.0466209 0.0250472 0.0105323 1.70432
0.868982 0.0455637 0.0691931 0.00898567 -0.0221762 0.0514934 0.998387 0.236986 0.0598393 0.0190166 0.0177789 0.025343 2.38605
1.69273 0.148396 0.14836 0.0045047 -0.0686974 0.0712395 0.995081 0.376434 0.0512678 -0.00182902 -0.0345205 0.0142467 2.72691
2.17706 0.206449 0.224231 -0.019601 -0.0866817 0.0453497 0.99501 0.349646 -0.0196975 -0.0307831 -0.028686 -0.0404437 1.36346
2.96682 0.301173 0.36666 -0.0201075 -0.092944 0.0692064 0.99306 0.32948 -0.0084728 -0.001955 -0.0050051 0.0200903 2.38605
3.46585 0.369397 0.458396 0.0311825 -0.0860444 0.0641127 0.993737 0.100739 -0.0961097 0.0428291 0.0087114 -0.000400909 2.38605
3.70175 0.39296 0.492344 0.0466403 -0.0506482 0.0387451 0.996874 0.075413 -0.00931108 0.0111632 0.0273822 -0.0169002 2.72691
4.01026 0.397372 0.529899 0.00678227 -0.0672727 -0.0142763 0.997609 0.185895 0.0464209 -0.0306442 -0.0131251 -0.0468249 2.38605
5.07581 0.327092 0.592711 0.0555223 -0.00272994 -0.0455621 0.997414 0.443886 0.0758799 0.030421 0.0376305 -0.0161951 3.40864
6.1754 0.203086 0.605424 0.0191164 -0.0132153 -0.0668502 0.997492 0.369894 -0.0272032 -0.02702 -0.00560278 -0.0161162 2.72691
7.19268 0.0701376 0.695586 -0.00762623 -0.0723595 -0.0625532 0.995386 0.496095 0.0530256 -0.0257711 -0.0482005 0.00223807 2.38605
8.20182 -0.100087 0.792939 -0.0734836 -0.00929327 -0.111413 0.99101 0.260452 -0.0866332 -0.0428018 0.0487677 -0.0398905 2.72691
8.59388 -0.189774 0.792328 -0.0554035 0.0239666 -0.11244 0.991823 0.331117 0.0519592 0.0319083 0.0454205 -0.00471193 1.36346
9.47058 -0.34415 0.699193 -0.0175151 0.0871872 -0.05702 0.994405 0.32785 -0.00120108 0.0339882 0.0452496 0.03744 2.72691
10.6585 -0.437505 0.39664 -0.0544317 0.158742 -0.0123651 0.985741 0.476554 0.0485962 -0.0189083 0.0489569 0.0300274 3.06778
11.4527 -0.496688 0.15354 -0.0625794 0.13923 -0.0437474 0.987312 0.340016 -0.0669306 -0.0129138 -0.0206828 -0.0280067 2.04519
12.1989 -0.561776 -0.0521665 -0.0249436 0.132013 -0.0296186 0.990491 0.42149 0.0399386 0.0382545 -0.00816934 0.00912044 2.04519
13.0116 -0.563898 -0.25541 0.0091669 0.109817 0.0378784 0.993187 0.195064 -0.0832449 0.0309927 -0.0159481 0.0463611 2.72691
13.7043 -0.459539 -0.450734 0.0227643 0.158466 0.0955787 0.982464 0.416613 0.0930877 0.0152226 0.0416227 0.0476663 2.38605
13.8341 -0.432484 -0.494474 0.0196712 0.164584 0.0946966 0.98161 0.404931 -0.0343573 -0.0220233 0.0345309 -0.000915605 0.340864
14.4656 -0.297415 -0.726353 -0.0217567 0.182989 0.107378 0.976991 0.171732 -0.0979828 -0.0338201 0.0123192 0.0168686 2.38605
14.5522 -0.277921 -0.761573 -0.0395697 0.188796 0.113845 0.974592 0.10895 -0.0923265 -0.0496961 0.0127663 0.0285576 0.681728
14.6423 -0.258896 -0.7979 -0.0624474 0.175222 0.101219 0.977319 0.0853081 -0.0231787 -0.0451575 -0.0330397 -0.0152168 1.02259
14.8256 -0.227629 -0.858669 -0.0579301 0.131477 0.08093 0.98631 0.106524 0.0103999 0.00573676 -0.0442709 -0.0184375 2.04519
14.884 -0.219139 -0.875717 -0.0796917 0.14217 0.0762477 0.983678 0.0139794 -0.0907299 -0.0452932 0.0173744 -0.00424255 1.02259
14.9277 -0.211923 -0.886129 -0.0318093 0.0851422 0.0949075 0.991328 0.0242641 0.00432133 0.0460218 -0.0437803 0.0130459 2.38605
14.9791 -0.201288 -0.893637 -0.0595901 0.0449659 0.114887 0.99057 0.0147158 -0.00351041 -0.0162207 -0.0307234 0.0173033 2.72691
