12.5775 2.40831 -0.515436 0.174252 0.16421 -0.124514 0.962895 0.242221 0 0 0 0 0
12.6561 2.39035 -0.545715 0.14515 0.155695 -0.14409 0.9664 0.264724 0.0661866 -0.19362 -0.0102399 -0.0889504 0.340864
12.7412 2.3661 -0.576944 0.115856 0.146974 -0.163477 0.968634 0.287228 0.0661866 -0.19362 -0.0102399 -0.0889504 0.340864
12.8325 2.33495 -0.608511 0.0864106 0.13806 -0.182648 0.969594 0.309731 0.0661866 -0.19362 -0.0102399 -0.0889504 0.340864
12.9297 2.29635 -0.639746 0.0568514 0.128965 -0.20158 0.969279 0.332235 0.0661866 -0.19362 -0.0102399 -0.0889504 0.340864
13.0324 2.24983 -0.669919 0.0272173 0.1197 -0.220246 0.967689 0.354738 0.0661866 -0.19362 -0.0102399 -0.0889504 0.340864
13.1405 2.19498 -0.698254 -0.0024525 0.110278 -0.238623 0.964827 0.377241 0.0661866 -0.19362 -0.0102399 -0.0889504 0.340864
13.2534 2.13148 -0.723927 -0.0321191 0.100711 -0.256686 0.960697 0.399745 0.0661866 -0.19362 -0.0102399 -0.0889504 0.340864
13.3708 2.0591 -0.74608 -0.0617435 0.0910111 -0.274411 0.955303 0.422248 0.0661866 -0.19362 -0.0102399 -0.0889504 0.340864
13.4916 1.98054 -0.7601 -0.0821303 0.0525473 -0.283047 0.954137 0.429367 0.020937 -0.181756 -0.18581 -0.0255361 0.340864
13.6141 1.89912 -0.761615 -0.102355 0.01398 -0.291126 0.951091 0.436486 0.020937 -0.181756 -0.18581 -0.0255361 0.340864
13.7377 1.81559 -0.75017 -0.122378 -0.024615 -0.29863 0.94617 0.443604 0.020937 -0.181756 -0.18581 -0.0255361 0.340864
13.8613 1.73074 -0.725417 -0.14216 -0.0631614 -0.305546 0.939384 0.450723 0.020937 -0.181756 -0.18581 -0.0255361 0.340864
13.9842 1.64543 -0.687113 -0.161662 -0.101583 -0.31186 0.930747 0.457841 0.020937 -0.181756 -0.18581 -0.0255361 0.340864
14.1054 1.56053 -0.635129 -0.180845 -0.139805 -0.317559 0.920275 0.46496 0.020937 -0.181756 -0.18581 -0.0255361 0.340864
14.2239 1.47693 -0.569457 -0.199672 -0.177751 -0.322632 0.907989 0.472078 0.020937 -0.181756 -0.18581 -0.0255361 0.340864
14.3389 1.39554 -0.490207 -0.218105 -0.215347 -0.327069 0.893914 0.479197 0.020937 -0.181756 -0.18581 -0.0255361 0.340864
14.4475 1.31695 -0.414197 -0.203066 -0.177954 -0.3328 0.903516 0.427417 -0.152293 0.170647 0.172549 -0.0405958 0.340864
14.5463 1.24238 -0.356766 -0.187673 -0.140251 -0.337948 0.911537 0.375638 -0.152293 0.170647 0.172549 -0.0405958 0.340864
14.6342 1.17358 -0.315714 -0.17195 -0.102301 -0.342505 0.917964 0.323858 -0.152293 0.170647 0.172549 -0.0405958 0.340864
14.71 1.11214 -0.288629 -0.155927 -0.0641732 -0.346464 0.922785 0.272078 -0.152293 0.170647 0.172549 -0.0405958 0.340864
14.773 1.0594 -0.272924 -0.139631 -0.0259328 -0.349816 0.925991 0.220298 -0.152293 0.170647 0.172549 -0.0405958 0.340864
14.8228 1.01651 -0.265872 -0.123091 0.012353 -0.352556 0.927578 0.168519 -0.152293 0.170647 0.172549 -0.0405958 0.340864
14.8591 0.984363 -0.26465 -0.106336 0.0506172 -0.354679 0.927542 0.116739 -0.152293 0.170647 0.172549 -0.0405958 0.340864
14.8851 0.96113 -0.265957 -0.076543 0.0599535 -0.350061 0.931667 0.0886281 -0.0826795 0.18602 -0.00955992 0.0190971 0.340864
14.9041 0.94447 -0.267896 -0.0466725 0.069229 -0.345088 0.934849 0.060517 -0.0826795 0.18602 -0.00955992 0.0190971 0.340864
14.916 0.934259 -0.269706 -0.0167548 0.0784344 -0.339766 0.937084 0.032406 -0.0826795 0.18602 -0.00955992 0.0190971 0.340864
14.9269 0.924744 -0.271832 -0.0332559 0.0955498 -0.353385 0.929991 0.0533645 0.0616427 -0.0637424 0.129272 -0.0833299 0.340864
14.9425 0.910064 -0.275376 -0.0497305 0.112589 -0.36672 0.922153 0.074323 0.0616427 -0.0637424 0.129272 -0.0833299 0.340864
14.9624 0.889887 -0.280545 -0.0661652 0.129537 -0.379762 0.913577 0.0952815 0.0616427 -0.0637424 0.129272 -0.0833299 0.340864
14.9862 0.863891 -0.287505 -0.0825469 0.146382 -0.3925 0.904269 0.11624 0.0616427 -0.0637424 0.129272 -0.0833299 0.340864
14.9996 0.84928 -0.291269 -0.109791 0.133686 -0.372428 0.911796 0.00219642 -0.335422 -0.153327 -0.00137049 0.153801 0.340864
