0 0 0 0 0 0 1 4.63881e-310 0 0 0 0 0
0.00943794 8.38313e-05 0.000185285 0.0295301 -0.0145692 0.0069846 0.999433 0.0555318 0.163329 0.17374 -0.0857175 0.0410936 0.340864
0.0711723 0.00342747 -0.000468581 0.00851198 0.0183315 0.0394851 0.999016 0.308275 0.743361 -0.127686 0.186959 0.195086 0.340864
0.176254 0.012254 -0.00525063 0.0117569 0.0278486 0.0437447 0.998585 0.312675 0.0129435 0.0173395 0.0565157 0.0252589 0.340864
0.282631 0.0221545 -0.0120909 0.0150003 0.0373623 0.0479991 0.998036 0.317076 0.0129435 0.0173395 0.0565157 0.0252589 0.340864
0.355382 0.0281778 -0.018202 0.0349204 0.0500374 0.029418 0.997703 0.113865 -0.59768 0.10933 0.081762 -0.112268 0.340864
0.400548 0.0322964 -0.0216752 0.039269 0.0307398 0.0569987 0.997128 0.153751 0.117312 0.0371037 -0.118021 0.156752 0.340864
0.458942 0.0407859 -0.0237614 0.0435723 0.0114068 0.0845136 0.995404 0.193637 0.117312 0.0371037 -0.118021 0.156752 0.340864
0.530131 0.0550364 -0.0233117 0.0478254 -0.00793937 0.111931 0.992533 0.233523 0.117312 0.0371037 -0.118021 0.156752 0.340864
0.613505 0.0763826 -0.0191764 0.0520234 -0.0272764 0.13922 0.988518 0.273409 0.117312 0.0371037 -0.118021 0.156752 0.340864
0.708275 0.106091 -0.0102155 0.0561614 -0.0465819 0.166348 0.983364 0.313295 0.117312 0.0371037 -0.118021 0.156752 0.340864
0.813484 0.145347 0.0046905 0.0602348 -0.0658338 0.193284 0.977077 0.353181 0.117312 0.0371037 -0.118021 0.156752 0.340864
0.928012 0.195246 0.0266304 0.0642387 -0.0850099 0.219998 0.969664 0.393067 0.117312 0.0371037 -0.118021 0.156752 0.340864
1.05058 0.256777 0.056652 0.0681686 -0.104088 0.246458 0.961133 0.432953 0.117312 0.0371037 -0.118021 0.156752 0.340864
1.13901 0.301796 0.0808803 0.0635851 -0.110541 0.222016 0.966668 0.167919 -0.779514 -0.00381309 -0.0299412 -0.151626 0.340864
1.18849 0.324439 0.0936774 0.0831261 -0.0929746 0.21161 0.969364 0.160949 -0.0204984 0.0939452 0.131069 -0.0434195 0.340864
1.23671 0.345048 0.104477 0.1026 -0.0753336 0.201034 0.971279 0.15398 -0.0204984 0.0939452 0.131069 -0.0434195 0.340864
1.2835 0.363753 0.113343 0.121992 -0.0576317 0.190296 0.972411 0.14701 -0.0204984 0.0939452 0.131069 -0.0434195 0.340864
1.32872 0.380682 0.120351 0.141285 -0.0398835 0.179405 0.97276 0.140041 -0.0204984 0.0939452 0.131069 -0.0434195 0.340864
1.37225 0.395959 0.125591 0.160464 -0.0221031 0.168368 0.972324 0.133071 -0.0204984 0.0939452 0.131069 -0.0434195 0.340864
1.41273 0.409257 0.131365 0.181073 -0.0583829 0.16435 0.967881 0.119918 -0.0386866 0.15857 -0.183932 -0.0501629 0.340864
1.44878 0.4202 0.139414 0.20136 -0.0945589 0.160039 0.961717 0.106764 -0.0386866 0.15857 -0.183932 -0.0501629 0.340864
1.48028 0.428882 0.149004 0.22129 -0.130567 0.155445 0.953845 0.093611 -0.0386866 0.15857 -0.183932 -0.0501629 0.340864
1.50718 0.435458 0.15941 0.240826 -0.166343 0.150573 0.944278 0.0804575 -0.0386866 0.15857 -0.183932 -0.0501629 0.340864
1.5295 0.440135 0.16993 0.259934 -0.201823 0.145435 0.933033 0.0673041 -0.0386866 0.15857 -0.183932 -0.0501629 0.340864
1.54733 0.443171 0.179889 0.278581 -0.236945 0.140038 0.92013 0.0541507 -0.0386866 0.15857 -0.183932 -0.0501629 0.340864
1.59834 0.450504 0.213879 0.301654 -0.266353 0.152104 0.902732 0.309075 0.749776 0.160852 -0.184242 0.0636296 0.340864
1.69847 0.466761 0.282998 0.304811 -0.250358 0.167045 0.903608 0.413013 0.3057 -0.0225134 0.0626276 0.111892 0.340864
1.80015 0.486599 0.34867 0.325738 -0.221097 0.177265 0.901991 0.30863 -0.307007 0.0703458 0.155425 0.139226 0.340864
1.87406 0.50306 0.391879 0.346208 -0.191527 0.187236 0.899111 0.204248 -0.307007 0.0703458 0.155425 0.139226 0.340864
1.91867 0.514291 0.415462 0.366194 -0.161688 0.196945 0.89497 0.0998656 -0.307007 0.0703458 0.155425 0.139226 0.340864
1.96054 0.526241 0.435389 0.355604 -0.143075 0.20184 0.901297 0.18185 0.241131 -0.0956 0.0811986 0.0484633 0.340864
2.02729 0.547191 0.464475 0.34483 -0.124388 0.206629 0.907152 0.263835 0.241131 -0.0956 0.0811986 0.0484633 0.340864
2.10725 0.572213 0.496639 0.352666 -0.116827 0.193212 0.908101 0.264102 0.000787435 0.0405235 0.0777851 -0.0516797 0.340864
2.18854 0.595412 0.527034 0.360398 -0.109231 0.179737 0.908778 0.26437 0.000787435 0.0405235 0.0777851 -0.0516797 0.340864
2.27109 0.616788 0.5556 0.368021 -0.101603 0.166208 0.909182 0.264638 0.000787435 0.0405235 0.0777851 -0.0516797 0.340864
2.35481 0.636342 0.582276 0.375534 -0.0939437 0.15263 0.909315 0.264906 0.000787435 0.0405235 0.0777851 -0.0516797 0.340864
2.43962 0.654081 0.607007 0.382935 -0.0862565 0.139006 0.909174 0.265173 0.000787435 0.0405235 0.0777851 -0.0516797 0.340864
2.52545 0.67001 0.629737 0.39022 -0.0785434 0.12534 0.908762 0.265441 0.000787435 0.0405235 0.0777851 -0.0516797 0.340864
2.6122 0.68414 0.650414 0.39739 -0.0708068 0.111637 0.908078 0.265709 0.000787435 0.0405235 0.0777851 -0.0516797 0.340864
2.69978 0.69648 0.668987 0.40444 -0.063049 0.0979006 0.907121 0.265977 0.000787435 0.0405235 0.0777851 -0.0516797 0.340864
2.77874 0.707818 0.686533 0.434104 -0.0744347 0.121364 0.889542 0.214516 -0.151355 0.198027 -0.106045 0.119277 0.340864
2.83985 0.718194 0.703177 0.462956 -0.0856813 0.144601 0.870299 0.163055 -0.151355 0.198027 -0.106045 0.119277 0.340864
2.88351 0.726635 0.717394 0.490943 -0.0967678 0.167567 0.84943 0.111594 -0.151355 0.198027 -0.106045 0.119277 0.340864
2.91025 0.732358 0.727604 0.518013 -0.107673 0.19022 0.826974 0.0601337 -0.151355 0.198027 -0.106045 0.119277 0.340864
2.98008 0.750226 0.755299 0.522511 -0.0826533 0.203238 0.823921 0.39414 0.982372 -0.00506011 0.0851562 0.145848 0.340864
3.10331 0.778915 0.805049 0.544202 -0.112993 0.182705 0.810984 0.405788 0.0342598 0.191207 -0.0643146 -0.166807 0.340864
3.23033 0.797764 0.860598 0.564816 -0.143109 0.161811 0.796442 0.417437 0.0342598 0.191207 -0.0643146 -0.166807 0.340864
3.36043 0.805913 0.921466 0.584311 -0.172941 0.140597 0.780323 0.429085 0.0342598 0.191207 -0.0643146 -0.166807 0.340864
3.49285 0.802566 0.987084 0.602649 -0.202432 0.119104 0.762659 0.440733 0.0342598 0.191207 -0.0643146 -0.166807 0.340864
3.62678 0.787013 1.0568 0.619795 -0.231521 0.0973755 0.743485 0.452382 0.0342598 0.191207 -0.0643146 -0.166807 0.340864
3.76137 0.758633 1.12986 0.635713 -0.260152 0.0754541 0.722839 0.46403 0.0342598 0.191207 -0.0643146 -0.166807 0.340864
3.88872 0.726277 1.2021 0.620346 -0.265902 0.0820705 0.733301 0.418015 -0.135339 -0.112041 -0.0400029 -0.0215287 0.340864
4.00167 0.69898 1.26942 0.604718 -0.271539 0.0886521 0.743454 0.372 -0.135339 -0.112041 -0.0400029 -0.0215287 0.340864
4.10048 0.676441 1.33113 0.588834 -0.277062 0.0951964 0.753292 0.325984 -0.135339 -0.112041 -0.0400029 -0.0215287 0.340864
4.18538 0.658325 1.38659 0.572702 -0.282468 0.1017 0.762812 0.279969 -0.135339 -0.112041 -0.0400029 -0.0215287 0.340864
4.25662 0.644253 1.43515 0.556327 -0.287754 0.108161 0.77201 0.233954 -0.135339 -0.112041 -0.0400029 -0.0215287 0.340864
4.31448 0.633814 1.47622 0.539718 -0.292919 0.114577 0.780881 0.187939 -0.135339 -0.112041 -0.0400029 -0.0215287 0.340864
4.35923 0.626558 1.50923 0.52288 -0.29796 0.120944 0.789423 0.141924 -0.135339 -0.112041 -0.0400029 -0.0215287 0.340864
4.43037 0.61665 1.55971 0.535041 -0.273646 0.117582 0.790584 0.374537 0.684157 0.0414992 0.133953 0.0796701 0.340864
4.50694 0.6054 1.61189 0.508094 -0.287075 0.0954341 0.806425 0.174547 -0.588206 -0.130269 0.0141147 -0.199651 0.340864
4.58605 0.59615 1.66751 0.496961 -0.27761 0.131618 0.811566 0.397059 0.654446 -0.134627 -0.0608316 0.178297 0.340864
4.66764 0.58827 1.72508 0.478413 -0.283084 0.103902 0.824736 0.192211 -0.602494 -0.0775649 0.0620521 -0.188846 0.340864
4.71868 0.58375 1.76122 0.456549 -0.281177 0.127649 0.834391 0.176685 -0.0456624 -0.173983 -0.0548715 0.0782788 0.340864
4.76487 0.582835 1.79533 0.434166 -0.278949 0.15125 0.843096 0.16116 -0.0456624 -0.173983 -0.0548715 0.0782788 0.340864
4.80621 0.584965 1.82704 0.411287 -0.276404 0.17468 0.850841 0.145635 -0.0456624 -0.173983 -0.0548715 0.0782788 0.340864
4.84275 0.589559 1.85604 0.387941 -0.273544 0.19791 0.857617 0.13011 -0.0456624 -0.173983 -0.0548715 0.0782788 0.340864
4.87454 0.596019 1.88206 0.364153 -0.270373 0.220915 0.863416 0.114584 -0.0456624 -0.173983 -0.0548715 0.0782788 0.340864
4.90171 0.603735 1.9049 0.33995 -0.266894 0.243668 0.868232 0.0990592 -0.0456624 -0.173983 -0.0548715 0.0782788 0.340864
4.92436 0.612092 1.9244 0.31536 -0.263111 0.266144 0.87206 0.083534 -0.0456624 -0.173983 -0.0548715 0.0782788 0.340864
4.94265 0.620471 1.94048 0.29041 -0.259028 0.288317 0.874894 0.0680088 -0.0456624 -0.173983 -0.0548715 0.0782788 0.340864
4.95677 0.628262 1.95311 0.26513 -0.25465 0.310162 0.876732 0.0524836 -0.0456624 -0.173983 -0.0548715 0.0782788 0.340864
4.96692 0.634863 1.9623 0.239548 -0.249983 0.331653 0.877571 0.0369584 -0.0456624 -0.173983 -0.0548715 0.0782788 0.340864
5.00106 0.660329 1.99176 0.251319 -0.213697 0.351936 0.875965 0.267715 0.678697 -0.0376024 0.179388 0.17633 0.340864
5.08723 0.72998 2.06019 0.262619 -0.177012 0.37156 0.87272 0.498472 0.678697 -0.0376024 0.179388 0.17633 0.340864
5.16332 0.795193 2.11782 0.232984 -0.17964 0.375013 0.879098 0.181561 -0.932091 -0.159865 -0.0769662 -0.0311325 0.340864
5.20884 0.83303 2.15265 0.23934 -0.200178 0.353321 0.881935 0.222492 0.120386 0.0972218 -0.0594704 -0.139888 0.340864
5.26478 0.874485 2.19708 0.24547 -0.220528 0.331296 0.883943 0.263423 0.120386 0.0972218 -0.0594704 -0.139888 0.340864
5.33124 0.918035 2.25185 0.251369 -0.240671 0.30896 0.885118 0.304355 0.120386 0.0972218 -0.0594704 -0.139888 0.340864
5.40823 0.962108 2.31761 0.257032 -0.260588 0.286333 0.885462 0.345286 0.120386 0.0972218 -0.0594704 -0.139888 0.340864
5.49558 1.0051 2.39495 0.262453 -0.280259 0.263436 0.884972 0.386217 0.120386 0.0972218 -0.0594704 -0.139888 0.340864
5.59303 1.04538 2.48436 0.267627 -0.299666 0.240292 0.883649 0.427148 0.120386 0.0972218 -0.0594704 -0.139888 0.340864
5.70018 1.08131 2.58626 0.27255 -0.318792 0.216921 0.881495 0.468079 0.120386 0.0972218 -0.0594704 -0.139888 0.340864
5.79188 1.10665 2.67706 0.257323 -0.339969 0.197913 0.882631 0.305604 -0.477868 -0.0181087 -0.0966479 -0.162545 0.340864
5.84408 1.11883 2.73133 0.241829 -0.360791 0.178698 0.882845 0.143129 -0.477868 -0.0181087 -0.0966479 -0.162545 0.340864
5.91068 1.1331 2.8044 0.273193 -0.362191 0.196595 0.869215 0.444508 0.886409 0.145794 -0.0286972 0.171888 0.340864
5.97332 1.14736 2.87795 0.273958 -0.385855 0.210667 0.855384 0.129995 -0.925038 0.023529 -0.172216 0.0515519 0.340864
5.99917 1.1549 2.90897 0.265501 -0.350718 0.234138 0.866998 0.111685 -0.0538547 -0.158135 0.154899 0.141183 0.340864
6.02207 1.16375 2.9337 0.256515 -0.314884 0.257143 0.876884 0.0933742 -0.0538547 -0.158135 0.154899 0.141183 0.340864
6.04152 1.17298 2.95257 0.247019 -0.278422 0.279636 0.885024 0.0750636 -0.0538547 -0.158135 0.154899 0.141183 0.340864
6.0571 1.1817 2.9661 0.23703 -0.241405 0.301572 0.8914 0.056753 -0.0538547 -0.158135 0.154899 0.141183 0.340864
6.06851 1.18903 2.97491 0.226569 -0.203908 0.322907 0.896002 0.0384424 -0.0538547 -0.158135 0.154899 0.141183 0.340864
6.07557 1.19414 2.97972 0.215657 -0.166004 0.343599 0.898818 0.0201318 -0.0538547 -0.158135 0.154899 0.141183 0.340864
6.07821 1.19625 2.9813 0.204315 -0.12777 0.363606 0.899845 0.00182122 -0.0538547 -0.158135 0.154899 0.141183 0.340864
6.08027 1.1979 2.98228 0.213922 -0.102561 0.340138 0.909959 0.0146963 0.037868 0.00241619 0.18984 -0.108362 0.340864
6.0858 1.20192 2.98447 0.223234 -0.0772092 0.3162 0.918816 0.0275714 0.037868 0.00241619 0.18984 -0.108362 0.340864
6.09514 1.20805 2.98743 0.232238 -0.0517512 0.291825 0.926405 0.0404465 0.037868 0.00241619 0.18984 -0.108362 0.340864
6.10855 1.21603 2.99067 0.24092 -0.0262217 0.267047 0.932714 0.0533216 0.037868 0.00241619 0.18984 -0.108362 0.340864
6.12623 1.22556 2.9937 0.24927 -0.000656086 0.2419 0.937736 0.0661967 0.037868 0.00241619 0.18984 -0.108362 0.340864
6.14833 1.23634 2.99598 0.257276 0.0249105 0.21642 0.941462 0.0790718 0.037868 0.00241619 0.18984 -0.108362 0.340864
6.17491 1.24806 2.99698 0.264927 0.0504426 0.19064 0.943889 0.0919469 0.037868 0.00241619 0.18984 -0.108362 0.340864
6.20598 1.2604 2.99616 0.272212 0.0759051 0.164597 0.945012 0.104822 0.037868 0.00241619 0.18984 -0.108362 0.340864
6.24147 1.27307 2.99296 0.279121 0.101263 0.138327 0.94483 0.117697 0.037868 0.00241619 0.18984 -0.108362 0.340864
6.28126 1.28575 2.98684 0.285644 0.126481 0.111866 0.943343 0.130572 0.037868 0.00241619 0.18984 -0.108362 0.340864
6.33231 1.30193 2.97667 0.311668 0.144884 0.117339 0.931721 0.190144 0.17521 0.15593 0.118721 0.0495914 0.340864
6.40136 1.32607 2.96115 0.337324 0.163117 0.122674 0.918998 0.249715 0.17521 0.15593 0.118721 0.0495914 0.340864
6.48774 1.35929 2.93961 0.362581 0.181157 0.127864 0.90519 0.309287 0.17521 0.15593 0.118721 0.0495914 0.340864
6.59074 1.40278 2.91152 0.38741 0.198983 0.132903 0.890312 0.368858 0.17521 0.15593 0.118721 0.0495914 0.340864
6.70957 1.45772 2.87646 0.411782 0.216574 0.137785 0.874384 0.428429 0.17521 0.15593 0.118721 0.0495914 0.340864
6.84339 1.52534 2.83417 0.435667 0.233909 0.142505 0.857423 0.488001 0.17521 0.15593 0.118721 0.0495914 0.340864
6.94476 1.57887 2.7988 0.418349 0.250045 0.135616 0.862595 0.217697 -0.795011 -0.123616 0.0774127 0.0261032 0.340864
6.99884 1.60847 2.77933 0.441597 0.24481 0.151459 0.849777 0.162655 -0.161888 0.177011 -0.0281547 0.0435464 0.340864
7.03707 1.63085 2.76715 0.46441 0.239335 0.167153 0.836123 0.107614 -0.161888 0.177011 -0.0281547 0.0435464 0.340864
7.06366 1.64754 2.75858 0.457586 0.26389 0.170285 0.831853 0.0838436 -0.0699116 -0.04164 0.11153 0.0963027 0.340864
7.08296 1.66063 2.75122 0.450451 0.288267 0.173302 0.82702 0.0600736 -0.0699116 -0.04164 0.11153 0.0963027 0.340864
7.09541 1.66974 2.74569 0.443012 0.312448 0.176201 0.821626 0.0363037 -0.0699116 -0.04164 0.11153 0.0963027 0.340864
7.10146 1.6745 2.7426 0.435272 0.336418 0.178981 0.815676 0.0125337 -0.0699116 -0.04164 0.11153 0.0963027 0.340864
7.10844 1.68005 2.73887 0.414921 0.318613 0.181661 0.832662 0.044261 0.0933156 -0.117111 -0.147358 -0.0103433 0.340864
7.12361 1.69144 2.73127 0.394143 0.30048 0.184154 0.848793 0.0759883 0.0933156 -0.117111 -0.147358 -0.0103433 0.340864
7.14741 1.70832 2.72015 0.372961 0.282039 0.186458 0.864053 0.107716 0.0933156 -0.117111 -0.147358 -0.0103433 0.340864
7.18024 1.73034 2.70591 0.351396 0.263309 0.18857 0.878425 0.139443 0.0933156 -0.117111 -0.147358 -0.0103433 0.340864
7.22246 1.75718 2.68901 0.32947 0.244308 0.190489 0.891895 0.17117 0.0933156 -0.117111 -0.147358 -0.0103433 0.340864
7.2744 1.78854 2.66997 0.307206 0.225056 0.192213 0.90445 0.202897 0.0933156 -0.117111 -0.147358 -0.0103433 0.340864
7.35415 1.83854 2.63813 0.273397 0.254427 0.208483 0.903911 0.381783 0.526133 -0.19064 0.0893815 0.185075 0.340864
7.41638 1.88075 2.61071 0.261601 0.25296 0.228263 0.903035 0.0890163 -0.861078 -0.0299123 -0.0527659 0.121553 0.340864
7.46686 1.91566 2.58957 0.244825 0.235361 0.229034 0.912255 0.292855 0.599527 -0.0785328 -0.130933 -0.0104032 0.340864
7.57327 1.98641 2.54852 0.227883 0.217603 0.22965 0.920858 0.496694 0.599527 -0.0785328 -0.130933 -0.0104032 0.340864
7.69392 2.05993 2.50395 0.21794 0.211205 0.201472 0.931291 0.374881 -0.358273 -0.0952897 -0.0236756 -0.16261 0.340864
7.78384 2.107 2.47094 0.20777 0.204587 0.173083 0.940754 0.253069 -0.358273 -0.0952897 -0.0236756 -0.16261 0.340864
7.8405 2.13214 2.45033 0.197382 0.197755 0.144514 0.949236 0.131256 -0.358273 -0.0952897 -0.0236756 -0.16261 0.340864
7.86173 2.14006 2.44268 0.186789 0.190717 0.115794 0.956728 0.00944293 -0.358273 -0.0952897 -0.0236756 -0.16261 0.340864
7.90688 2.15385 2.42887 0.210223 0.158709 0.107693 0.958655 0.279939 0.795577 0.142514 -0.15748 -0.108395 0.340864
8.02787 2.19109 2.39058 0.188096 0.186659 0.113684 0.957525 0.498133 0.641747 -0.135521 0.137275 0.0897447 0.340864
8.15102 2.22853 2.35008 0.189226 0.167619 0.10471 0.961838 0.295659 -0.595512 0.00447476 -0.101304 -0.0757453 0.340864
8.2124 2.24539 2.33226 0.190269 0.148501 0.0956878 0.965706 0.0931853 -0.595512 0.00447476 -0.101304 -0.0757453 0.340864
8.27577 2.26227 2.31437 0.18965 0.16078 0.0996732 0.963456 0.306732 0.628079 -0.00443097 0.066913 0.0381923 0.340864
8.37099 2.28684 2.28622 0.182724 0.160573 0.0871568 0.966039 0.294934 -0.0347015 -0.0538511 0.00628638 -0.0661329 0.340864
8.46291 2.30787 2.25857 0.175759 0.160332 0.074622 0.968418 0.283135 -0.0347015 -0.0538511 0.00628638 -0.0661329 0.340864
8.55145 2.32558 2.23152 0.168758 0.160057 0.0620714 0.970592 0.271337 -0.0347015 -0.0538511 0.00628638 -0.0661329 0.340864
8.63651 2.34014 2.20514 0.161721 0.159749 0.0495077 0.972561 0.259538 -0.0347015 -0.0538511 0.00628638 -0.0661329 0.340864
8.71803 2.35176 2.17953 0.154649 0.159406 0.0369335 0.974325 0.24774 -0.0347015 -0.0538511 0.00628638 -0.0661329 0.340864
8.79593 2.36064 2.15476 0.147545 0.15903 0.0243515 0.975883 0.235941 -0.0347015 -0.0538511 0.00628638 -0.0661329 0.340864
8.87015 2.36698 2.13091 0.14041 0.15862 0.0117644 0.977234 0.224142 -0.0347015 -0.0538511 0.00628638 -0.0661329 0.340864
8.96106 2.37435 2.10461 0.149487 0.131639 0.0239631 0.979669 0.3343 0.323992 0.0634299 -0.166844 0.0392067 0.340864
9.08953 2.38702 2.07536 0.15842 0.104531 0.0361387 0.981158 0.444457 0.323992 0.0634299 -0.166844 0.0392067 0.340864
9.23599 2.40506 2.04421 0.186407 0.121315 0.0462874 0.973855 0.442812 -0.00483819 0.171039 0.0978659 0.0585689 0.340864
9.38042 2.42783 2.00952 0.214166 0.137949 0.0563796 0.965362 0.441167 -0.00483819 0.171039 0.0978659 0.0585689 0.340864
9.5226 2.45548 1.97167 0.241664 0.154416 0.0664029 0.955691 0.439522 -0.00483819 0.171039 0.0978659 0.0585689 0.340864
9.66234 2.4881 1.93103 0.268866 0.170694 0.0763451 0.944852 0.437877 -0.00483819 0.171039 0.0978659 0.0585689 0.340864
9.79947 2.52579 1.88798 0.295741 0.186763 0.0861941 0.93286 0.436232 -0.00483819 0.171039 0.0978659 0.0585689 0.340864
9.93383 2.56859 1.84293 0.322254 0.202604 0.0959379 0.919728 0.434587 -0.00483819 0.171039 0.0978659 0.0585689 0.340864
10.0652 2.61653 1.79626 0.348373 0.218198 0.105564 0.905473 0.432942 -0.00483819 0.171039 0.0978659 0.0585689 0.340864
10.1936 2.66962 1.74838 0.374067 0.233525 0.115062 0.890113 0.431297 -0.00483819 0.171039 0.0978659 0.0585689 0.340864
10.3187 2.72784 1.69971 0.399304 0.248567 0.124419 0.873665 0.429652 -0.00483819 0.171039 0.0978659 0.0585689 0.340864
10.443 2.78682 1.65492 0.406072 0.219722 0.125666 0.878086 0.42147 -0.0240649 0.0473377 -0.152705 -0.0744906 0.340864
10.5684 2.84219 1.61833 0.412475 0.190679 0.126799 0.881719 0.413288 -0.0240649 0.0473377 -0.152705 -0.0744906 0.340864
10.6944 2.89384 1.58976 0.418507 0.161465 0.127819 0.884558 0.405106 -0.0240649 0.0473377 -0.152705 -0.0744906 0.340864
10.8203 2.94169 1.56904 0.424163 0.132105 0.128723 0.886603 0.396924 -0.0240649 0.0473377 -0.152705 -0.0744906 0.340864
10.9457 2.98568 1.55593 0.429438 0.102627 0.129512 0.88785 0.388742 -0.0240649 0.0473377 -0.152705 -0.0744906 0.340864
11.0701 3.02577 1.55018 0.434326 0.0730567 0.130185 0.888299 0.38056 -0.0240649 0.0473377 -0.152705 -0.0744906 0.340864
11.1928 3.06195 1.55151 0.438825 0.0434206 0.13074 0.88795 0.372378 -0.0240649 0.0473377 -0.152705 -0.0744906 0.340864
11.3135 3.09422 1.5596 0.442928 0.0137454 0.131178 0.886802 0.364196 -0.0240649 0.0473377 -0.152705 -0.0744906 0.340864
11.4317 3.1226 1.57413 0.446634 -0.0159422 0.131498 0.884857 0.356014 -0.0240649 0.0473377 -0.152705 -0.0744906 0.340864
11.5556 3.1497 1.5963 0.456693 -0.0413206 0.136924 0.878052 0.401077 0.132539 0.089372 -0.139229 -0.0322281 0.340864
11.6931 3.17765 1.62852 0.466378 -0.0666651 0.142238 0.870526 0.44614 0.132539 0.089372 -0.139229 -0.0322281 0.340864
11.8437 3.20571 1.67223 0.475679 -0.0919549 0.147436 0.862286 0.491203 0.132539 0.089372 -0.139229 -0.0322281 0.340864
11.9846 3.22552 1.71394 0.501896 -0.0886324 0.1094 0.853391 0.381272 -0.323327 0.175622 0.141258 -0.161795 0.340864
12.092 3.23281 1.74071 0.526996 -0.0851128 0.0711216 0.842599 0.271341 -0.323327 0.175622 0.141258 -0.161795 0.340864
12.1641 3.23281 1.75521 0.550924 -0.0814039 0.0326846 0.829933 0.16141 -0.323327 0.175622 0.141258 -0.161795 0.340864
12.1998 3.23057 1.76065 0.573627 -0.077514 -0.00582497 0.81542 0.0514791 -0.323327 0.175622 0.141258 -0.161795 0.340864
12.2631 3.22369 1.76696 0.585069 -0.0680611 -0.0207313 0.807856 0.324756 0.803755 0.0875352 0.0918061 -0.0346475 0.340864
12.3679 3.21176 1.77576 0.574574 -0.0653839 -0.0227812 0.815519 0.297938 -0.0788758 -0.0750976 0.0241253 -0.00379507 0.340864
12.4637 3.20093 1.78329 0.563976 -0.062695 -0.024827 0.823034 0.27112 -0.0788758 -0.0750976 0.0241253 -0.00379507 0.340864
12.5506 3.19118 1.78965 0.553276 -0.0599947 -0.0268683 0.8304 0.244303 -0.0788758 -0.0750976 0.0241253 -0.00379507 0.340864
12.6284 3.18248 1.79494 0.542476 -0.0572836 -0.0289048 0.837618 0.217485 -0.0788758 -0.0750976 0.0241253 -0.00379507 0.340864
12.6973 3.17482 1.79924 0.531578 -0.0545622 -0.030936 0.844684 0.190667 -0.0788758 -0.0750976 0.0241253 -0.00379507 0.340864
12.7758 3.16432 1.80591 0.50627 -0.0844443 -0.0381826 0.857381 0.276917 0.253676 -0.168611 -0.11717 -0.135297 0.340864
12.882 3.14573 1.82021 0.480078 -0.114179 -0.0453624 0.86858 0.363167 0.253676 -0.168611 -0.11717 -0.135297 0.340864
13.0148 3.11723 1.84517 0.453047 -0.143714 -0.052463 0.878261 0.449416 0.253676 -0.168611 -0.11717 -0.135297 0.340864
13.1428 3.0865 1.87258 0.429123 -0.144357 -0.0627197 0.889427 0.341296 -0.318001 -0.144899 0.0408411 -0.0714896 0.340864
13.2355 3.0629 1.89234 0.404855 -0.144883 -0.072926 0.899879 0.233175 -0.318001 -0.144899 0.0408411 -0.0714896 0.340864
13.2931 3.04741 1.9046 0.380262 -0.145294 -0.0830738 0.909609 0.125055 -0.318001 -0.144899 0.0408411 -0.0714896 0.340864
13.3158 3.04098 1.90945 0.355364 -0.145588 -0.093155 0.918609 0.0169343 -0.318001 -0.144899 0.0408411 -0.0714896 0.340864
13.3257 3.03812 1.91139 0.330903 -0.128157 -0.0995802 0.929604 0.0448384 0.0820707 -0.140129 0.130465 -0.0132073 0.340864
13.3406 3.0335 1.91377 0.323953 -0.11478 -0.129847 0.930064 0.0478521 0.0088639 -0.00825169 0.136507 -0.144464 0.340864
13.3563 3.02781 1.91558 0.316632 -0.101271 -0.159965 0.929462 0.0508658 0.0088639 -0.00825169 0.136507 -0.144464 0.340864
13.3727 3.02097 1.91675 0.30895 -0.0876473 -0.1899 0.927796 0.0538795 0.0088639 -0.00825169 0.136507 -0.144464 0.340864
13.3897 3.01289 1.91722 0.300914 -0.073923 -0.219618 0.92507 0.0568933 0.0088639 -0.00825169 0.136507 -0.144464 0.340864
13.4072 3.00351 1.91691 0.292533 -0.0601142 -0.249085 0.921286 0.059907 0.0088639 -0.00825169 0.136507 -0.144464 0.340864
13.425 2.99274 1.91577 0.283819 -0.0462366 -0.278267 0.916448 0.0629207 0.0088639 -0.00825169 0.136507 -0.144464 0.340864
13.4431 2.98054 1.91376 0.274779 -0.0323061 -0.307131 0.910562 0.0659344 0.0088639 -0.00825169 0.136507 -0.144464 0.340864
13.4613 2.96685 1.91083 0.265426 -0.0183387 -0.335644 0.903635 0.0689482 0.0088639 -0.00825169 0.136507 -0.144464 0.340864
13.4871 2.94678 1.90472 0.267365 0.020321 -0.33305 0.90398 0.12699 0.17071 0.0858387 0.197705 0.0750556 0.340864
13.5283 2.91617 1.89138 0.268902 0.0589501 -0.329955 0.902965 0.185031 0.17071 0.0858387 0.197705 0.0750556 0.340864
13.5845 2.8762 1.86812 0.270034 0.0974904 -0.326364 0.900591 0.243073 0.17071 0.0858387 0.197705 0.0750556 0.340864
13.6325 2.84068 1.84548 0.252928 0.09988 -0.3531 0.895194 0.132545 -0.32508 -0.0928087 0.091078 -0.138415 0.340864
13.6513 2.82494 1.83605 0.235558 0.102166 -0.379468 0.888864 0.0220183 -0.32508 -0.0928087 0.091078 -0.138415 0.340864
13.6836 2.79226 1.81812 0.203215 0.111376 -0.412769 0.880864 0.268315 0.724403 -0.157538 0.171369 -0.159839 0.340864
13.7417 2.73142 1.78414 0.201643 0.126246 -0.40142 0.884457 0.265325 -0.00879517 0.0311006 0.0649517 0.0863434 0.340864
13.8001 2.67333 1.74864 0.199997 0.14107 -0.389924 0.887727 0.262335 -0.00879517 0.0311006 0.0649517 0.0863434 0.340864
13.8587 2.61799 1.71166 0.198278 0.155843 -0.378285 0.890673 0.259344 -0.00879517 0.0311006 0.0649517 0.0863434 0.340864
13.9174 2.56539 1.67324 0.196487 0.170559 -0.366508 0.893294 0.256354 -0.00879517 0.0311006 0.0649517 0.0863434 0.340864
13.9894 2.49996 1.62326 0.211497 0.170843 -0.385113 0.881913 0.387078 0.384483 0.0739841 0.00205438 -0.137045 0.340864
14.038 2.45407 1.59061 0.194427 0.137533 -0.383941 0.892117 0.050741 -0.989227 -0.175575 -0.145881 0.00491141 0.340864
14.0513 2.44104 1.58238 0.217856 0.135156 -0.4014 0.879289 0.0690958 0.0539846 0.11815 -0.0350518 -0.142291 0.340864
14.068 2.42363 1.57115 0.241063 0.13264 -0.418448 0.865561 0.0874505 0.0539846 0.11815 -0.0350518 -0.142291 0.340864
14.0884 2.40248 1.55579 0.237984 0.173939 -0.404578 0.865694 0.10737 0.0585879 0.0966425 0.198146 0.131955 0.340864
14.1126 2.37875 1.53484 0.23445 0.214906 -0.389936 0.864175 0.12729 0.0585879 0.0966425 0.198146 0.131955 0.340864
14.1405 2.35309 1.50758 0.23047 0.255463 -0.37455 0.861008 0.14721 0.0585879 0.0966425 0.198146 0.131955 0.340864
14.1663 2.32853 1.47893 0.217618 0.276013 -0.392702 0.849849 0.121857 -0.0745669 -0.0319707 0.173803 -0.0693612 0.340864
14.1854 2.30786 1.45473 0.20454 0.296275 -0.410446 0.837806 0.0965046 -0.0745669 -0.0319707 0.173803 -0.0693612 0.340864
14.1986 2.29147 1.4355 0.191248 0.316229 -0.427761 0.82489 0.0711519 -0.0745669 -0.0319707 0.173803 -0.0693612 0.340864
14.2067 2.27968 1.42171 0.177758 0.335854 -0.444632 0.811115 0.0457991 -0.0745669 -0.0319707 0.173803 -0.0693612 0.340864
14.2155 2.26375 1.40434 0.155423 0.331955 -0.474492 0.800316 0.102323 0.166248 -0.164506 0.0923984 -0.130699 0.340864
14.2289 2.23339 1.37487 0.132851 0.327552 -0.503631 0.7883 0.158848 0.166248 -0.164506 0.0923984 -0.130699 0.340864
14.2449 2.18683 1.33458 0.110077 0.32265 -0.532002 0.775083 0.215372 0.166248 -0.164506 0.0923984 -0.130699 0.340864
14.2613 2.12255 1.28502 0.087135 0.317257 -0.559564 0.760686 0.271896 0.166248 -0.164506 0.0923984 -0.130699 0.340864
14.2744 2.05376 1.23339 0.110119 0.323242 -0.576045 0.742671 0.239896 -0.0941175 0.101044 -0.00680139 -0.172903 0.340864
14.2853 1.96085 1.16447 0.0936939 0.32335 -0.601804 0.724222 0.443766 0.599617 -0.108442 0.107914 -0.143777 0.340864
14.2944 1.84007 1.07832 0.0809629 0.332915 -0.601272 0.721862 0.430525 -0.0389448 -0.0180642 0.0900161 0.0233968 0.340864
14.3015 1.7225 0.995263 0.0682109 0.342393 -0.600585 0.719314 0.417283 -0.0389448 -0.0180642 0.0900161 0.0233968 0.340864
14.3069 1.60816 0.91531 0.0554412 0.351783 -0.599741 0.716579 0.404042 -0.0389448 -0.0180642 0.0900161 0.0233968 0.340864
14.3107 1.49707 0.838479 0.0426571 0.361081 -0.598742 0.713659 0.390801 -0.0389448 -0.0180642 0.0900161 0.0233968 0.340864
14.3129 1.38925 0.764779 0.029862 0.370286 -0.597587 0.710553 0.37756 -0.0389448 -0.0180642 0.0900161 0.0233968 0.340864
14.3137 1.28472 0.694215 0.0170591 0.379395 -0.596278 0.707264 0.364319 -0.0389448 -0.0180642 0.0900161 0.0233968 0.340864
14.3132 1.18351 0.626787 0.0042518 0.388405 -0.594813 0.70379 0.351077 -0.0389448 -0.0180642 0.0900161 0.0233968 0.340864
14.3115 1.08564 0.562487 -0.00855662 0.397314 -0.593195 0.700134 0.337836 -0.0389448 -0.0180642 0.0900161 0.0233968 0.340864
14.3087 0.991139 0.501306 -0.0213628 0.406121 -0.591422 0.696297 0.324595 -0.0389448 -0.0180642 0.0900161 0.0233968 0.340864
14.305 0.90003 0.443225 -0.0341635 0.414822 -0.589497 0.692279 0.311354 -0.0389448 -0.0180642 0.0900161 0.0233968 0.340864
14.3035 0.815422 0.392478 -0.0404715 0.381321 -0.59198 0.708883 0.269188 -0.124016 -0.144612 -0.155601 0.0696066 0.340864
14.3061 0.741078 0.352734 -0.0467211 0.34727 -0.593609 0.724464 0.227023 -0.124016 -0.144612 -0.155601 0.0696066 0.340864
14.3113 0.677918 0.323004 -0.0529032 0.312718 -0.594381 0.739 0.184858 -0.124016 -0.144612 -0.155601 0.0696066 0.340864
14.3179 0.626727 0.302128 -0.0590089 0.277714 -0.594294 0.752468 0.142692 -0.124016 -0.144612 -0.155601 0.0696066 0.340864
14.3244 0.588146 0.288796 -0.0650295 0.242309 -0.593349 0.764849 0.100527 -0.124016 -0.144612 -0.155601 0.0696066 0.340864
14.3297 0.562667 0.281562 -0.0709561 0.206554 -0.591548 0.776126 0.0583616 -0.124016 -0.144612 -0.155601 0.0696066 0.340864
14.3326 0.550629 0.278864 -0.0767803 0.170501 -0.588892 0.786282 0.0161962 -0.124016 -0.144612 -0.155601 0.0696066 0.340864
14.3438 0.504407 0.268878 -0.0606532 0.187953 -0.595375 0.778796 0.269674 0.745522 0.125175 0.0294348 -0.0799806 0.340864
14.3567 0.449486 0.25473 -0.0459949 0.211501 -0.585786 0.781029 0.0725218 -0.579859 0.161042 0.0575001 0.0271435 0.340864
14.3676 0.410385 0.243073 -0.033249 0.195502 -0.565992 0.800204 0.175921 0.304116 0.0332514 -0.135948 0.14551 0.340864
14.3919 0.340029 0.221924 -0.020464 0.179274 -0.545532 0.818436 0.27932 0.304116 0.0332514 -0.135948 0.14551 0.340864
14.4336 0.239937 0.191797 -0.00765479 0.162834 -0.524429 0.835704 0.38272 0.304116 0.0332514 -0.135948 0.14551 0.340864
14.4964 0.111908 0.153503 0.0051634 0.146202 -0.502708 0.851988 0.486119 0.304116 0.0332514 -0.135948 0.14551 0.340864
14.5501 0.0109935 0.124233 0.0129921 0.132758 -0.502821 0.854036 0.207982 -0.818049 -0.000680926 -0.0922912 -0.00165153 0.340864
14.5766 -0.0380085 0.109049 0.0387163 0.147062 -0.49884 0.853248 0.131743 -0.224232 0.174737 -0.00391271 -0.00132647 0.340864
14.5912 -0.0644976 0.099157 0.0644064 0.161237 -0.494419 0.851707 0.0555046 -0.224232 0.174737 -0.00391271 -0.00132647 0.340864
14.5959 -0.0725961 0.095522 0.0683325 0.200769 -0.475275 0.853895 0.00340671 -0.153229 0.152018 0.177365 0.113565 0.340864
