0 0 0 0 0 0 1 4.65432e-310 0 0 0 0 0
0.0166001 9.70148e-05 -0.000575278 -0.0126038 0.0259347 0.00462622 0.999573 0.0977157 0.287399 -0.0741504 0.152579 0.0272169 0.340864
0.0662623 0.000731885 -0.00460527 -0.0251968 0.0518472 0.00924849 0.998294 0.195431 0.287399 -0.0741504 0.152579 0.0272169 0.340864
0.138747 0.00383622 -0.0125858 -0.0214692 0.0565195 0.0351198 0.997553 0.233964 0.11333 0.0294194 0.0317044 0.150153 0.340864
0.223835 0.0119413 -0.0228575 -0.0177264 0.0611519 0.0609663 0.996107 0.272496 0.11333 0.0294194 0.0317044 0.150153 0.340864
0.335237 0.0239169 -0.0384597 -0.010821 0.0749272 0.0480029 0.995974 0.39298 0.354365 0.0308466 0.0818938 -0.0798367 0.340864
0.433327 0.0348217 -0.0528714 -0.0462663 0.0660496 0.0677859 0.994435 0.193767 -0.585921 -0.19659 -0.0600996 0.132563 0.340864
0.521566 0.0486753 -0.0663109 -0.0602497 0.0742152 0.0921745 0.991144 0.337611 0.423072 -0.0764853 0.0501134 0.147208 0.340864
0.656003 0.0761245 -0.0899194 -0.0741809 0.0823163 0.116483 0.986992 0.481456 0.423072 -0.0764853 0.0501134 0.147208 0.340864
0.813342 0.109311 -0.115487 -0.0854324 0.0589689 0.101055 0.98945 0.476439 -0.0147543 -0.0557329 -0.151206 -0.0756298 0.340864
0.97093 0.137711 -0.133312 -0.0966057 0.0355675 0.0855354 0.991003 0.471423 -0.0147543 -0.0557329 -0.151206 -0.0756298 0.340864
1.12823 0.161521 -0.143386 -0.107691 0.0121335 0.0699369 0.991647 0.466406 -0.0147543 -0.0557329 -0.151206 -0.0756298 0.340864
1.28472 0.180945 -0.145735 -0.118677 -0.0113116 0.0542745 0.991384 0.46139 -0.0147543 -0.0557329 -0.151206 -0.0756298 0.340864
1.43988 0.196201 -0.140415 -0.129554 -0.0347464 0.0385623 0.990213 0.456373 -0.0147543 -0.0557329 -0.151206 -0.0756298 0.340864
1.59322 0.207516 -0.127515 -0.140313 -0.0581493 0.0228148 0.988135 0.451357 -0.0147543 -0.0557329 -0.151206 -0.0756298 0.340864
1.74425 0.215128 -0.107154 -0.150943 -0.081499 0.00704645 0.985152 0.44634 -0.0147543 -0.0557329 -0.151206 -0.0756298 0.340864
1.89251 0.21928 -0.0794777 -0.161436 -0.104774 -0.00872838 0.981267 0.441324 -0.0147543 -0.0557329 -0.151206 -0.0756298 0.340864
2.03757 0.220224 -0.0446636 -0.17178 -0.127953 -0.0244952 0.976483 0.436307 -0.0147543 -0.0557329 -0.151206 -0.0756298 0.340864
2.16734 0.220954 -0.00823346 -0.139023 -0.142743 -0.0125771 0.979867 0.356583 -0.234483 0.180515 -0.0751046 0.108571 0.340864
2.27018 0.223471 0.0235923 -0.106066 -0.157328 -0.000640836 0.981834 0.276859 -0.234483 0.180515 -0.0751046 0.108571 0.340864
2.34641 0.226648 0.0495041 -0.0729553 -0.171684 0.0112964 0.982382 0.197135 -0.234483 0.180515 -0.0751046 0.108571 0.340864
2.41908 0.231699 0.0766543 -0.042399 -0.185814 0.0331581 0.98111 0.260202 0.185492 0.154932 -0.071546 0.163384 0.340864
2.51047 0.241349 0.113944 -0.0117744 -0.199645 0.0549664 0.978255 0.323269 0.185492 0.154932 -0.071546 0.163384 0.340864
2.61974 0.256719 0.162681 0.0188692 -0.213153 0.076686 0.973822 0.386337 0.185492 0.154932 -0.071546 0.163384 0.340864
2.73533 0.27697 0.220949 0.0190814 -0.242013 0.091561 0.965755 0.384535 -0.00529914 -0.0035227 -0.17702 0.0859267 0.340864
2.84605 0.300498 0.285715 0.0192721 -0.270601 0.106333 0.956607 0.382733 -0.00529914 -0.0035227 -0.17702 0.0859267 0.340864
2.95144 0.327147 0.356638 0.0194413 -0.298887 0.120987 0.946388 0.380932 -0.00529914 -0.0035227 -0.17702 0.0859267 0.340864
3.05108 0.356748 0.433349 0.0195888 -0.326838 0.135505 0.935111 0.37913 -0.00529914 -0.0035227 -0.17702 0.0859267 0.340864
3.14458 0.389119 0.51546 0.0197143 -0.354423 0.149871 0.922786 0.377328 -0.00529914 -0.0035227 -0.17702 0.0859267 0.340864
3.23156 0.424067 0.60256 0.0198177 -0.381611 0.16407 0.909429 0.375526 -0.00529914 -0.0035227 -0.17702 0.0859267 0.340864
3.31759 0.457562 0.690908 0.0342318 -0.36544 0.144668 0.918887 0.376236 0.0020874 0.103969 0.123933 -0.0786922 0.340864
3.40828 0.48567 0.776785 0.0486139 -0.348927 0.12513 0.927485 0.376946 0.0020874 0.103969 0.123933 -0.0786922 0.340864
3.50339 0.508353 0.859803 0.0629505 -0.332088 0.105476 0.935216 0.377656 0.0020874 0.103969 0.123933 -0.0786922 0.340864
3.60264 0.525594 0.939585 0.0772283 -0.314938 0.0857226 0.942073 0.378365 0.0020874 0.103969 0.123933 -0.0786922 0.340864
3.70576 0.537397 1.01576 0.0914339 -0.297494 0.0658893 0.948049 0.379075 0.0020874 0.103969 0.123933 -0.0786922 0.340864
3.81244 0.543786 1.08798 0.105554 -0.279771 0.0459944 0.953138 0.379785 0.0020874 0.103969 0.123933 -0.0786922 0.340864
3.93524 0.548739 1.16655 0.143037 -0.272308 0.0615715 0.949525 0.478247 0.289595 0.184799 0.0363765 0.154678 0.340864
4.04329 0.555095 1.23755 0.126932 -0.288647 0.0710551 0.94632 0.283276 -0.573445 -0.0965427 -0.11022 0.0145868 0.340864
4.11257 0.56191 1.2822 0.140907 -0.255136 0.0936353 0.951989 0.203286 -0.235264 0.021221 0.18521 0.172129 0.340864
4.1605 0.569008 1.30927 0.15462 -0.221149 0.116041 0.955887 0.123296 -0.235264 0.021221 0.18521 0.172129 0.340864
4.1855 0.573929 1.32162 0.168045 -0.186752 0.138231 0.958007 0.0433068 -0.235264 0.021221 0.18521 0.172129 0.340864
4.20593 0.578152 1.33022 0.165275 -0.167493 0.119489 0.964548 0.0894356 0.135673 -0.0171499 0.132005 -0.0949539 0.340864
4.24137 0.584284 1.34322 0.162377 -0.148105 0.100655 0.970344 0.135564 0.135673 -0.0171499 0.132005 -0.0949539 0.340864
4.29236 0.591416 1.35927 0.159354 -0.128603 0.0817431 0.97539 0.181693 0.135673 -0.0171499 0.132005 -0.0949539 0.340864
4.35929 0.598601 1.37697 0.156207 -0.109001 0.062768 0.979683 0.227822 0.135673 -0.0171499 0.132005 -0.0949539 0.340864
4.43469 0.607678 1.39423 0.183121 -0.090815 0.0910275 0.974645 0.230376 0.00751308 0.134939 0.0855692 0.198744 0.340864
4.51065 0.621239 1.40998 0.209692 -0.0724585 0.119116 0.967776 0.232931 0.00751308 0.134939 0.0855692 0.198744 0.340864
4.58681 0.639424 1.42442 0.235868 -0.0539659 0.14698 0.959089 0.235485 0.00751308 0.134939 0.0855692 0.198744 0.340864
4.66281 0.662339 1.43773 0.261601 -0.0353719 0.174569 0.948599 0.23804 0.00751308 0.134939 0.0855692 0.198744 0.340864
4.73829 0.690056 1.45014 0.286842 -0.0167115 0.201829 0.936327 0.240594 0.00751308 0.134939 0.0855692 0.198744 0.340864
4.81287 0.722612 1.46187 0.311544 0.00198038 0.22871 0.922295 0.243149 0.00751308 0.134939 0.0855692 0.198744 0.340864
4.88621 0.760007 1.47318 0.335661 0.0206685 0.255162 0.90653 0.245703 0.00751308 0.134939 0.0855692 0.198744 0.340864
4.95793 0.802206 1.48432 0.359147 0.0393178 0.281134 0.889062 0.248257 0.00751308 0.134939 0.0855692 0.198744 0.340864
5.0277 0.849133 1.49556 0.381959 0.0578933 0.306577 0.869923 0.250812 0.00751308 0.134939 0.0855692 0.198744 0.340864
5.1049 0.907665 1.51186 0.404539 0.0459439 0.338257 0.848422 0.327221 0.224733 0.196263 -0.0843127 0.166409 0.340864
5.19753 0.985404 1.54023 0.426262 0.0338973 0.36922 0.825123 0.40363 0.224733 0.196263 -0.0843127 0.166409 0.340864
5.27858 1.05335 1.571 0.430203 0.00144922 0.355331 0.829857 0.244411 -0.468292 0.0749827 -0.115074 -0.159875 0.340864
5.32439 1.09074 1.59251 0.443337 -0.0294847 0.384819 0.80901 0.125898 -0.348568 0.181848 -0.198078 0.109169 0.340864
5.35265 1.11496 1.60997 0.447382 -0.0643955 0.40035 0.797134 0.115994 -0.0291289 0.126591 -0.199593 0.010453 0.340864
5.37734 1.13654 1.62867 0.450704 -0.099202 0.415232 0.783968 0.10609 -0.0291289 0.126591 -0.199593 0.010453 0.340864
5.39852 1.15549 1.648 0.453298 -0.133848 0.429444 0.769535 0.0961861 -0.0291289 0.126591 -0.199593 0.010453 0.340864
5.41633 1.17185 1.66742 0.455158 -0.168278 0.44296 0.753857 0.0862823 -0.0291289 0.126591 -0.199593 0.010453 0.340864
5.43091 1.18572 1.68637 0.456282 -0.202435 0.455761 0.73696 0.0763785 -0.0291289 0.126591 -0.199593 0.010453 0.340864
5.44251 1.19719 1.70435 0.456668 -0.236265 0.467824 0.71887 0.0664747 -0.0291289 0.126591 -0.199593 0.010453 0.340864
5.45138 1.20642 1.72089 0.456315 -0.269713 0.47913 0.699618 0.0565708 -0.0291289 0.126591 -0.199593 0.010453 0.340864
5.45783 1.21357 1.73556 0.455224 -0.302725 0.489662 0.679235 0.046667 -0.0291289 0.126591 -0.199593 0.010453 0.340864
5.4622 1.21885 1.74797 0.453397 -0.335247 0.499401 0.657753 0.0367632 -0.0291289 0.126591 -0.199593 0.010453 0.340864
5.46487 1.22247 1.7578 0.450837 -0.367227 0.508333 0.635207 0.0268593 -0.0291289 0.126591 -0.199593 0.010453 0.340864
5.46695 1.22563 1.76634 0.446806 -0.341881 0.51702 0.645114 0.0280503 0.00350281 -0.135909 0.0810279 0.0613526 0.340864
5.46929 1.22938 1.77502 0.442403 -0.31625 0.525277 0.654484 0.0292412 0.00350281 -0.135909 0.0810279 0.0613526 0.340864
5.47188 1.23375 1.78379 0.437632 -0.290356 0.533096 0.66331 0.0304322 0.00350281 -0.135909 0.0810279 0.0613526 0.340864
5.47473 1.23877 1.79263 0.432497 -0.264221 0.540472 0.671583 0.0316232 0.00350281 -0.135909 0.0810279 0.0613526 0.340864
5.47782 1.24445 1.80146 0.427002 -0.237865 0.547397 0.679298 0.0328141 0.00350281 -0.135909 0.0810279 0.0613526 0.340864
5.48114 1.25083 1.81025 0.421151 -0.211312 0.553868 0.686447 0.0340051 0.00350281 -0.135909 0.0810279 0.0613526 0.340864
5.48468 1.25793 1.81894 0.41495 -0.184583 0.559877 0.693025 0.035196 0.00350281 -0.135909 0.0810279 0.0613526 0.340864
5.48843 1.26575 1.82748 0.408404 -0.1577 0.56542 0.699026 0.036387 0.00350281 -0.135909 0.0810279 0.0613526 0.340864
5.50081 1.29385 1.85598 0.378765 -0.173823 0.571727 0.706718 0.210097 0.510911 -0.0925991 -0.172928 -0.0658944 0.340864
5.52831 1.36298 1.92423 0.348657 -0.189731 0.577327 0.713537 0.383807 0.510911 -0.0925991 -0.172928 -0.0658944 0.340864
5.56153 1.45441 2.00954 0.329836 -0.180452 0.584293 0.719199 0.377337 -0.0190286 -0.129904 -0.0329402 0.00803598 0.340864
5.59301 1.54799 2.08971 0.310844 -0.171079 0.590955 0.724486 0.370867 -0.0190286 -0.129904 -0.0329402 0.00803598 0.340864
5.62283 1.64343 2.1647 0.29169 -0.161617 0.597309 0.729396 0.364398 -0.0190286 -0.129904 -0.0329402 0.00803598 0.340864
5.65107 1.74044 2.23447 0.272384 -0.152071 0.603352 0.733927 0.357928 -0.0190286 -0.129904 -0.0329402 0.00803598 0.340864
5.67671 1.83146 2.29533 0.238176 -0.163806 0.598153 0.747431 0.303591 -0.159813 -0.123052 -0.151696 -0.119804 0.340864
5.69869 1.90873 2.34411 0.203607 -0.175292 0.592047 0.759801 0.249255 -0.159813 -0.123052 -0.151696 -0.119804 0.340864
5.71692 1.97167 2.38162 0.168729 -0.186512 0.585042 0.771019 0.194919 -0.159813 -0.123052 -0.151696 -0.119804 0.340864
5.73336 2.03407 2.41459 0.160342 -0.151497 0.610702 0.760515 0.231489 0.107561 -0.176328 0.0929825 0.178138 0.340864
5.74925 2.11041 2.4482 0.151624 -0.116169 0.6351 0.74844 0.26806 0.107561 -0.176328 0.0929825 0.178138 0.340864
5.7632 2.20102 2.48088 0.142592 -0.0806014 0.658187 0.73482 0.304631 0.107561 -0.176328 0.0929825 0.178138 0.340864
5.77248 2.29577 2.50987 0.132481 -0.0665623 0.68049 0.717602 0.280916 -0.0697513 -0.0942094 -0.0053353 0.17008 0.340864
5.77589 2.38401 2.53372 0.122225 -0.0524504 0.702048 0.699598 0.2572 -0.0697513 -0.0942094 -0.0053353 0.17008 0.340864
5.7743 2.46516 2.55288 0.111835 -0.0382811 0.72284 0.680831 0.233485 -0.0697513 -0.0942094 -0.0053353 0.17008 0.340864
5.76607 2.58256 2.57415 0.0713477 -0.0325179 0.73584 0.6726 0.470168 0.696128 -0.184225 -0.159528 0.0817605 0.340864
5.75536 2.72351 2.5997 0.0915026 -0.0560243 0.726968 0.678238 0.374949 -0.280056 0.180853 -0.00096048 -0.065526 0.340864
5.74946 2.83144 2.62613 0.11156 -0.0794707 0.717318 0.68315 0.27973 -0.280056 0.180853 -0.00096048 -0.065526 0.340864
5.74695 2.90677 2.64949 0.131498 -0.102832 0.706901 0.687331 0.184511 -0.280056 0.180853 -0.00096048 -0.065526 0.340864
5.74642 2.95031 2.66591 0.151295 -0.126084 0.695729 0.690778 0.0892923 -0.280056 0.180853 -0.00096048 -0.065526 0.340864
5.74666 2.98046 2.6797 0.191323 -0.131714 0.689642 0.685887 0.105757 0.0484255 0.194616 0.142769 0.0199675 0.340864
5.74753 3.01457 2.69807 0.231027 -0.137121 0.682386 0.679833 0.122222 0.0484255 0.194616 0.142769 0.0199675 0.340864
5.74935 3.05213 2.72156 0.27034 -0.142296 0.673974 0.672627 0.138686 0.0484255 0.194616 0.142769 0.0199675 0.340864
5.75246 3.09263 2.75063 0.309194 -0.147229 0.66442 0.664281 0.155151 0.0484255 0.194616 0.142769 0.0199675 0.340864
5.75727 3.13546 2.78566 0.347525 -0.151913 0.653739 0.654809 0.171616 0.0484255 0.194616 0.142769 0.0199675 0.340864
5.76418 3.18 2.82696 0.385266 -0.156339 0.64195 0.644227 0.18808 0.0484255 0.194616 0.142769 0.0199675 0.340864
5.77365 3.22561 2.87474 0.422354 -0.160501 0.629073 0.632553 0.204545 0.0484255 0.194616 0.142769 0.0199675 0.340864
5.78618 3.27161 2.92914 0.458727 -0.16439 0.61513 0.619807 0.22101 0.0484255 0.194616 0.142769 0.0199675 0.340864
5.80226 3.31731 2.99018 0.494321 -0.168001 0.600144 0.606011 0.237474 0.0484255 0.194616 0.142769 0.0199675 0.340864
5.8224 3.36202 3.05779 0.529078 -0.171326 0.584142 0.591187 0.253939 0.0484255 0.194616 0.142769 0.0199675 0.340864
5.8473 3.40492 3.12543 0.534644 -0.160682 0.553675 0.617884 0.239569 -0.042264 -0.0696244 0.177919 -0.158993 0.340864
5.87671 3.44536 3.18657 0.539256 -0.14975 0.522221 0.643478 0.225199 -0.042264 -0.0696244 0.177919 -0.158993 0.340864
5.90974 3.48299 3.2412 0.542904 -0.138552 0.489834 0.667923 0.21083 -0.042264 -0.0696244 0.177919 -0.158993 0.340864
5.94548 3.51752 3.28939 0.545584 -0.127106 0.456572 0.691176 0.19646 -0.042264 -0.0696244 0.177919 -0.158993 0.340864
5.98302 3.54872 3.33129 0.547289 -0.115432 0.422495 0.713195 0.18209 -0.042264 -0.0696244 0.177919 -0.158993 0.340864
6.0215 3.57646 3.36713 0.548018 -0.103553 0.387665 0.733941 0.16772 -0.042264 -0.0696244 0.177919 -0.158993 0.340864
6.06007 3.60067 3.3972 0.547768 -0.0914894 0.352142 0.753376 0.153351 -0.042264 -0.0696244 0.177919 -0.158993 0.340864
6.09791 3.62135 3.42186 0.54654 -0.0792621 0.31599 0.771467 0.138981 -0.042264 -0.0696244 0.177919 -0.158993 0.340864
6.13427 3.63859 3.44155 0.544337 -0.0668933 0.279275 0.78818 0.124611 -0.042264 -0.0696244 0.177919 -0.158993 0.340864
6.16845 3.65254 3.45673 0.541162 -0.054405 0.24206 0.803487 0.110241 -0.042264 -0.0696244 0.177919 -0.158993 0.340864
6.22667 3.67686 3.47968 0.535379 -0.0338965 0.263132 0.801862 0.284784 0.513361 -0.0581156 0.0211024 0.165365 0.340864
6.33398 3.72937 3.52124 0.529113 -0.0133575 0.283967 0.799515 0.459327 0.513361 -0.0581156 0.0211024 0.165365 0.340864
6.46581 3.79467 3.57116 0.554265 -0.0164639 0.265481 0.788695 0.454652 -0.0137489 0.158637 0.0841056 -0.0765728 0.340864
6.59931 3.85321 3.62012 0.578807 -0.0195522 0.246702 0.777006 0.449977 -0.0137489 0.158637 0.0841056 -0.0765728 0.340864
6.73424 3.90509 3.66771 0.602711 -0.022619 0.227652 0.764462 0.445303 -0.0137489 0.158637 0.0841056 -0.0765728 0.340864
6.87181 3.94787 3.71396 0.624732 -0.0389903 0.194009 0.755347 0.44504 -0.000772032 0.157792 0.0739586 -0.194258 0.340864
7.01289 3.97899 3.75866 0.645524 -0.0552849 0.159984 0.744746 0.444778 -0.000772032 0.157792 0.0739586 -0.194258 0.340864
7.15665 3.99834 3.8011 0.665046 -0.0714707 0.125645 0.73268 0.444515 -0.000772032 0.157792 0.0739586 -0.194258 0.340864
7.30225 4.00592 3.84061 0.683258 -0.0875159 0.0910577 0.719171 0.444253 -0.000772032 0.157792 0.0739586 -0.194258 0.340864
7.44882 4.00183 3.8765 0.700127 -0.103389 0.0562916 0.704248 0.44399 -0.000772032 0.157792 0.0739586 -0.194258 0.340864
7.5955 3.98623 3.90816 0.715617 -0.119058 0.0214146 0.687938 0.443728 -0.000772032 0.157792 0.0739586 -0.194258 0.340864
7.74144 3.95941 3.93498 0.729699 -0.134493 -0.0135045 0.670275 0.443465 -0.000772032 0.157792 0.0739586 -0.194258 0.340864
7.88576 3.92171 3.95641 0.742345 -0.149664 -0.048397 0.651292 0.443203 -0.000772032 0.157792 0.0739586 -0.194258 0.340864
8.02762 3.8736 3.97192 0.753531 -0.16454 -0.0831942 0.631028 0.44294 -0.000772032 0.157792 0.0739586 -0.194258 0.340864
8.13892 3.83475 3.97944 0.734698 -0.126564 -0.0863862 0.660861 0.252073 -0.561375 -0.180548 0.193291 0.152922 0.340864
8.22936 3.80579 3.98032 0.743412 -0.111069 -0.110512 0.650223 0.306628 0.160458 0.105706 0.152181 -0.0257459 0.340864
8.33141 3.77177 3.97609 0.761899 -0.107652 -0.126736 0.625986 0.326661 0.0589189 0.189557 0.0561737 -0.0507965 0.340864
8.43914 3.73415 3.96715 0.779469 -0.104105 -0.142807 0.600996 0.346693 0.0589189 0.189557 0.0561737 -0.0507965 0.340864
8.55236 3.6931 3.95291 0.796101 -0.100433 -0.158706 0.575282 0.366725 0.0589189 0.189557 0.0561737 -0.0507965 0.340864
8.63567 3.65926 3.93874 0.773387 -0.111226 -0.200251 0.591102 0.168854 -0.581975 -0.136539 0.188664 -0.189866 0.340864
8.69067 3.63312 3.92594 0.771571 -0.10529 -0.229638 0.583831 0.197276 0.0835951 0.0529935 0.151735 -0.0849393 0.340864
8.75246 3.6014 3.90738 0.769019 -0.0992531 -0.258805 0.576002 0.225699 0.0835951 0.0529935 0.151735 -0.0849393 0.340864
8.8203 3.56385 3.8821 0.765732 -0.0931216 -0.287725 0.567624 0.254121 0.0835951 0.0529935 0.151735 -0.0849393 0.340864
8.89337 3.52025 3.84921 0.761715 -0.0869011 -0.31637 0.558703 0.282543 0.0835951 0.0529935 0.151735 -0.0849393 0.340864
8.97075 3.47045 3.80788 0.756969 -0.0805977 -0.344713 0.549249 0.310966 0.0835951 0.0529935 0.151735 -0.0849393 0.340864
9.05148 3.41436 3.75733 0.751501 -0.0742173 -0.372727 0.53927 0.339388 0.0835951 0.0529935 0.151735 -0.0849393 0.340864
9.13451 3.35193 3.69684 0.745315 -0.067766 -0.400385 0.528776 0.36781 0.0835951 0.0529935 0.151735 -0.0849393 0.340864
9.21873 3.28321 3.62578 0.738418 -0.06125 -0.427661 0.517778 0.396233 0.0835951 0.0529935 0.151735 -0.0849393 0.340864
9.30298 3.20828 3.54359 0.730815 -0.0546755 -0.454528 0.506285 0.424655 0.0835951 0.0529935 0.151735 -0.0849393 0.340864
9.35908 3.15295 3.48503 0.723011 -0.0880976 -0.461919 0.506089 0.152909 -0.799254 -0.109406 -0.0469725 -0.168757 0.340864
9.39233 3.11622 3.44971 0.702371 -0.0810734 -0.474629 0.524242 0.205015 0.153255 -0.112999 0.140478 0.0306727 0.340864
9.42697 3.07699 3.41114 0.724339 -0.0878628 -0.477161 0.489827 0.177438 -0.0811096 0.192242 -0.0882431 -0.121505 0.340864
9.45625 3.04439 3.37685 0.745061 -0.0945011 -0.478874 0.454569 0.149861 -0.0811096 0.192242 -0.0882431 -0.121505 0.340864
9.48037 3.01818 3.34733 0.764502 -0.100977 -0.479763 0.41853 0.122284 -0.0811096 0.192242 -0.0882431 -0.121505 0.340864
9.49947 2.99805 3.32303 0.782629 -0.107279 -0.479827 0.381771 0.0947063 -0.0811096 0.192242 -0.0882431 -0.121505 0.340864
9.51366 2.98364 3.30438 0.79941 -0.113397 -0.479066 0.344356 0.067129 -0.0811096 0.192242 -0.0882431 -0.121505 0.340864
9.52301 2.97457 3.29176 0.814816 -0.11932 -0.477481 0.306348 0.0395518 -0.0811096 0.192242 -0.0882431 -0.121505 0.340864
9.52753 2.9704 3.28552 0.828821 -0.125037 -0.475075 0.267814 0.0119745 -0.0811096 0.192242 -0.0882431 -0.121505 0.340864
9.53349 2.96511 3.27784 0.833922 -0.138211 -0.45281 0.283609 0.0531058 0.120974 -0.12218 -0.131963 0.0187397 0.340864
9.54775 2.95258 3.26152 0.838236 -0.151255 -0.430118 0.299135 0.0942371 0.120974 -0.12218 -0.131963 0.0187397 0.340864
9.5712 2.93219 3.2379 0.841757 -0.164155 -0.407019 0.314379 0.135368 0.120974 -0.12218 -0.131963 0.0187397 0.340864
9.60459 2.90343 3.20844 0.844483 -0.176901 -0.383536 0.329326 0.1765 0.120974 -0.12218 -0.131963 0.0187397 0.340864
9.64861 2.86589 3.17466 0.846411 -0.189479 -0.35969 0.343962 0.217631 0.120974 -0.12218 -0.131963 0.0187397 0.340864
9.70383 2.81926 3.13816 0.847539 -0.201879 -0.335504 0.358273 0.258762 0.120974 -0.12218 -0.131963 0.0187397 0.340864
9.77075 2.76332 3.10061 0.847867 -0.214087 -0.311002 0.372245 0.299894 0.120974 -0.12218 -0.131963 0.0187397 0.340864
9.85442 2.69302 3.06177 0.84551 -0.233976 -0.286305 0.385225 0.382481 0.242905 -0.137411 -0.146094 -0.024341 0.340864
9.95976 2.6028 3.02285 0.842155 -0.253588 -0.26127 0.397751 0.465069 0.242905 -0.137411 -0.146094 -0.024341 0.340864
10.0665 2.50773 2.98591 0.831395 -0.255499 -0.282246 0.404771 0.403387 -0.181417 -0.0316018 0.126462 -0.0638122 0.340864
10.1548 2.42386 2.95124 0.820129 -0.257254 -0.30305 0.411545 0.341705 -0.181417 -0.0316018 0.126462 -0.0638122 0.340864
10.2257 2.35198 2.91997 0.808364 -0.258853 -0.32367 0.418068 0.280023 -0.181417 -0.0316018 0.126462 -0.0638122 0.340864
10.2802 2.29289 2.89314 0.796107 -0.260294 -0.344093 0.424336 0.218341 -0.181417 -0.0316018 0.126462 -0.0638122 0.340864
10.3193 2.24734 2.87173 0.783365 -0.261577 -0.364306 0.430347 0.156659 -0.181417 -0.0316018 0.126462 -0.0638122 0.340864
10.3658 2.18822 2.84419 0.77009 -0.273422 -0.376919 0.436043 0.3145 0.464238 -0.0658337 0.0653563 -0.0947374 0.340864
10.4294 2.10449 2.80705 0.785624 -0.290257 -0.358659 0.4122 0.341554 0.0795715 0.0811753 -0.198737 -0.0573193 0.340864
10.4937 2.01874 2.77361 0.771483 -0.305641 -0.348075 0.436168 0.31899 -0.0663666 -0.195616 -0.0154586 -0.0190108 0.340864
10.5532 1.93657 2.74816 0.756474 -0.320681 -0.337099 0.459646 0.296425 -0.0663666 -0.195616 -0.0154586 -0.0190108 0.340864
10.608 1.85869 2.72998 0.740617 -0.335361 -0.325746 0.482608 0.273861 -0.0663666 -0.195616 -0.0154586 -0.0190108 0.340864
10.6581 1.78571 2.71832 0.723927 -0.349664 -0.314026 0.505027 0.251296 -0.0663666 -0.195616 -0.0154586 -0.0190108 0.340864
10.7034 1.71814 2.71236 0.706424 -0.363575 -0.301954 0.52688 0.228731 -0.0663666 -0.195616 -0.0154586 -0.0190108 0.340864
10.7441 1.65645 2.71127 0.688128 -0.377077 -0.289542 0.54814 0.206167 -0.0663666 -0.195616 -0.0154586 -0.0190108 0.340864
10.7993 1.57743 2.71355 0.690006 -0.360205 -0.272786 0.565449 0.360884 0.455052 -0.0724513 0.0217733 0.155991 0.340864
10.8722 1.48276 2.71258 0.703548 -0.319535 -0.290447 0.56441 0.342124 -0.0551765 0.152 0.183095 0.133404 0.340864
10.9448 1.39663 2.70271 0.715577 -0.278177 -0.307484 0.562157 0.323364 -0.0551765 0.152 0.183095 0.133404 0.340864
11.0161 1.31924 2.68494 0.726068 -0.236221 -0.32386 0.558695 0.304604 -0.0551765 0.152 0.183095 0.133404 0.340864
11.085 1.25062 2.66034 0.734997 -0.193758 -0.339539 0.554031 0.285844 -0.0551765 0.152 0.183095 0.133404 0.340864
11.1508 1.1907 2.63003 0.742345 -0.150877 -0.354488 0.548176 0.267084 -0.0551765 0.152 0.183095 0.133404 0.340864
11.2125 1.13926 2.59518 0.748098 -0.107672 -0.368675 0.541143 0.248324 -0.0551765 0.152 0.183095 0.133404 0.340864
11.2696 1.09599 2.55696 0.752241 -0.0642359 -0.382069 0.532945 0.229564 -0.0551765 0.152 0.183095 0.133404 0.340864
11.3215 1.06181 2.52016 0.775752 -0.0443528 -0.359454 0.516754 0.195364 -0.10059 0.181543 -0.0967212 0.131412 0.340864
11.3673 1.03704 2.4891 0.797927 -0.0243932 -0.33622 0.499674 0.161163 -0.10059 0.181543 -0.0967212 0.131412 0.340864
11.4078 1.01891 2.46127 0.808247 0.00605 -0.336464 0.483211 0.147106 -0.0413448 0.167887 0.0678633 0.111121 0.340864
11.4446 1.00533 2.43428 0.817513 0.0364853 -0.336268 0.466117 0.133049 -0.0413448 0.167887 0.0678633 0.111121 0.340864
11.4775 0.995777 2.40861 0.825713 0.066873 -0.335634 0.448416 0.118991 -0.0413448 0.167887 0.0678633 0.111121 0.340864
11.5065 0.989723 2.38472 0.832835 0.0971735 -0.334561 0.43013 0.104934 -0.0413448 0.167887 0.0678633 0.111121 0.340864
11.5316 0.986595 2.36301 0.838871 0.127347 -0.333053 0.411282 0.090877 -0.0413448 0.167887 0.0678633 0.111121 0.340864
11.5526 0.985793 2.34382 0.843813 0.157355 -0.33111 0.391899 0.0768198 -0.0413448 0.167887 0.0678633 0.111121 0.340864
11.5698 0.986701 2.32746 0.847655 0.187157 -0.328735 0.372004 0.0627625 -0.0413448 0.167887 0.0678633 0.111121 0.340864
11.6239 0.993059 2.27382 0.833095 0.208105 -0.323879 0.397174 0.386875 0.953271 -0.111531 0.0220734 0.179819 0.340864
11.7174 1.00508 2.1804 0.846402 0.197621 -0.328886 0.369301 0.393951 0.0208123 0.141599 0.00881086 -0.132493 0.340864
11.8129 1.0176 2.08559 0.858787 0.186921 -0.333534 0.341027 0.401027 0.0208123 0.141599 0.00881086 -0.132493 0.340864
11.8945 1.03174 2.00387 0.860248 0.213512 -0.328132 0.326672 0.283368 -0.346055 0.133581 0.0389764 0.115413 0.340864
11.9468 1.04548 1.95008 0.860897 0.239901 -0.32242 0.312008 0.16571 -0.346055 0.133581 0.0389764 0.115413 0.340864
11.989 1.0566 1.9076 0.861044 0.213533 -0.318176 0.334321 0.192329 0.0782918 -0.156776 -0.101676 -0.0836492 0.340864
12.0393 1.0654 1.85993 0.860149 0.186906 -0.313546 0.356229 0.218948 0.0782918 -0.156776 -0.101676 -0.0836492 0.340864
12.0983 1.07088 1.80768 0.858212 0.160052 -0.308537 0.377705 0.245567 0.0782918 -0.156776 -0.101676 -0.0836492 0.340864
12.1661 1.07204 1.75156 0.855235 0.133005 -0.303154 0.398724 0.272186 0.0782918 -0.156776 -0.101676 -0.0836492 0.340864
12.2429 1.06793 1.69236 0.851222 0.105797 -0.297404 0.41926 0.298806 0.0782918 -0.156776 -0.101676 -0.0836492 0.340864
12.3288 1.05767 1.63097 0.846178 0.0784601 -0.291293 0.439288 0.325425 0.0782918 -0.156776 -0.101676 -0.0836492 0.340864
12.4239 1.04041 1.56835 0.84011 0.0510286 -0.28483 0.458785 0.352044 0.0782918 -0.156776 -0.101676 -0.0836492 0.340864
12.528 1.01539 1.50555 0.833024 0.0235352 -0.278022 0.477725 0.378663 0.0782918 -0.156776 -0.101676 -0.0836492 0.340864
12.6362 0.986613 1.44074 0.834495 0.032055 -0.291613 0.466425 0.381886 0.00948007 0.0715665 0.0897044 -0.0151312 0.340864
12.743 0.958679 1.3714 0.835644 0.0405624 -0.305091 0.454943 0.38511 0.00948007 0.0715665 0.0897044 -0.0151312 0.340864
12.8484 0.931712 1.29756 0.836469 0.0490541 -0.318451 0.443286 0.388333 0.00948007 0.0715665 0.0897044 -0.0151312 0.340864
12.9522 0.905839 1.21925 0.83697 0.0575268 -0.331688 0.431457 0.391556 0.00948007 0.0715665 0.0897044 -0.0151312 0.340864
13.0542 0.881187 1.13653 0.837147 0.0659772 -0.344797 0.419461 0.394779 0.00948007 0.0715665 0.0897044 -0.0151312 0.340864
13.1544 0.857885 1.04944 0.837 0.0744021 -0.357772 0.407302 0.398003 0.00948007 0.0715665 0.0897044 -0.0151312 0.340864
13.2525 0.836061 0.958058 0.836529 0.0827981 -0.370608 0.394986 0.401226 0.00948007 0.0715665 0.0897044 -0.0151312 0.340864
13.3485 0.81481 0.866346 0.825675 0.0882369 -0.366234 0.419938 0.389557 -0.0343198 -0.134028 0.00261925 0.0966209 0.340864
13.4423 0.793219 0.778219 0.81417 0.093606 -0.36157 0.444558 0.377888 -0.0343198 -0.134028 0.00261925 0.0966209 0.340864
13.5338 0.771408 0.693664 0.802023 0.0989012 -0.356621 0.468827 0.36622 -0.0343198 -0.134028 0.00261925 0.0966209 0.340864
13.6231 0.749492 0.612664 0.789243 0.104118 -0.351391 0.492727 0.354551 -0.0343198 -0.134028 0.00261925 0.0966209 0.340864
13.7101 0.727582 0.535191 0.77584 0.109253 -0.345883 0.516237 0.342882 -0.0343198 -0.134028 0.00261925 0.0966209 0.340864
13.7949 0.705789 0.461214 0.761825 0.114302 -0.340103 0.53934 0.331213 -0.0343198 -0.134028 0.00261925 0.0966209 0.340864
13.8773 0.684214 0.390697 0.747208 0.119261 -0.334054 0.562018 0.319545 -0.0343198 -0.134028 0.00261925 0.0966209 0.340864
13.9575 0.662957 0.323596 0.732002 0.124126 -0.327742 0.584252 0.307876 -0.0343198 -0.134028 0.00261925 0.0966209 0.340864
14.0352 0.642112 0.259863 0.716219 0.128892 -0.321171 0.606025 0.296207 -0.0343198 -0.134028 0.00261925 0.0966209 0.340864
14.1144 0.622285 0.198779 0.716413 0.12729 -0.296115 0.618761 0.3036 0.021743 -0.0369989 -0.121313 0.106499 0.340864
14.1988 0.604201 0.139843 0.71604 0.125587 -0.270824 0.631007 0.310992 0.021743 -0.0369989 -0.121313 0.106499 0.340864
14.2433 0.594322 0.109108 0.691244 0.127061 -0.301852 0.644145 0.0125829 -0.877675 -0.167996 0.166002 -0.0697324 0.340864
14.2524 0.592093 0.102828 0.676193 0.130394 -0.269644 0.673092 0.0538111 0.121259 -0.144791 -0.113283 0.198307 0.340864
14.2736 0.587787 0.0897212 0.659714 0.133451 -0.236866 0.700616 0.0950393 0.121259 -0.144791 -0.113283 0.198307 0.340864
14.3077 0.582372 0.0709183 0.64184 0.136227 -0.203588 0.72666 0.136267 0.121259 -0.144791 -0.113283 0.198307 0.340864
14.3553 0.576974 0.047519 0.62261 0.138714 -0.16988 0.751169 0.177496 0.121259 -0.144791 -0.113283 0.198307 0.340864
14.4169 0.57286 0.0205734 0.602065 0.140909 -0.135813 0.774091 0.218724 0.121259 -0.144791 -0.113283 0.198307 0.340864
14.4927 0.571418 -0.00893616 0.580248 0.142805 -0.101459 0.795377 0.259952 0.121259 -0.144791 -0.113283 0.198307 0.340864
14.55 0.571315 -0.030319 0.586552 0.142329 -0.11192 0.789413 0.0998104 -0.471005 0.0407802 0.0347237 -0.059427 0.340864
14.5763 0.571192 -0.0400986 0.612474 0.135436 -0.106481 0.771489 0.06533 -0.101413 0.182264 -0.052844 -0.0320322 0.340864
14.5918 0.571293 -0.045524 0.63774 0.128398 -0.100927 0.752739 0.0308495 -0.101413 0.182264 -0.052844 -0.0320322 0.340864
14.6009 0.571433 -0.0488565 0.651039 0.143957 -0.115614 0.736246 0.0264963 -0.0128035 0.11892 0.12857 -0.0265017 0.340864
14.6086 0.571602 -0.0520133 0.663748 0.159386 -0.130196 0.719086 0.0221431 -0.0128035 0.11892 0.12857 -0.0265017 0.340864
14.6147 0.571796 -0.0548692 0.675855 0.17467 -0.144659 0.701274 0.01779 -0.0128035 0.11892 0.12857 -0.0265017 0.340864
14.6194 0.571998 -0.0573025 0.687349 0.189796 -0.158992 0.682826 0.0134368 -0.0128035 0.11892 0.12857 -0.0265017 0.340864
14.6228 0.572187 -0.0591964 0.69822 0.204749 -0.17318 0.663759 0.00908358 -0.0128035 0.11892 0.12857 -0.0265017 0.340864
14.6247 0.572333 -0.060439 0.708458 0.219517 -0.187212 0.64409 0.0047304 -0.0128035 0.11892 0.12857 -0.0265017 0.340864
14.6255 0.572398 -0.0609252 0.718053 0.234086 -0.201073 0.623837 0.000377214 -0.0128035 0.11892 0.12857 -0.0265017 0.340864
