0 0 0 0 0 0 1 4.65274e-310 0 0 0 0 0
0.173771 -0.00390685 -0.00877374 -0.044724 0.0383582 -0.0155595 0.998141 0.127992 0.0470559 -0.0329057 0.0282221 -0.0114479 2.72691
0.372938 -0.0351106 -0.0453827 0.126547 0.132375 -0.149464 0.97166 0.114119 -0.00816082 0.197277 0.102388 -0.172035 1.70432
0.441754 -0.0519641 -0.0630733 0.15763 0.0760881 -0.116522 0.977643 0.100808 -0.0195741 0.0747489 -0.189279 0.0637772 0.681728
0.848415 -0.157857 -0.113423 0.00776116 0.0289859 -0.142945 0.989276 0.17606 0.0245921 -0.102298 -0.0166106 -0.0134549 3.06778
1.28713 -0.199844 -0.134213 -0.0399404 0.0181417 0.0452754 0.998011 0.196898 0.00875544 -0.0366622 -0.0047555 0.159622 2.38605
1.4036 -0.188062 -0.139767 -0.0718454 0.0226693 0.0564306 0.99556 0.492476 0.869348 -0.187931 0.0209692 0.0684954 0.340864
1.54251 -0.16988 -0.145593 -0.0537238 0.00986393 0.0772951 0.995511 0.332452 -0.47066 0.113154 -0.0601607 0.125218 0.340864
2.69968 0.0685793 -0.238984 0.0430863 0.0667648 0.122074 0.989335 0.442759 0.036048 0.0603352 0.0436328 0.0268914 3.06778
2.80837 0.0959185 -0.248873 0.0637748 0.0305917 0.117538 0.990546 0.219204 -0.657515 0.144328 -0.195041 -0.044575 0.340864
2.85889 0.107243 -0.251344 0.0778806 0.0329906 0.0951259 0.991866 0.085722 -0.392594 0.0760132 0.0319042 -0.133154 0.340864
2.95734 0.116952 -0.257922 0.169457 0.0436832 -0.0123711 0.984491 0.0603439 -0.0186604 0.128139 0.041215 -0.15952 1.36346
3.30648 0.136891 -0.213862 0.261127 -0.116367 0.0781491 0.955073 0.286919 0.111066 0.095992 -0.170596 0.0569055 2.04519
3.56547 0.181122 -0.124906 0.170863 -0.179699 0.17943 0.952008 0.0401457 -0.14516 -0.108931 -0.111411 0.0825774 1.70432
3.92659 0.340035 -0.0217154 0.0119171 -0.0756989 0.228589 0.970502 0.26064 0.081064 -0.134676 0.0484122 0.0241925 2.72691
4.19375 0.472281 0.031073 -0.064712 -0.115098 0.216095 0.967402 0.333016 0.0709571 -0.126395 -0.109628 -0.0347237 1.02259
4.26637 0.508346 0.0466117 -0.0428863 -0.102817 0.223612 0.968291 0.152623 -0.530569 0.10385 0.101109 0.0517558 0.340864
4.347 0.554781 0.0554726 -0.071226 -0.00146985 0.300805 0.951021 0.0310976 -0.119142 -0.11559 0.183532 0.1403 1.02259
4.68567 0.721103 0.00234956 -0.2962 0.0370598 0.193553 0.934574 0.193711 0.0478273 -0.134707 -0.0230066 -0.0595328 3.40864
4.97919 0.786877 -0.00415452 -0.28337 -0.0840719 0.0168047 0.955171 0.163007 -0.0180609 0.0414826 -0.19426 -0.158605 1.70432
5.22049 0.790837 0.0592326 -0.23406 -0.159216 -0.0585821 0.957306 0.327204 0.160978 0.108691 -0.181062 -0.0915906 1.02259
6.22996 0.943858 0.462172 -0.303711 -0.239896 0.0916725 0.9175 0.322068 -0.00151065 -0.0619222 -0.0262282 0.0883483 3.40864
6.34081 0.978407 0.510695 -0.281673 -0.225182 0.0597287 0.930799 0.418379 0.283267 0.179901 0.0530089 -0.174816 0.340864
6.42375 1.00138 0.547549 -0.26001 -0.236814 0.070952 0.933424 0.132354 -0.841251 0.112191 -0.0340081 0.108508 0.340864
6.45837 1.01093 0.562971 -0.22673 -0.218858 0.0700445 0.946461 0.0975297 -0.102423 0.196496 0.129286 0.00847631 0.340864
6.62569 1.08075 0.634288 -0.264863 -0.240184 0.17346 0.917644 0.285259 0.184048 -0.125309 -0.0112293 0.189418 1.02259
7.08515 1.24977 0.693495 -0.456953 0.0623527 0.0984163 0.881828 0.0835272 -0.0741659 -0.165674 0.162372 -0.142131 2.72691
7.15238 1.25769 0.675575 -0.469455 0.109403 0.122157 0.867595 0.122536 0.0573659 -0.0608524 0.153008 0.00475458 0.681728
7.45684 1.30172 0.615256 -0.419265 0.0193452 0.0961827 0.902547 0.493031 0.36323 0.133834 -0.17295 0.0196142 1.02259
8.57134 1.61999 0.349033 -0.548611 0.0407023 0.258096 0.794201 0.385501 -0.0395331 -0.119548 0.0570069 0.111396 2.72691
8.72244 1.68548 0.292606 -0.575327 0.000411418 0.252143 0.778089 0.126581 -0.380764 -0.0585549 -0.122126 0.0665634 0.681728
8.81627 1.71971 0.266792 -0.602284 -0.000994655 0.177055 0.778399 0.177116 0.0743157 -0.0602815 -0.150428 -0.169836 0.681728
8.90273 1.74545 0.250213 -0.604568 -0.0314477 0.158296 0.780033 0.0927139 -0.12412 0.0135816 -0.104157 0.0101421 0.681728
9.03962 1.79463 0.222852 -0.608632 -0.0304555 0.21362 0.763548 0.342808 0.367786 -0.0442396 0.0972893 0.132536 0.681728
9.12962 1.82862 0.203212 -0.623812 -0.033305 0.188204 0.757845 0.234865 -0.317479 -0.0804758 -0.123911 -0.0995256 0.340864
10.0226 1.89698 -0.0814693 -0.602354 0.198713 0.0694958 0.769969 0.463352 0.0840023 -0.0118174 0.0790111 -0.175736 2.72691
11.3044 1.79867 -0.254265 -0.389817 -0.0594392 -0.0586509 0.917099 0.395866 -0.0220543 0.164085 -0.194709 0.00293071 3.06778
12.0407 1.60822 -0.0422728 -0.31215 -0.108454 -0.267013 0.905265 0.384525 -0.00555917 0.0752858 -0.129984 -0.166207 2.04519
12.6181 1.2628 0.20861 -0.280608 -0.0689934 -0.352681 0.890009 0.0383923 -0.101804 0.0257022 -0.000646041 -0.0533383 3.40864
12.7732 1.19501 0.249436 -0.471695 -0.00455146 -0.134629 0.871411 0.0907683 0.0192559 -0.125091 0.137813 0.116611 2.72691
13.0172 1.12563 0.259206 -0.526257 0.0944842 -0.123149 0.836039 0.283034 0.141372 -0.075104 0.145786 -0.0615 1.36346
13.0974 1.10056 0.260019 -0.543503 0.0586891 -0.136552 0.826144 0.211493 -0.210417 -0.148872 -0.199596 0.0473257 0.340864
13.2759 1.04175 0.279263 -0.484113 0.00427084 -0.205883 0.850429 0.0109206 -0.117984 0.0598414 -0.108656 -0.032854 1.70432
13.4156 0.956422 0.280424 -0.428073 0.185915 -0.258403 0.845823 0.230994 0.161818 0.122266 0.173971 -0.198032 1.36346
13.6564 0.727727 0.203533 -0.308185 0.321097 -0.308693 0.840611 0.272712 0.0306756 0.184548 0.0929015 -0.183491 1.36346
14.077 0.0908262 -0.27796 -0.322473 0.549452 -0.217244 0.73954 0.322093 0.0161375 0.0375003 0.169992 -0.0133041 3.06778
14.0976 0.0392098 -0.327991 -0.31853 0.567402 -0.241317 0.719973 0.117895 -0.600585 -0.074843 0.0906455 -0.176561 0.340864
14.1136 -0.00372953 -0.365791 -0.384349 0.544099 -0.224364 0.711261 0.0568755 -0.0897339 -0.135904 0.0278162 0.161529 0.681728
14.127 -0.0536253 -0.396566 -0.361862 0.527182 -0.453584 0.620803 0.00242972 -0.0266891 -0.145898 -0.0554326 -0.187281 2.04519
