0 0 0 0 0 0 1 1.13455e-313 0 0 0 0 0
0.0211755 0.00042982 -0.000282825 0.0144111 0.0101785 0.0151103 0.99973 0.0623014 0.0916197 0.0423894 0.0299395 0.0444462 0.681728
0.297595 0.00886549 -0.00400464 0.00586784 0.00445377 0.015238 0.999857 0.170114 0.0452995 -0.00710514 -0.0049206 0.000109384 2.38605
1.34723 -0.0250781 0.0582488 -0.00410676 -0.0546497 -0.0393801 0.99772 0.449348 0.0821276 -0.00547852 -0.0346951 -0.0323179 3.40864
1.93348 -0.0818443 0.127308 -0.0172343 -0.061125 -0.0580527 0.996291 0.422808 -0.0195144 -0.0181459 -0.0089691 -0.0284985 1.36346
2.06978 -0.0978953 0.144688 -0.0207618 -0.062754 -0.0608254 0.995957 0.390922 -0.0937843 -0.020266 -0.00874306 -0.0174668 0.340864
2.19673 -0.113985 0.161015 -0.0272318 -0.061242 -0.0674802 0.995467 0.367926 -0.0676347 -0.034968 0.0101794 -0.0417364 0.340864
2.73197 -0.177771 0.240407 -0.0554128 -0.0795975 -0.0565068 0.99368 0.433393 0.0481377 -0.0441454 -0.023801 0.0140868 1.36346
3.82616 -0.301206 0.407333 -0.0668139 -0.0635065 -0.0639344 0.993688 0.385552 -0.0175887 -0.00722712 0.0119292 -0.00675004 2.72691
4.42619 -0.391093 0.466582 -0.0641506 -0.01985 -0.0929407 0.993405 0.212369 -0.0848933 0.00712174 0.0404644 -0.0309838 2.04519
5.12228 -0.519597 0.467202 -0.0296225 0.0246452 -0.0895772 0.995234 0.308304 0.0352699 0.0283139 0.0303431 0.000987541 2.72691
5.43819 -0.569594 0.45627 -0.0340252 0.0146548 -0.066108 0.997124 0.319277 0.0107583 -0.00910353 -0.0174524 0.0469291 1.02259
6.43999 -0.715256 0.379576 0.0137684 0.0636812 -0.0775895 0.994854 0.278201 -0.0120811 0.0298191 0.0267088 -0.00822259 3.40864
6.86289 -0.782131 0.310657 0.0376486 0.0930715 -0.0818295 0.991577 0.232074 -0.0271334 0.0303754 0.0325413 -0.00657629 1.70432
7.02003 -0.806772 0.280825 0.0278934 0.0874904 -0.0776217 0.992745 0.243931 0.017436 -0.0287716 -0.0147148 0.0146053 0.681728
7.48426 -0.871954 0.217279 0.0176269 0.043443 -0.0636549 0.99687 0.220031 -0.0117155 -0.0122636 -0.0428411 0.0135888 2.04519
8.39656 -1.00898 0.154281 0.0816278 0.0189397 -0.0860837 0.992758 0.384415 0.0537202 0.0401257 -0.0182685 -0.0168989 3.06778
9.21668 -1.17205 0.0628761 0.101438 0.073465 -0.11923 0.984935 0.322936 -0.0258317 0.0204957 0.0464879 -0.024812 2.38605
10.219 -1.34682 -0.0512722 0.184274 0.0121902 -0.0642297 0.980698 0.279976 -0.0126351 0.0464305 -0.0445108 0.0243882 3.40864
10.7966 -1.41417 -0.0635532 0.150578 -0.0107051 -0.0538578 0.987072 0.290251 0.0050365 -0.0348769 -0.0218479 0.00664194 2.04519
11.2612 -1.45934 -0.0658389 0.151834 0.000314387 -0.0432033 0.987461 0.396238 0.0779315 0.00244203 0.0135436 0.0179574 1.36346
12.4012 -1.46769 0.0107908 0.0718014 -0.0731484 0.0480439 0.993572 0.277502 -0.0349224 -0.0490486 -0.0489531 0.0467679 3.40864
12.6573 -1.44459 0.0458314 0.0487497 -0.0561308 0.0494605 0.996005 0.231336 -0.0452603 -0.0470643 0.0311358 0.00162045 1.02259
12.9346 -1.42507 0.0839393 0.0262708 -0.0762071 0.0264106 0.996396 0.319002 0.0859471 -0.0394631 -0.0391513 -0.0494582 1.02259
13.5783 -1.39685 0.173047 0.0748589 -0.055518 0.022674 0.995389 0.106161 -0.069556 0.0315035 0.014333 0.000359475 3.06778
14.0177 -1.37141 0.203146 0.11797 -0.00944574 0.040034 0.992165 0.153431 0.013903 0.0242206 0.0267008 0.0136542 3.40864
14.4985 -1.34001 0.248294 0.156776 -0.0691185 0.0378275 0.984486 0.253486 0.04204 0.0351704 -0.0483303 -0.00719514 2.38605
14.8294 -1.31879 0.293985 0.151731 -0.0561799 0.0462756 0.985738 0.238698 -0.0108737 -0.00917044 0.0166318 0.0146323 1.36346
