0 0 0 0 0 0 1 4.64964e-310 0 0 0 0 0
0.0152757 -0.000345667 -1.47889e-05 -0.000341428 0.000730284 -0.0169675 0.999856 0.089883 0.264362 -0.00200849 0.004296 -0.0998135 0.340864
0.0610499 -0.00276441 -0.000117562 -0.000682757 0.00146036 -0.03393 0.999423 0.179766 0.264362 -0.00200849 0.004296 -0.0998135 0.340864
0.137164 -0.00932459 -0.000394153 -0.00102389 0.00219001 -0.0508828 0.998702 0.269649 0.264362 -0.00200849 0.004296 -0.0998135 0.340864
0.243354 -0.0220851 -0.000927867 -0.00136473 0.00291903 -0.0678209 0.997692 0.359532 0.264362 -0.00200849 0.004296 -0.0998135 0.340864
0.352764 -0.0399886 -0.00116536 -0.0195264 0.000889829 -0.09509 0.995277 0.292698 -0.19657 -0.107904 -0.0048417 -0.160701 0.340864
0.438849 -0.0589252 -0.000606308 -0.0376669 -0.00114034 -0.122256 0.991783 0.225864 -0.19657 -0.107904 -0.0048417 -0.160701 0.340864
0.501887 -0.0763962 0.00048655 -0.0557666 -0.00316927 -0.14929 0.987215 0.159031 -0.19657 -0.107904 -0.0048417 -0.160701 0.340864
0.54236 -0.0899609 0.00171712 -0.0738059 -0.00519476 -0.176161 0.981577 0.0921969 -0.19657 -0.107904 -0.0048417 -0.160701 0.340864
0.560944 -0.0972576 0.0025599 -0.0917653 -0.00721463 -0.202842 0.974875 0.0253632 -0.19657 -0.107904 -0.0048417 -0.160701 0.340864
0.5756 -0.102971 0.00396142 -0.113146 -0.0388561 -0.177003 0.976913 0.0675593 0.124106 -0.160417 -0.141955 0.166838 0.340864
0.603947 -0.112142 0.00847455 -0.134286 -0.0704147 -0.150787 0.976869 0.109755 0.124106 -0.160417 -0.141955 0.166838 0.340864
0.646086 -0.122895 0.017792 -0.155139 -0.101823 -0.12425 0.974744 0.151952 0.124106 -0.160417 -0.141955 0.166838 0.340864
0.701833 -0.133214 0.0334538 -0.175662 -0.133015 -0.0974479 0.970543 0.194148 0.124106 -0.160417 -0.141955 0.166838 0.340864
0.770726 -0.140976 0.0568192 -0.195811 -0.163924 -0.0704383 0.964275 0.236344 0.124106 -0.160417 -0.141955 0.166838 0.340864
0.852023 -0.143989 0.0890424 -0.215543 -0.194483 -0.0432787 0.955952 0.27854 0.124106 -0.160417 -0.141955 0.166838 0.340864
0.942724 -0.147111 0.12706 -0.214793 -0.183019 -0.0744093 0.956468 0.300365 0.0641897 0.0434154 0.0253963 -0.188634 0.340864
1.04018 -0.157318 0.167003 -0.213805 -0.171354 -0.105458 0.955931 0.322189 0.0641897 0.0434154 0.0253963 -0.188634 0.340864
1.1439 -0.175532 0.208633 -0.212583 -0.1595 -0.13639 0.954341 0.344014 0.0641897 0.0434154 0.0253963 -0.188634 0.340864
1.24718 -0.200105 0.249085 -0.23613 -0.144062 -0.162881 0.947079 0.324365 -0.0577906 -0.104058 0.0656361 -0.195987 0.340864
1.34351 -0.228358 0.285908 -0.259312 -0.128401 -0.189119 0.938352 0.304716 -0.0577906 -0.104058 0.0656361 -0.195987 0.340864
1.43267 -0.259622 0.31945 -0.282093 -0.112541 -0.215065 0.928173 0.285067 -0.0577906 -0.104058 0.0656361 -0.195987 0.340864
1.51448 -0.293207 0.350026 -0.304438 -0.0965072 -0.240678 0.916558 0.265418 -0.0577906 -0.104058 0.0656361 -0.195987 0.340864
1.58886 -0.328409 0.377915 -0.326311 -0.080324 -0.265919 0.903524 0.24577 -0.0577906 -0.104058 0.0656361 -0.195987 0.340864
1.65582 -0.364517 0.403361 -0.34768 -0.0640165 -0.290748 0.889093 0.226121 -0.0577906 -0.104058 0.0656361 -0.195987 0.340864
1.72266 -0.402997 0.428074 -0.353913 -0.0506346 -0.289137 0.888021 0.250293 0.0710952 -0.0125125 0.0835417 -0.0231243 0.340864
1.79669 -0.44585 0.453379 -0.360068 -0.0372415 -0.287462 0.886752 0.274465 0.0710952 -0.0125125 0.0835417 -0.0231243 0.340864
1.87316 -0.491685 0.479773 -0.34807 -0.0474021 -0.302416 0.886084 0.272476 -0.00585095 0.0472669 -0.105114 -0.0549837 0.340864
1.94723 -0.539025 0.507909 -0.335908 -0.0575404 -0.317226 0.884999 0.270487 -0.00585095 0.0472669 -0.105114 -0.0549837 0.340864
2.01883 -0.587839 0.537663 -0.323588 -0.0676515 -0.331887 0.883496 0.268498 -0.00585095 0.0472669 -0.105114 -0.0549837 0.340864
2.08789 -0.638091 0.568908 -0.311115 -0.0777308 -0.346392 0.881577 0.266508 -0.00585095 0.0472669 -0.105114 -0.0549837 0.340864
2.15436 -0.689743 0.601518 -0.298496 -0.0877734 -0.360734 0.879242 0.264519 -0.00585095 0.0472669 -0.105114 -0.0549837 0.340864
2.21816 -0.742753 0.635365 -0.285736 -0.0977747 -0.374905 0.876494 0.26253 -0.00585095 0.0472669 -0.105114 -0.0549837 0.340864
2.27926 -0.797077 0.670321 -0.272841 -0.10773 -0.3889 0.873332 0.26054 -0.00585095 0.0472669 -0.105114 -0.0549837 0.340864
2.33761 -0.852668 0.706257 -0.259818 -0.117634 -0.402712 0.869759 0.258551 -0.00585095 0.0472669 -0.105114 -0.0549837 0.340864
2.42113 -0.931987 0.761186 -0.249642 -0.143023 -0.387203 0.875955 0.492148 0.687049 -0.00934142 -0.12603 0.139893 0.340864
2.52421 -1.03239 0.835964 -0.246145 -0.1598 -0.411124 0.863049 0.461914 -0.0889235 -0.0190277 -0.140423 -0.125097 0.340864
2.61321 -1.1299 0.911052 -0.242394 -0.176413 -0.434621 0.849251 0.43168 -0.0889235 -0.0190277 -0.140423 -0.125097 0.340864
2.68882 -1.22372 0.985443 -0.238393 -0.192843 -0.457669 0.834577 0.401446 -0.0889235 -0.0190277 -0.140423 -0.125097 0.340864
2.75181 -1.3131 1.05818 -0.234146 -0.209074 -0.480244 0.819041 0.371212 -0.0889235 -0.0190277 -0.140423 -0.125097 0.340864
2.81202 -1.39421 1.12981 -0.264928 -0.213211 -0.440775 0.830705 0.357522 -0.0402635 -0.192553 0.135792 0.191036 0.340864
2.87799 -1.46367 1.20071 -0.295006 -0.216782 -0.400134 0.840161 0.343833 -0.0402635 -0.192553 0.135792 0.191036 0.340864
2.94861 -1.52157 1.26983 -0.324299 -0.219776 -0.358429 0.847383 0.330143 -0.0402635 -0.192553 0.135792 0.191036 0.340864
3.02274 -1.56815 1.33622 -0.35273 -0.222186 -0.315771 0.852352 0.316453 -0.0402635 -0.192553 0.135792 0.191036 0.340864
3.09926 -1.60383 1.39901 -0.380224 -0.224005 -0.272273 0.855055 0.302764 -0.0402635 -0.192553 0.135792 0.191036 0.340864
3.17707 -1.62915 1.45749 -0.406706 -0.225228 -0.228052 0.855485 0.289074 -0.0402635 -0.192553 0.135792 0.191036 0.340864
3.25297 -1.65138 1.51383 -0.41145 -0.223466 -0.257109 0.84538 0.282249 -0.0200749 -0.00718747 -0.0676833 -0.170307 0.340864
3.3244 -1.67716 1.57057 -0.415794 -0.221487 -0.285916 0.834453 0.275423 -0.0200749 -0.00718747 -0.0676833 -0.170307 0.340864
3.39123 -1.70613 1.62755 -0.419733 -0.219292 -0.314446 0.822714 0.268598 -0.0200749 -0.00718747 -0.0676833 -0.170307 0.340864
3.45334 -1.73792 1.68464 -0.423265 -0.216884 -0.342669 0.810177 0.261772 -0.0200749 -0.00718747 -0.0676833 -0.170307 0.340864
3.51066 -1.77217 1.74169 -0.426385 -0.214265 -0.37056 0.796851 0.254947 -0.0200749 -0.00718747 -0.0676833 -0.170307 0.340864
3.56316 -1.80851 1.79857 -0.429091 -0.211438 -0.39809 0.782751 0.248121 -0.0200749 -0.00718747 -0.0676833 -0.170307 0.340864
3.61082 -1.84658 1.85513 -0.431379 -0.208406 -0.425233 0.76789 0.241296 -0.0200749 -0.00718747 -0.0676833 -0.170307 0.340864
3.65477 -1.8851 1.91346 -0.452453 -0.218894 -0.442224 0.742839 0.244441 0.00925126 -0.164208 -0.0685035 -0.138664 0.340864
3.69607 -1.92274 1.97568 -0.472862 -0.229061 -0.458564 0.716695 0.247587 0.00925126 -0.164208 -0.0685035 -0.138664 0.340864
3.73464 -1.95917 2.04172 -0.492576 -0.23889 -0.47423 0.689497 0.250732 0.00925126 -0.164208 -0.0685035 -0.138664 0.340864
3.7704 -1.994 2.11147 -0.511565 -0.248369 -0.489199 0.661286 0.253878 0.00925126 -0.164208 -0.0685035 -0.138664 0.340864
3.80333 -2.02687 2.18479 -0.529802 -0.257482 -0.503448 0.632102 0.257023 0.00925126 -0.164208 -0.0685035 -0.138664 0.340864
3.8334 -2.05743 2.26154 -0.547261 -0.266217 -0.516957 0.601988 0.260168 0.00925126 -0.164208 -0.0685035 -0.138664 0.340864
3.86062 -2.08532 2.34153 -0.563914 -0.27456 -0.529706 0.57099 0.263314 0.00925126 -0.164208 -0.0685035 -0.138664 0.340864
3.88499 -2.11018 2.42458 -0.579738 -0.282499 -0.541676 0.539152 0.266459 0.00925126 -0.164208 -0.0685035 -0.138664 0.340864
3.90867 -2.13262 2.51662 -0.594175 -0.297557 -0.543552 0.512803 0.308033 0.122275 -0.180536 -0.0519475 -0.0625587 0.340864
3.93295 -2.1557 2.62492 -0.580597 -0.310982 -0.552019 0.511344 0.358891 0.149584 0.00775464 -0.116063 0.0404855 0.340864
3.95637 -2.18228 2.75069 -0.566765 -0.32427 -0.560244 0.509661 0.40975 0.149584 0.00775464 -0.116063 0.0404855 0.340864
3.97766 -2.21243 2.89397 -0.552684 -0.337416 -0.568223 0.507754 0.460608 0.149584 0.00775464 -0.116063 0.0404855 0.340864
3.99309 -2.24207 3.03794 -0.541671 -0.350719 -0.579953 0.497236 0.408862 -0.152195 -0.0224877 -0.135571 -0.00508372 0.340864
4.00079 -2.26722 3.16546 -0.530361 -0.363831 -0.591366 0.486446 0.357116 -0.152195 -0.0224877 -0.135571 -0.00508372 0.340864
4.00281 -2.29265 3.28433 -0.500621 -0.371205 -0.602781 0.498238 0.358118 0.00294812 0.120693 -0.134958 0.0950341 0.340864
4.00029 -2.32303 3.40237 -0.470275 -0.378131 -0.613467 0.509428 0.35912 0.00294812 0.120693 -0.134958 0.0950341 0.340864
3.99344 -2.35847 3.51917 -0.439361 -0.384599 -0.623412 0.520003 0.360123 0.00294812 0.120693 -0.134958 0.0950341 0.340864
3.98247 -2.39907 3.63433 -0.407916 -0.390603 -0.632603 0.52995 0.361125 0.00294812 0.120693 -0.134958 0.0950341 0.340864
3.97275 -2.43756 3.74416 -0.434548 -0.394326 -0.611936 0.530292 0.325992 -0.103333 -0.143568 0.137902 0.0134471 0.340864
3.96884 -2.46729 3.84463 -0.46068 -0.397595 -0.590564 0.530024 0.290858 -0.103333 -0.143568 0.137902 0.0134471 0.340864
3.96969 -2.48927 3.93489 -0.486282 -0.400407 -0.568513 0.529147 0.255725 -0.103333 -0.143568 0.137902 0.0134471 0.340864
3.9742 -2.50456 4.01426 -0.511325 -0.402759 -0.545808 0.527661 0.220592 -0.103333 -0.143568 0.137902 0.0134471 0.340864
3.98128 -2.51427 4.08222 -0.535779 -0.404647 -0.522475 0.525568 0.185459 -0.103333 -0.143568 0.137902 0.0134471 0.340864
3.98979 -2.51952 4.13841 -0.559617 -0.406069 -0.498541 0.52287 0.150325 -0.103333 -0.143568 0.137902 0.0134471 0.340864
4.00049 -2.52462 4.1926 -0.566269 -0.37359 -0.504792 0.533811 0.176004 0.0755264 0.125762 0.124985 -0.10997 0.340864
4.01523 -2.53369 4.25442 -0.572209 -0.340642 -0.510408 0.54408 0.201683 0.0755264 0.125762 0.124985 -0.10997 0.340864
4.03449 -2.54763 4.32336 -0.577429 -0.307264 -0.515383 0.553665 0.227362 0.0755264 0.125762 0.124985 -0.10997 0.340864
4.05863 -2.56736 4.39883 -0.581922 -0.273501 -0.519709 0.562554 0.253041 0.0755264 0.125762 0.124985 -0.10997 0.340864
4.08794 -2.59377 4.48015 -0.585684 -0.239393 -0.523381 0.570735 0.27872 0.0755264 0.125762 0.124985 -0.10997 0.340864
4.12265 -2.62773 4.56655 -0.588709 -0.204984 -0.526394 0.578198 0.304399 0.0755264 0.125762 0.124985 -0.10997 0.340864
4.16285 -2.67009 4.65721 -0.590993 -0.170317 -0.528746 0.584934 0.330078 0.0755264 0.125762 0.124985 -0.10997 0.340864
4.20857 -2.72164 4.75124 -0.592534 -0.135436 -0.530432 0.590934 0.355757 0.0755264 0.125762 0.124985 -0.10997 0.340864
4.25495 -2.77944 4.84408 -0.572365 -0.127371 -0.541946 0.602054 0.343094 -0.0372435 0.14322 -0.0661765 -0.0173693 0.340864
4.29732 -2.83972 4.93171 -0.55178 -0.119214 -0.553066 0.612736 0.330431 -0.0372435 0.14322 -0.0661765 -0.0173693 0.340864
4.33587 -2.90202 5.01401 -0.530793 -0.11097 -0.563782 0.622972 0.317769 -0.0372435 0.14322 -0.0661765 -0.0173693 0.340864
4.37078 -2.9659 5.09089 -0.50942 -0.102645 -0.574089 0.632754 0.305106 -0.0372435 0.14322 -0.0661765 -0.0173693 0.340864
4.40228 -3.03091 5.1623 -0.487676 -0.094245 -0.583977 0.642076 0.292443 -0.0372435 0.14322 -0.0661765 -0.0173693 0.340864
4.43055 -3.0966 5.22823 -0.465576 -0.0857767 -0.59344 0.65093 0.27978 -0.0372435 0.14322 -0.0661765 -0.0173693 0.340864
4.45579 -3.16255 5.28869 -0.443138 -0.077246 -0.602471 0.65931 0.267117 -0.0372435 0.14322 -0.0661765 -0.0173693 0.340864
4.47822 -3.22833 5.34374 -0.420377 -0.068659 -0.611064 0.667211 0.254455 -0.0372435 0.14322 -0.0661765 -0.0173693 0.340864
4.50051 -3.29583 5.39513 -0.401372 -0.0595416 -0.603531 0.686371 0.261568 0.0209209 0.151725 -0.00616644 0.0835798 0.340864
4.52531 -3.36715 5.44435 -0.382018 -0.0503725 -0.595474 0.704936 0.268681 0.0209209 0.151725 -0.00616644 0.0835798 0.340864
4.55277 -3.44213 5.49113 -0.362333 -0.0411597 -0.586901 0.722889 0.275794 0.0209209 0.151725 -0.00616644 0.0835798 0.340864
4.58307 -3.52062 5.53519 -0.342332 -0.0319112 -0.577817 0.740214 0.282907 0.0209209 0.151725 -0.00616644 0.0835798 0.340864
4.61635 -3.60242 5.57624 -0.322035 -0.0226349 -0.568233 0.756897 0.29002 0.0209209 0.151725 -0.00616644 0.0835798 0.340864
4.65278 -3.68731 5.61403 -0.301458 -0.013339 -0.558154 0.772922 0.297133 0.0209209 0.151725 -0.00616644 0.0835798 0.340864
4.69339 -3.77146 5.6518 -0.317018 -0.034322 -0.533305 0.783522 0.29582 -0.00386184 -0.122821 0.000582348 0.183811 0.340864
4.73893 -3.8509 5.6928 -0.332131 -0.0552566 -0.507703 0.793015 0.294507 -0.00386184 -0.122821 0.000582348 0.183811 0.340864
4.79334 -3.93372 5.7368 -0.335545 -0.0377257 -0.486545 0.805767 0.343395 0.143789 0.054473 0.137478 0.101436 0.340864
4.86162 -4.02787 5.78274 -0.338648 -0.0201597 -0.464935 0.81777 0.392284 0.143789 0.054473 0.137478 0.101436 0.340864
4.94492 -4.13268 5.82908 -0.341435 -0.00257495 -0.442893 0.829012 0.441172 0.143789 0.054473 0.137478 0.101436 0.340864
5.03399 -4.23502 5.87943 -0.352943 -0.0510471 -0.431889 0.828431 0.410453 -0.0903493 -0.183814 -0.184385 0.149388 0.340864
5.11801 -4.32248 5.93707 -0.363532 -0.0993864 -0.419761 0.825692 0.379734 -0.0903493 -0.183814 -0.184385 0.149388 0.340864
5.19576 -4.39557 5.99991 -0.373174 -0.147467 -0.40654 0.820804 0.349015 -0.0903493 -0.183814 -0.184385 0.149388 0.340864
5.27124 -4.46216 6.06521 -0.390487 -0.138727 -0.405805 0.814615 0.356795 0.022881 -0.0769199 0.0798525 -0.0454557 0.340864
5.34914 -4.52969 6.13162 -0.407638 -0.129929 -0.404901 0.808087 0.364575 0.022881 -0.0769199 0.0798525 -0.0454557 0.340864
5.4295 -4.59813 6.19909 -0.424619 -0.121078 -0.403828 0.801225 0.372354 0.022881 -0.0769199 0.0798525 -0.0454557 0.340864
5.51235 -4.6675 6.26757 -0.441425 -0.112176 -0.402589 0.79403 0.380134 0.022881 -0.0769199 0.0798525 -0.0454557 0.340864
5.5977 -4.7378 6.337 -0.458047 -0.103228 -0.401182 0.786505 0.387913 0.022881 -0.0769199 0.0798525 -0.0454557 0.340864
5.6856 -4.80902 6.40733 -0.474479 -0.0942369 -0.399609 0.778654 0.395693 0.022881 -0.0769199 0.0798525 -0.0454557 0.340864
5.77607 -4.88118 6.4785 -0.490714 -0.0852068 -0.39787 0.77048 0.403472 0.022881 -0.0769199 0.0798525 -0.0454557 0.340864
5.86913 -4.95429 6.55046 -0.506746 -0.0761412 -0.395965 0.761986 0.411252 0.022881 -0.0769199 0.0798525 -0.0454557 0.340864
5.96479 -5.02836 6.62316 -0.522567 -0.0670441 -0.393897 0.753176 0.419031 0.022881 -0.0769199 0.0798525 -0.0454557 0.340864
6.05074 -5.0895 6.68436 -0.545978 -0.0623967 -0.361503 0.753214 0.298445 -0.354665 -0.105638 0.174472 0.120123 0.340864
6.12425 -5.13404 6.73211 -0.543685 -0.0772667 -0.33468 0.765784 0.280032 -0.0541557 0.00906569 0.0200056 0.194211 0.340864
6.19599 -5.17125 6.77622 -0.540793 -0.0920513 -0.307487 0.77751 0.261619 -0.0541557 0.00906569 0.0200056 0.194211 0.340864
6.26528 -5.20155 6.81676 -0.537303 -0.106734 -0.279955 0.788377 0.243206 -0.0541557 0.00906569 0.0200056 0.194211 0.340864
6.33148 -5.22546 6.85383 -0.533221 -0.1213 -0.252113 0.798374 0.224794 -0.0541557 0.00906569 0.0200056 0.194211 0.340864
6.39403 -5.2435 6.8875 -0.528549 -0.135731 -0.223994 0.80749 0.206381 -0.0541557 0.00906569 0.0200056 0.194211 0.340864
6.45241 -5.25629 6.91785 -0.523294 -0.150012 -0.195627 0.815714 0.187968 -0.0541557 0.00906569 0.0200056 0.194211 0.340864
6.50617 -5.26445 6.94498 -0.517462 -0.164128 -0.167045 0.823038 0.169555 -0.0541557 0.00906569 0.0200056 0.194211 0.340864
6.55494 -5.26864 6.96896 -0.511058 -0.178063 -0.138277 0.829453 0.151142 -0.0541557 0.00906569 0.0200056 0.194211 0.340864
6.61088 -5.27219 6.99714 -0.499829 -0.185968 -0.150579 0.832414 0.217892 0.196325 0.0701504 -0.0815887 -0.0220894 0.340864
6.68592 -5.27851 7.03747 -0.488425 -0.193808 -0.162829 0.835084 0.284643 0.196325 0.0701504 -0.0815887 -0.0220894 0.340864
6.7794 -5.28847 7.09089 -0.476851 -0.20158 -0.175021 0.837464 0.351394 0.196325 0.0701504 -0.0815887 -0.0220894 0.340864
6.87931 -5.30195 7.14874 -0.450046 -0.192989 -0.178667 0.8534 0.3324 -0.0558638 0.189956 0.0234025 0.00613292 0.340864
6.97414 -5.31796 7.20169 -0.422763 -0.184192 -0.182124 0.868433 0.313406 -0.0558638 0.189956 0.0234025 0.00613292 0.340864
7.06381 -5.33601 7.24974 -0.395033 -0.175201 -0.185387 0.882545 0.294413 -0.0558638 0.189956 0.0234025 0.00613292 0.340864
7.14827 -5.3556 7.29294 -0.366884 -0.166024 -0.188454 0.895722 0.275419 -0.0558638 0.189956 0.0234025 0.00613292 0.340864
7.22745 -5.37627 7.33138 -0.338346 -0.156671 -0.191322 0.90795 0.256425 -0.0558638 0.189956 0.0234025 0.00613292 0.340864
7.30129 -5.39755 7.36517 -0.30945 -0.147152 -0.193987 0.919215 0.237431 -0.0558638 0.189956 0.0234025 0.00613292 0.340864
7.36974 -5.419 7.3945 -0.280225 -0.137477 -0.196446 0.929507 0.218438 -0.0558638 0.189956 0.0234025 0.00613292 0.340864
7.40741 -5.43187 7.41069 -0.294719 -0.144524 -0.219277 0.918788 0.0343895 -0.541319 -0.0866076 -0.0680997 -0.137342 0.340864
7.45747 -5.45064 7.43246 -0.295346 -0.128566 -0.220137 0.92075 0.305154 0.796366 0.0213269 0.087243 -0.0303181 0.340864
7.53987 -5.48604 7.46777 -0.271331 -0.122533 -0.25725 0.919341 0.261987 -0.126961 0.163559 -0.0639883 -0.195222 0.340864
7.60688 -5.52224 7.49736 -0.246774 -0.116255 -0.293851 0.9161 0.21882 -0.126961 0.163559 -0.0639883 -0.195222 0.340864
7.65922 -5.55683 7.52102 -0.221726 -0.109747 -0.329866 0.911033 0.175653 -0.126961 0.163559 -0.0639883 -0.195222 0.340864
7.6978 -5.58747 7.53876 -0.196236 -0.103019 -0.365224 0.904151 0.132486 -0.126961 0.163559 -0.0639883 -0.195222 0.340864
7.72378 -5.61198 7.55083 -0.170355 -0.0960866 -0.399855 0.895468 0.0893193 -0.126961 0.163559 -0.0639883 -0.195222 0.340864
7.74294 -5.63207 7.55875 -0.153953 -0.0634176 -0.404488 0.899259 0.0805705 -0.0257317 0.169699 0.131031 -0.0389671 0.340864
7.76016 -5.65068 7.56403 -0.137338 -0.0306615 -0.408567 0.901815 0.0718218 -0.0257317 0.169699 0.131031 -0.0389671 0.340864
7.77536 -5.66758 7.56706 -0.120536 0.0021366 -0.412085 0.903135 0.063073 -0.0257317 0.169699 0.131031 -0.0389671 0.340864
7.78847 -5.68257 7.56826 -0.103568 0.0349318 -0.415038 0.903215 0.0543242 -0.0257317 0.169699 0.131031 -0.0389671 0.340864
7.79948 -5.6955 7.56805 -0.0864575 0.0676791 -0.417421 0.902056 0.0455754 -0.0257317 0.169699 0.131031 -0.0389671 0.340864
7.80839 -5.70624 7.56686 -0.0692287 0.100333 -0.419231 0.899659 0.0368266 -0.0257317 0.169699 0.131031 -0.0389671 0.340864
7.8217 -5.72216 7.5636 -0.0441096 0.119465 -0.408681 0.903749 0.0867411 0.146807 0.188041 0.0411923 0.0433122 0.340864
7.84607 -5.75016 7.55562 -0.018941 0.138463 -0.397671 0.906822 0.136656 0.146807 0.188041 0.0411923 0.0433122 0.340864
7.88173 -5.78933 7.54106 0.00624899 0.157304 -0.386214 0.908876 0.18657 0.146807 0.188041 0.0411923 0.0433122 0.340864
7.92886 -5.83858 7.51816 0.0314319 0.175969 -0.374322 0.909907 0.236484 0.146807 0.188041 0.0411923 0.0433122 0.340864
7.98755 -5.89665 7.48525 0.0565795 0.194436 -0.362009 0.909914 0.286399 0.146807 0.188041 0.0411923 0.0433122 0.340864
8.05784 -5.9621 7.44078 0.0816634 0.212684 -0.349288 0.908897 0.336313 0.146807 0.188041 0.0411923 0.0433122 0.340864
8.13973 -6.03336 7.38334 0.106655 0.230692 -0.336175 0.906858 0.386228 0.146807 0.188041 0.0411923 0.0433122 0.340864
8.23312 -6.10871 7.31166 0.131528 0.248441 -0.322684 0.903799 0.436142 0.146807 0.188041 0.0411923 0.0433122 0.340864
8.31628 -6.17246 7.24627 0.164383 0.231024 -0.327354 0.901358 0.290346 -0.428811 0.136708 -0.147818 -0.0909765 0.340864
8.38543 -6.22274 7.19345 0.197157 0.222697 -0.319141 0.899824 0.300871 0.0309545 0.170418 -0.113141 -0.0120011 0.340864
8.45172 -6.27103 7.14581 0.196583 0.19075 -0.337288 0.90067 0.25714 -0.128621 -0.0877876 -0.148117 -0.130791 0.340864
8.50764 -6.31537 7.10971 0.195743 0.158545 -0.354979 0.900299 0.213408 -0.128621 -0.0877876 -0.148117 -0.130791 0.340864
8.5529 -6.3543 7.08372 0.194638 0.126125 -0.37219 0.898712 0.169677 -0.128621 -0.0877876 -0.148117 -0.130791 0.340864
8.58738 -6.38644 7.06633 0.193271 0.0935356 -0.388898 0.89591 0.125946 -0.128621 -0.0877876 -0.148117 -0.130791 0.340864
8.62447 -6.42132 7.04997 0.214415 0.0742321 -0.376891 0.898036 0.188638 0.184389 0.0714695 -0.164947 0.0345674 0.340864
8.67811 -6.46897 7.02887 0.235351 0.0548566 -0.364519 0.899292 0.251331 0.184389 0.0714695 -0.164947 0.0345674 0.340864
8.7492 -6.52875 7.0042 0.256059 0.035428 -0.351794 0.899678 0.314023 0.184389 0.0714695 -0.164947 0.0345674 0.340864
8.82479 -6.58788 6.98117 0.286618 0.0181301 -0.329476 0.899426 0.266582 -0.139532 0.131001 -0.188401 0.0851907 0.340864
8.89059 -6.63466 6.96389 0.316682 0.000800846 -0.306588 0.897617 0.219141 -0.139532 0.131001 -0.188401 0.0851907 0.340864
8.95049 -6.6753 6.94725 0.335726 0.02306 -0.315041 0.887415 0.21783 -0.00385743 0.159692 0.0989963 -0.0216591 0.340864
9.00911 -6.71512 6.92653 0.354423 0.0452953 -0.323168 0.876296 0.216518 -0.00385743 0.159692 0.0989963 -0.0216591 0.340864
9.06633 -6.75389 6.90187 0.372754 0.0674838 -0.330962 0.864271 0.215207 -0.00385743 0.159692 0.0989963 -0.0216591 0.340864
9.12202 -6.7914 6.8734 0.3907 0.0896026 -0.338413 0.851353 0.213895 -0.00385743 0.159692 0.0989963 -0.0216591 0.340864
9.17609 -6.82745 6.84127 0.408242 0.111629 -0.345514 0.837555 0.212583 -0.00385743 0.159692 0.0989963 -0.0216591 0.340864
9.22843 -6.86183 6.80565 0.425362 0.133539 -0.352258 0.82289 0.211272 -0.00385743 0.159692 0.0989963 -0.0216591 0.340864
9.27404 -6.88974 6.77207 0.447788 0.149146 -0.336867 0.814716 0.160193 -0.150232 0.173468 -0.00301438 0.0790082 0.340864
9.30763 -6.90764 6.74664 0.469744 0.164596 -0.321123 0.805685 0.109114 -0.150232 0.173468 -0.00301438 0.0790082 0.340864
9.32878 -6.91726 6.73028 0.491207 0.179873 -0.305041 0.795809 0.0580349 -0.150232 0.173468 -0.00301438 0.0790082 0.340864
9.34847 -6.92533 6.71462 0.492021 0.187043 -0.306888 0.792937 0.0974151 0.115824 0.023021 0.0404785 0.00605362 0.340864
9.37783 -6.93725 6.69052 0.492804 0.194201 -0.308716 0.790015 0.136795 0.115824 0.023021 0.0404785 0.00605362 0.340864
9.41667 -6.95285 6.65766 0.493556 0.201346 -0.310524 0.787043 0.176175 0.115824 0.023021 0.0404785 0.00605362 0.340864
9.46378 -6.97126 6.61529 0.507506 0.218318 -0.31808 0.770454 0.211997 0.105357 0.134817 0.0946888 -0.0325339 0.340864
9.5177 -6.99133 6.56238 0.521043 0.235112 -0.325376 0.753238 0.247818 0.105357 0.134817 0.0946888 -0.0325339 0.340864
9.57776 -7.01233 6.49825 0.534155 0.251714 -0.332408 0.735407 0.283639 0.105357 0.134817 0.0946888 -0.0325339 0.340864
9.64327 -7.0335 6.4223 0.546832 0.268111 -0.339168 0.716977 0.319461 0.105357 0.134817 0.0946888 -0.0325339 0.340864
9.71354 -7.054 6.334 0.559063 0.28429 -0.345652 0.697963 0.355282 0.105357 0.134817 0.0946888 -0.0325339 0.340864
9.78784 -7.07297 6.23292 0.570838 0.300237 -0.351854 0.678381 0.391103 0.105357 0.134817 0.0946888 -0.0325339 0.340864
9.86545 -7.08949 6.11873 0.582148 0.31594 -0.35777 0.658245 0.426925 0.105357 0.134817 0.0946888 -0.0325339 0.340864
9.94563 -7.10259 5.99118 0.592984 0.331385 -0.363394 0.637573 0.462746 0.105357 0.134817 0.0946888 -0.0325339 0.340864
10.0269 -7.1171 5.85706 0.600561 0.308155 -0.384177 0.6299 0.463601 0.0025141 -0.0349962 -0.0158678 -0.190181 0.340864
10.1078 -7.13848 5.72335 0.607485 0.28459 -0.404543 0.621543 0.464456 0.0025141 -0.0349962 -0.0158678 -0.190181 0.340864
10.188 -7.16671 5.59013 0.613748 0.260716 -0.424469 0.612509 0.46531 0.0025141 -0.0349962 -0.0158678 -0.190181 0.340864
10.271 -7.19267 5.45796 0.632617 0.275045 -0.390277 0.609778 0.465481 0.000500648 0.166109 -0.114774 0.139205 0.340864
10.345 -7.21104 5.34054 0.626069 0.282702 -0.404855 0.603498 0.358381 -0.314999 -0.00612797 0.106913 -0.0276195 0.340864
10.3966 -7.22532 5.25175 0.619299 0.290259 -0.41929 0.597005 0.251281 -0.314999 -0.00612797 0.106913 -0.0276195 0.340864
10.4278 -7.235 5.19303 0.61231 0.297713 -0.433576 0.590301 0.144182 -0.314999 -0.00612797 0.106913 -0.0276195 0.340864
10.4412 -7.23961 5.16564 0.605105 0.305062 -0.44771 0.583388 0.0370818 -0.314999 -0.00612797 0.106913 -0.0276195 0.340864
10.4493 -7.24205 5.14684 0.613409 0.333102 -0.446841 0.559558 0.084308 0.138901 0.188767 0.114049 0.0251319 0.340864
10.4625 -7.24417 5.11268 0.620841 0.360667 -0.445336 0.534932 0.131534 0.138901 0.188767 0.114049 0.0251319 0.340864
10.4796 -7.24393 5.06278 0.627388 0.387719 -0.443197 0.509544 0.17876 0.138901 0.188767 0.114049 0.0251319 0.340864
10.4993 -7.23925 4.99706 0.633042 0.414218 -0.440427 0.48343 0.225987 0.138901 0.188767 0.114049 0.0251319 0.340864
10.5205 -7.22809 4.91565 0.637795 0.440128 -0.43703 0.456628 0.273213 0.138901 0.188767 0.114049 0.0251319 0.340864
10.5417 -7.20843 4.819 0.641639 0.465412 -0.433011 0.429176 0.320439 0.138901 0.188767 0.114049 0.0251319 0.340864
10.5618 -7.1783 4.7078 0.644571 0.490032 -0.428375 0.401113 0.367665 0.138901 0.188767 0.114049 0.0251319 0.340864
10.5795 -7.13579 4.58301 0.646584 0.513955 -0.423129 0.372479 0.414891 0.138901 0.188767 0.114049 0.0251319 0.340864
10.5995 -7.08927 4.44788 0.649305 0.488615 -0.424226 0.399614 0.434162 0.0566798 -0.163666 -0.140192 -0.0394799 0.340864
10.6277 -7.04886 4.3053 0.651125 0.462597 -0.424734 0.426194 0.453433 0.0566798 -0.163666 -0.140192 -0.0394799 0.340864
10.6605 -7.01347 4.16499 0.654423 0.457498 -0.418378 0.432881 0.41943 -0.100011 -0.012792 -0.0635629 0.0041407 0.340864
10.6935 -6.98135 4.03614 0.65764 0.452344 -0.411971 0.439516 0.385426 -0.100011 -0.012792 -0.0635629 0.0041407 0.340864
10.7262 -6.95242 3.91874 0.660777 0.447134 -0.405514 0.446097 0.351422 -0.100011 -0.012792 -0.0635629 0.0041407 0.340864
10.7582 -6.92657 3.81273 0.663834 0.44187 -0.399008 0.452624 0.317418 -0.100011 -0.012792 -0.0635629 0.0041407 0.340864
10.7889 -6.90372 3.71804 0.66681 0.436552 -0.392453 0.459095 0.283414 -0.100011 -0.012792 -0.0635629 0.0041407 0.340864
10.8179 -6.88379 3.63458 0.669704 0.43118 -0.38585 0.465511 0.24941 -0.100011 -0.012792 -0.0635629 0.0041407 0.340864
10.8448 -6.86667 3.56227 0.672517 0.425756 -0.3792 0.471869 0.215406 -0.100011 -0.012792 -0.0635629 0.0041407 0.340864
10.8729 -6.84898 3.49049 0.69421 0.414033 -0.384306 0.446047 0.24993 0.101541 0.123456 0.00394239 -0.172517 0.340864
10.9064 -6.82714 3.4089 0.715 0.401771 -0.388912 0.419645 0.284454 0.101541 0.123456 0.00394239 -0.172517 0.340864
10.9455 -6.8009 3.31779 0.734861 0.388987 -0.393013 0.392696 0.318978 0.101541 0.123456 0.00394239 -0.172517 0.340864
10.9908 -6.77002 3.21745 0.753765 0.375696 -0.396602 0.365237 0.353502 0.101541 0.123456 0.00394239 -0.172517 0.340864
11.0426 -6.73435 3.10821 0.771688 0.361917 -0.399675 0.337303 0.388026 0.101541 0.123456 0.00394239 -0.172517 0.340864
11.1014 -6.69375 2.99038 0.788608 0.347667 -0.402228 0.308929 0.42255 0.101541 0.123456 0.00394239 -0.172517 0.340864
11.1677 -6.64819 2.86431 0.804502 0.332964 -0.404258 0.280154 0.457073 0.101541 0.123456 0.00394239 -0.172517 0.340864
11.2419 -6.59765 2.73034 0.819349 0.317829 -0.405762 0.251015 0.491597 0.101541 0.123456 0.00394239 -0.172517 0.340864
11.3147 -6.54843 2.59975 0.815208 0.316897 -0.414265 0.251788 0.434336 -0.168416 -0.0279647 0.0480419 -0.00745607 0.340864
11.3767 -6.50655 2.48387 0.810992 0.315936 -0.422729 0.252539 0.377074 -0.168416 -0.0279647 0.0480419 -0.00745607 0.340864
11.4284 -6.47167 2.38316 0.806703 0.314947 -0.431155 0.253267 0.319813 -0.168416 -0.0279647 0.0480419 -0.00745607 0.340864
11.4703 -6.44342 2.29804 0.80234 0.313929 -0.439542 0.253972 0.262551 -0.168416 -0.0279647 0.0480419 -0.00745607 0.340864
11.5029 -6.42147 2.2289 0.797904 0.312882 -0.447889 0.254654 0.205289 -0.168416 -0.0279647 0.0480419 -0.00745607 0.340864
11.5267 -6.40545 2.17614 0.793396 0.311807 -0.456196 0.255312 0.148028 -0.168416 -0.0279647 0.0480419 -0.00745607 0.340864
11.5482 -6.39341 2.12939 0.796081 0.282011 -0.457517 0.278213 0.162854 0.0436066 -0.185275 -0.0878126 -0.0845349 0.340864
11.5736 -6.38416 2.0782 0.797635 0.251813 -0.458189 0.300719 0.17768 0.0436066 -0.185275 -0.0878126 -0.0845349 0.340864
11.603 -6.37841 2.0229 0.798055 0.221258 -0.458209 0.322798 0.192507 0.0436066 -0.185275 -0.0878126 -0.0845349 0.340864
11.6367 -6.37689 1.96391 0.797341 0.190389 -0.457577 0.344417 0.207333 0.0436066 -0.185275 -0.0878126 -0.0845349 0.340864
11.6748 -6.38027 1.90171 0.795493 0.159249 -0.456296 0.365547 0.222159 0.0436066 -0.185275 -0.0878126 -0.0845349 0.340864
11.7173 -6.38922 1.83685 0.792515 0.127882 -0.454366 0.386158 0.236985 0.0436066 -0.185275 -0.0878126 -0.0845349 0.340864
11.7653 -6.4012 1.76772 0.814252 0.111476 -0.44743 0.352665 0.263107 0.0768286 0.166935 -0.102533 -0.16665 0.340864
11.8202 -6.41318 1.69253 0.834433 0.0948571 -0.43964 0.318498 0.289229 0.0768286 0.166935 -0.102533 -0.16665 0.340864
11.8825 -6.42514 1.61166 0.853018 0.0780567 -0.431009 0.283723 0.315351 0.0768286 0.166935 -0.102533 -0.16665 0.340864
11.9525 -6.43709 1.52549 0.869973 0.0611071 -0.421554 0.248405 0.341472 0.0768286 0.166935 -0.102533 -0.16665 0.340864
12.0306 -6.44912 1.43444 0.885265 0.0440407 -0.411293 0.212612 0.367594 0.0768286 0.166935 -0.102533 -0.16665 0.340864
12.1053 -6.45883 1.34565 0.877835 0.0606145 -0.428798 0.204608 0.317746 -0.146612 0.0679584 0.131948 0.0469805 0.340864
12.1659 -6.46435 1.26683 0.86979 0.0771458 -0.446002 0.196461 0.267898 -0.146612 0.0679584 0.131948 0.0469805 0.340864
12.2132 -6.46662 1.19916 0.861135 0.0936231 -0.462894 0.188176 0.218049 -0.146612 0.0679584 0.131948 0.0469805 0.340864
12.2484 -6.46659 1.14374 0.851878 0.110035 -0.479462 0.179759 0.168201 -0.146612 0.0679584 0.131948 0.0469805 0.340864
12.2726 -6.46521 1.10151 0.842023 0.126369 -0.495694 0.171217 0.118353 -0.146612 0.0679584 0.131948 0.0469805 0.340864
12.2872 -6.46344 1.07333 0.831579 0.142616 -0.511579 0.162554 0.0685046 -0.146612 0.0679584 0.131948 0.0469805 0.340864
12.2934 -6.46223 1.05994 0.820553 0.158762 -0.527105 0.153778 0.0186564 -0.146612 0.0679584 0.131948 0.0469805 0.340864
12.302 -6.46023 1.04195 0.839412 0.14825 -0.501443 0.148202 0.0992953 0.237173 0.0353541 -0.186676 -0.0624399 0.340864
12.3251 -6.45546 1.00072 0.857301 0.137567 -0.475202 0.142454 0.179934 0.237173 0.0353541 -0.186676 -0.0624399 0.340864
12.3655 -6.44798 0.938151 0.874199 0.126725 -0.448411 0.136542 0.260573 0.237173 0.0353541 -0.186676 -0.0624399 0.340864
12.4262 -6.43798 0.856448 0.890087 0.115736 -0.421102 0.130472 0.341212 0.237173 0.0353541 -0.186676 -0.0624399 0.340864
12.4879 -6.42724 0.779889 0.894737 0.123369 -0.412336 0.119179 0.240633 -0.295821 0.0875741 -0.043872 0.0155564 0.340864
12.529 -6.41854 0.730628 0.899133 0.130967 -0.403453 0.107853 0.140054 -0.295821 0.0875741 -0.043872 0.0155564 0.340864
12.5581 -6.41117 0.697464 0.90722 0.138269 -0.387078 0.0894682 0.12325 -0.0494238 0.132328 -0.0870137 -0.000853008 0.340864
12.5844 -6.40346 0.669615 0.914648 0.145471 -0.370422 0.0710187 0.106446 -0.0494238 0.132328 -0.0870137 -0.000853008 0.340864
12.6075 -6.39585 0.646832 0.921414 0.152567 -0.353498 0.0525176 0.0896415 -0.0494238 0.132328 -0.0870137 -0.000853008 0.340864
12.6272 -6.38872 0.628828 0.927512 0.159552 -0.336318 0.0339785 0.0728374 -0.0494238 0.132328 -0.0870137 -0.000853008 0.340864
12.6432 -6.38244 0.615282 0.932938 0.166422 -0.318894 0.0154148 0.0560333 -0.0494238 0.132328 -0.0870137 -0.000853008 0.340864
12.6553 -6.37737 0.605837 0.937687 0.173172 -0.301238 -0.00316008 0.0392292 -0.0494238 0.132328 -0.0870137 -0.000853008 0.340864
12.6634 -6.37383 0.600106 0.941757 0.179795 -0.283365 -0.0217327 0.0224251 -0.0494238 0.132328 -0.0870137 -0.000853008 0.340864
12.6671 -6.37211 0.597674 0.945144 0.186289 -0.265286 -0.0402895 0.00562099 -0.0494238 0.132328 -0.0870137 -0.000853008 0.340864
12.6736 -6.36865 0.593413 0.932312 0.208483 -0.287764 -0.0672326 0.0444191 0.114112 0.162889 0.169317 0.10077 0.340864
12.6893 -6.35873 0.582171 0.91772 0.230284 -0.3097 -0.0940488 0.0832171 0.114112 0.162889 0.169317 0.10077 0.340864
12.7129 -6.34097 0.56363 0.901395 0.25165 -0.33105 -0.120687 0.122015 0.114112 0.162889 0.169317 0.10077 0.340864
12.7431 -6.31402 0.537701 0.883367 0.272541 -0.351776 -0.147098 0.160813 0.114112 0.162889 0.169317 0.10077 0.340864
12.7784 -6.27659 0.50452 0.863671 0.292917 -0.371837 -0.173231 0.199611 0.114112 0.162889 0.169317 0.10077 0.340864
12.8175 -6.22747 0.464454 0.842344 0.31274 -0.391196 -0.199036 0.238409 0.114112 0.162889 0.169317 0.10077 0.340864
12.8587 -6.16558 0.418094 0.819427 0.331972 -0.409816 -0.224466 0.277208 0.114112 0.162889 0.169317 0.10077 0.340864
12.9006 -6.08993 0.36625 0.794962 0.350578 -0.427662 -0.249472 0.316006 0.114112 0.162889 0.169317 0.10077 0.340864
12.9417 -5.9997 0.309945 0.768996 0.368521 -0.4447 -0.274007 0.354804 0.114112 0.162889 0.169317 0.10077 0.340864
12.9804 -5.89419 0.250401 0.741577 0.385768 -0.460899 -0.298024 0.393602 0.114112 0.162889 0.169317 0.10077 0.340864
13.0071 -5.80771 0.201763 0.736052 0.384646 -0.482845 -0.277732 0.210867 -0.537455 -0.131698 0.0666401 0.101147 0.340864
13.0162 -5.77404 0.180923 0.729847 0.383168 -0.504344 -0.257182 0.0281324 -0.537455 -0.131698 0.0666401 0.101147 0.340864
13.026 -5.73745 0.155402 0.746371 0.372895 -0.498933 -0.234402 0.240531 0.624703 -0.1411 -0.108073 -0.0219572 0.340864
13.0541 -5.64618 0.0863349 0.762204 0.362277 -0.49306 -0.211405 0.45293 0.624703 -0.1411 -0.108073 -0.0219572 0.340864
13.0921 -5.53976 0.0058767 0.771612 0.360254 -0.470613 -0.230986 0.363071 -0.264292 0.118077 -0.0836989 -0.113842 0.340864
13.1266 -5.4556 -0.0526146 0.780265 0.357878 -0.447706 -0.25034 0.273212 -0.264292 0.118077 -0.0836989 -0.113842 0.340864
13.1603 -5.3781 -0.106369 0.775324 0.341829 -0.467625 -0.251699 0.315888 0.125519 -0.0706941 0.130946 -0.0375081 0.340864
13.1971 -5.29137 -0.171692 0.769855 0.325548 -0.487226 -0.252886 0.358564 0.125519 -0.0706941 0.130946 -0.0375081 0.340864
13.2364 -5.196 -0.249397 0.763863 0.309045 -0.506496 -0.253902 0.401241 0.125519 -0.0706941 0.130946 -0.0375081 0.340864
13.2776 -5.09258 -0.340236 0.757351 0.292332 -0.525421 -0.254744 0.443917 0.125519 -0.0706941 0.130946 -0.0375081 0.340864
13.3198 -4.98173 -0.444894 0.750323 0.27542 -0.543988 -0.255414 0.486594 0.125519 -0.0706941 0.130946 -0.0375081 0.340864
13.3632 -4.8647 -0.554456 0.752853 0.296005 -0.52852 -0.257409 0.490475 0.0114153 0.0959452 -0.104071 0.0571412 0.340864
13.4084 -4.74236 -0.659392 0.754876 0.316391 -0.512697 -0.25923 0.494356 0.0114153 0.0959452 -0.104071 0.0571412 0.340864
13.4522 -4.62978 -0.752915 0.769688 0.318286 -0.49839 -0.240585 0.404402 -0.264572 -0.0730493 -0.145812 0.0152659 0.340864
13.4905 -4.5414 -0.828113 0.783904 0.319935 -0.483697 -0.221752 0.314447 -0.264572 -0.0730493 -0.145812 0.0152659 0.340864
13.527 -4.46482 -0.896362 0.781733 0.286719 -0.497181 -0.243919 0.325885 0.0336404 -0.0148426 0.153443 -0.19462 0.340864
13.5661 -4.38841 -0.969448 0.778171 0.252992 -0.509779 -0.265651 0.337323 0.0336404 -0.0148426 0.153443 -0.19462 0.340864
13.6077 -4.31247 -1.04759 0.773222 0.218815 -0.521469 -0.286911 0.34876 0.0336404 -0.0148426 0.153443 -0.19462 0.340864
13.6515 -4.23729 -1.13098 0.766896 0.184248 -0.532231 -0.307659 0.360198 0.0336404 -0.0148426 0.153443 -0.19462 0.340864
13.6971 -4.16313 -1.21983 0.759204 0.149353 -0.542045 -0.327859 0.371636 0.0336404 -0.0148426 0.153443 -0.19462 0.340864
13.7443 -4.09024 -1.31428 0.750159 0.114192 -0.550893 -0.347475 0.383074 0.0336404 -0.0148426 0.153443 -0.19462 0.340864
13.7926 -4.01884 -1.4145 0.739779 0.0788272 -0.55876 -0.366472 0.394511 0.0336404 -0.0148426 0.153443 -0.19462 0.340864
13.8411 -3.95256 -1.51301 0.739745 0.0562377 -0.547887 -0.386568 0.36 -0.101503 0.0183176 0.0108107 -0.187807 0.340864
13.8886 -3.8947 -1.60231 0.738948 0.0335902 -0.536448 -0.406264 0.325489 -0.101503 0.0183176 0.0108107 -0.187807 0.340864
13.9342 -3.84499 -1.68247 0.737389 0.0109081 -0.524456 -0.425541 0.290978 -0.101503 0.0183176 0.0108107 -0.187807 0.340864
13.9773 -3.80307 -1.75353 0.735068 -0.0117854 -0.511922 -0.444379 0.256467 -0.101503 0.0183176 0.0108107 -0.187807 0.340864
14.0086 -3.77388 -1.80176 0.726005 -0.00105014 -0.500493 -0.471617 0.122991 -0.392575 0.173032 -0.0520858 -0.0661192 0.340864
14.0398 -3.74404 -1.84459 0.714179 0.0121423 -0.488266 -0.501396 0.234617 0.32831 0.198788 -0.0541984 -0.0653395 0.340864
14.0926 -3.69222 -1.9099 0.701389 0.0253183 -0.475379 -0.530497 0.346242 0.32831 0.198788 -0.0541984 -0.0653395 0.340864
14.1545 -3.62629 -1.98173 0.682015 0.0536248 -0.484922 -0.544822 0.333126 -0.0385759 0.197341 0.00735096 0.109422 0.340864
14.2113 -3.55626 -2.04646 0.661637 0.0818523 -0.49375 -0.558344 0.320011 -0.0385759 0.197341 0.00735096 0.109422 0.340864
14.2631 -3.48305 -2.10401 0.640284 0.109959 -0.501852 -0.571043 0.306895 -0.0385759 0.197341 0.00735096 0.109422 0.340864
14.3099 -3.40757 -2.15438 0.617988 0.137904 -0.509214 -0.582902 0.293779 -0.0385759 0.197341 0.00735096 0.109422 0.340864
14.3517 -3.3307 -2.19766 0.594781 0.165646 -0.515826 -0.593902 0.280663 -0.0385759 0.197341 0.00735096 0.109422 0.340864
14.3887 -3.2533 -2.234 0.570699 0.193144 -0.521678 -0.604028 0.267547 -0.0385759 0.197341 0.00735096 0.109422 0.340864
14.4211 -3.1762 -2.26363 0.545776 0.220357 -0.526762 -0.613264 0.254432 -0.0385759 0.197341 0.00735096 0.109422 0.340864
14.449 -3.10016 -2.28683 0.52005 0.247246 -0.531071 -0.621596 0.241316 -0.0385759 0.197341 0.00735096 0.109422 0.340864
14.4726 -3.02589 -2.30396 0.493557 0.273771 -0.534597 -0.629013 0.2282 -0.0385759 0.197341 0.00735096 0.109422 0.340864
14.4924 -2.95202 -2.32041 0.50194 0.270469 -0.560047 -0.601041 0.232016 0.0112226 -0.163638 0.0147026 0.159087 0.340864
14.5083 -2.87699 -2.3414 0.509564 0.266759 -0.584651 -0.57216 0.235831 0.0112226 -0.163638 0.0147026 0.159087 0.340864
14.5153 -2.83568 -2.35323 0.506811 0.31252 -0.578869 -0.557121 0.0203201 -0.633857 0.130687 -0.185555 0.173817 0.340864
14.5216 -2.7969 -2.36246 0.524905 0.32466 -0.556327 -0.556391 0.217144 0.578894 0.0213105 -0.169969 -0.0684701 0.340864
14.5281 -2.76044 -2.37095 0.513017 0.313438 -0.56434 -0.565765 0.00626988 -0.620218 0.0158225 0.118283 -0.0163994 0.340864
14.5287 -2.75679 -2.37174 0.505925 0.319507 -0.560517 -0.572516 0.0159785 0.0285547 0.071176 0.00425656 -0.00374428 0.340864
14.5299 -2.74994 -2.37308 0.498759 0.325529 -0.556612 -0.579184 0.0256871 0.0285547 0.071176 0.00425656 -0.00374428 0.340864
14.5316 -2.73985 -2.3748 0.491518 0.331504 -0.552624 -0.585766 0.0353956 0.0285547 0.071176 0.00425656 -0.00374428 0.340864
14.534 -2.72651 -2.37676 0.484206 0.337429 -0.548555 -0.592261 0.0451042 0.0285547 0.071176 0.00425656 -0.00374428 0.340864
14.5369 -2.7099 -2.37879 0.476822 0.343305 -0.544406 -0.59867 0.0548128 0.0285547 0.071176 0.00425656 -0.00374428 0.340864
14.5392 -2.69541 -2.38073 0.501995 0.350246 -0.553149 -0.565115 0.0322861 -0.0662551 -0.178249 -0.148346 0.106913 0.340864
14.5401 -2.68844 -2.38203 0.526223 0.356528 -0.56085 -0.530495 0.00975934 -0.0662551 -0.178249 -0.148346 0.106913 0.340864
14.5417 -2.67433 -2.38492 0.513503 0.359942 -0.564045 -0.537224 0.0755263 0.193432 0.0650867 0.0553173 0.0250207 0.340864
14.5453 -2.63826 -2.39162 0.500665 0.363274 -0.567112 -0.54383 0.141293 0.193432 0.0650867 0.0553173 0.0250207 0.340864
14.5505 -2.58005 -2.40122 0.487712 0.366523 -0.570049 -0.550311 0.20706 0.193432 0.0650867 0.0553173 0.0250207 0.340864
14.5566 -2.49954 -2.4128 0.474648 0.369687 -0.572855 -0.556666 0.272827 0.193432 0.0650867 0.0553173 0.0250207 0.340864
14.5634 -2.39659 -2.42543 0.461475 0.372768 -0.575531 -0.562894 0.338594 0.193432 0.0650867 0.0553173 0.0250207 0.340864
14.5702 -2.27112 -2.43816 0.448197 0.375762 -0.578074 -0.568993 0.404361 0.193432 0.0650867 0.0553173 0.0250207 0.340864
14.5729 -2.13607 -2.45203 0.460892 0.400718 -0.586605 -0.531882 0.394486 -0.0290459 -0.0743558 -0.186297 0.192553 0.340864
14.5679 -2.00483 -2.46897 0.472556 0.424778 -0.593826 -0.493583 0.38461 -0.0290459 -0.0743558 -0.186297 0.192553 0.340864
14.5559 -1.87794 -2.48923 0.483166 0.447889 -0.599721 -0.454182 0.374734 -0.0290459 -0.0743558 -0.186297 0.192553 0.340864
14.5445 -1.77396 -2.50891 0.505894 0.446159 -0.588872 -0.445244 0.251411 -0.362716 -0.0636535 -0.129956 -0.0622619 0.340864
14.5402 -1.71267 -2.52017 0.514315 0.453044 -0.561023 -0.464203 0.116088 -0.398009 0.131328 -0.0803388 -0.140252 0.340864
14.5386 -1.67506 -2.52489 0.492656 0.465033 -0.551816 -0.486347 0.107084 -0.0264828 0.190275 0.0699144 -0.00422708 0.340864
14.5371 -1.64028 -2.52695 0.470412 0.476469 -0.541954 -0.507913 0.0980795 -0.0264828 0.190275 0.0699144 -0.00422708 0.340864
14.5359 -1.6085 -2.52674 0.447609 0.48734 -0.531448 -0.528876 0.0890754 -0.0264828 0.190275 0.0699144 -0.00422708 0.340864
14.5347 -1.57985 -2.52468 0.424274 0.497631 -0.520311 -0.549211 0.0800712 -0.0264828 0.190275 0.0699144 -0.00422708 0.340864
14.5339 -1.55441 -2.52116 0.400434 0.507331 -0.508555 -0.568893 0.0710671 -0.0264828 0.190275 0.0699144 -0.00422708 0.340864
14.5332 -1.52707 -2.51622 0.384585 0.494823 -0.513827 -0.585856 0.0924595 0.0629189 0.0398472 0.15233 -0.0152695 0.340864
14.5328 -1.49265 -2.50949 0.368458 0.481956 -0.518727 -0.602395 0.113852 0.0629189 0.0398472 0.15233 -0.0152695 0.340864
14.533 -1.4512 -2.50081 0.352064 0.468741 -0.523252 -0.618498 0.135244 0.0629189 0.0398472 0.15233 -0.0152695 0.340864
14.5341 -1.40278 -2.49001 0.335415 0.455187 -0.527398 -0.634154 0.156637 0.0629189 0.0398472 0.15233 -0.0152695 0.340864
14.5363 -1.34745 -2.47696 0.318524 0.441304 -0.531164 -0.649352 0.178029 0.0629189 0.0398472 0.15233 -0.0152695 0.340864
14.5398 -1.28526 -2.46155 0.301403 0.427102 -0.534545 -0.66408 0.199422 0.0629189 0.0398472 0.15233 -0.0152695 0.340864
14.545 -1.21628 -2.4437 0.284064 0.412591 -0.537539 -0.678328 0.220814 0.0629189 0.0398472 0.15233 -0.0152695 0.340864
14.5522 -1.14059 -2.42334 0.266519 0.397781 -0.540145 -0.692085 0.242206 0.0629189 0.0398472 0.15233 -0.0152695 0.340864
14.56 -1.06203 -2.40066 0.26417 0.413797 -0.532312 -0.68966 0.240999 -0.0035518 0.0749801 -0.0756981 0.00641978 0.340864
14.567 -0.984453 -2.37592 0.261735 0.429676 -0.524303 -0.687008 0.239791 -0.0035518 0.0749801 -0.0756981 0.00641978 0.340864
14.5732 -0.907906 -2.34917 0.259213 0.445414 -0.516122 -0.684129 0.238584 -0.0035518 0.0749801 -0.0756981 0.00641978 0.340864
14.5784 -0.832437 -2.32047 0.256606 0.461006 -0.507771 -0.681026 0.237376 -0.0035518 0.0749801 -0.0756981 0.00641978 0.340864
14.5827 -0.758094 -2.2899 0.253914 0.476445 -0.499252 -0.677698 0.236168 -0.0035518 0.0749801 -0.0756981 0.00641978 0.340864
14.5861 -0.684924 -2.2575 0.251139 0.491728 -0.49057 -0.674147 0.234961 -0.0035518 0.0749801 -0.0756981 0.00641978 0.340864
14.5913 -0.605114 -2.21752 0.241994 0.501464 -0.456473 -0.693977 0.291182 0.165355 0.192333 -0.00523371 -0.151647 0.340864
14.6025 -0.512067 -2.16278 0.232431 0.510331 -0.421585 -0.712604 0.347402 0.165355 0.192333 -0.00523371 -0.151647 0.340864
14.6161 -0.413126 -2.09734 0.209875 0.519981 -0.421331 -0.712778 0.35499 0.0223161 0.119492 0.0156568 0.0794194 0.340864
14.6276 -0.314501 -2.02651 0.187193 0.529319 -0.420824 -0.712522 0.362577 0.0223161 0.119492 0.0156568 0.0794194 0.340864
14.6371 -0.216522 -1.95019 0.164399 0.538338 -0.420063 -0.711837 0.370165 0.0223161 0.119492 0.0156568 0.0794194 0.340864
14.6446 -0.119528 -1.86834 0.141505 0.547033 -0.41905 -0.710724 0.377752 0.0223161 0.119492 0.0156568 0.0794194 0.340864
14.65 -0.0238628 -1.7809 0.118526 0.555399 -0.417784 -0.709183 0.38534 0.0223161 0.119492 0.0156568 0.0794194 0.340864
14.6535 0.070125 -1.68787 0.0954764 0.56343 -0.416266 -0.707215 0.392927 0.0223161 0.119492 0.0156568 0.0794194 0.340864
14.655 0.162082 -1.58921 0.0723689 0.571122 -0.414498 -0.704821 0.400515 0.0223161 0.119492 0.0156568 0.0794194 0.340864
14.6546 0.251652 -1.48495 0.0492178 0.578471 -0.412481 -0.702003 0.408102 0.0223161 0.119492 0.0156568 0.0794194 0.340864
14.6524 0.338478 -1.3751 0.0260371 0.585471 -0.410215 -0.698763 0.41569 0.0223161 0.119492 0.0156568 0.0794194 0.340864
14.6484 0.422201 -1.25972 0.00284076 0.592119 -0.407702 -0.695102 0.423277 0.0223161 0.119492 0.0156568 0.0794194 0.340864
14.6405 0.493736 -1.15252 -0.0158701 0.612937 -0.41184 -0.674125 0.336402 -0.255517 0.111693 -0.113265 0.132772 0.340864
14.6288 0.545355 -1.06816 -0.0345613 0.632994 -0.415467 -0.652312 0.249526 -0.255517 0.111693 -0.113265 0.132772 0.340864
14.619 0.583558 -0.99743 -0.0684528 0.62556 -0.395633 -0.668927 0.22701 -0.0662231 0.182409 0.177308 0.010998 0.340864
14.6138 0.614077 -0.930944 -0.102216 0.616954 -0.375058 -0.684289 0.204494 -0.0662231 0.182409 0.177308 0.010998 0.340864
14.6128 0.637655 -0.869649 -0.135788 0.607192 -0.35378 -0.698369 0.181978 -0.0662231 0.182409 0.177308 0.010998 0.340864
14.6151 0.655096 -0.814352 -0.169105 0.596293 -0.331839 -0.711141 0.159463 -0.0662231 0.182409 0.177308 0.010998 0.340864
14.62 0.667256 -0.765709 -0.202106 0.584276 -0.309277 -0.72258 0.136947 -0.0662231 0.182409 0.177308 0.010998 0.340864
14.6266 0.675027 -0.724219 -0.234728 0.571165 -0.286135 -0.732666 0.114431 -0.0662231 0.182409 0.177308 0.010998 0.340864
14.634 0.679325 -0.690216 -0.26691 0.556984 -0.262458 -0.741379 0.0919151 -0.0662231 0.182409 0.177308 0.010998 0.340864
14.6414 0.681076 -0.663872 -0.298593 0.54176 -0.238288 -0.748704 0.0693993 -0.0662231 0.182409 0.177308 0.010998 0.340864
14.6478 0.681201 -0.645191 -0.329715 0.525521 -0.213672 -0.754626 0.0468834 -0.0662231 0.182409 0.177308 0.010998 0.340864
14.6524 0.680606 -0.634013 -0.360221 0.508297 -0.188656 -0.759134 0.0243676 -0.0662231 0.182409 0.177308 0.010998 0.340864
14.6558 0.680145 -0.627016 -0.343408 0.484769 -0.188609 -0.781983 0.0214562 -0.008563 -0.149492 0.154862 -0.0259897 0.340864
14.6591 0.680021 -0.621058 -0.32613 0.460582 -0.188304 -0.803769 0.0185447 -0.008563 -0.149492 0.154862 -0.0259897 0.340864
14.6622 0.680144 -0.616122 -0.308408 0.43577 -0.187745 -0.824464 0.0156333 -0.008563 -0.149492 0.154862 -0.0259897 0.340864
14.6649 0.680427 -0.612175 -0.290267 0.410366 -0.18693 -0.844039 0.0127219 -0.008563 -0.149492 0.154862 -0.0259897 0.340864
14.6673 0.680786 -0.609173 -0.271732 0.384404 -0.185861 -0.862468 0.00981049 -0.008563 -0.149492 0.154862 -0.0259897 0.340864
14.6691 0.681147 -0.607057 -0.252828 0.35792 -0.18454 -0.879725 0.00689907 -0.008563 -0.149492 0.154862 -0.0259897 0.340864
14.6704 0.681438 -0.605755 -0.233581 0.33095 -0.182968 -0.895787 0.00398765 -0.008563 -0.149492 0.154862 -0.0259897 0.340864
