0 0 0 0 0 0 1 1.13782e-313 0 0 0 0 0
0.42323 0.00180946 0.0217052 0.0290826 -0.038339 0.00404042 0.998833 0.415549 0.203701 0.0285234 -0.0376018 0.00396274 2.04519
0.939632 0.0208086 0.057164 0.020794 -0.0289718 0.0353283 0.998739 0.346304 -0.0509159 -0.0139931 0.0123689 0.0459005 1.36346
1.47995 0.0707665 0.0817367 0.0375048 -0.0131241 0.0586318 0.997489 0.292813 -0.0314652 0.0182158 0.0187059 0.0283956 1.70432
1.6701 0.0917635 0.0910558 0.0497695 -0.0310233 0.0531702 0.996862 0.270558 -0.0327278 0.0393521 -0.0498233 -0.0174175 0.681728
1.76508 0.101341 0.0970226 0.0515567 -0.0263612 0.0502223 0.997058 0.292042 0.063188 0.00950201 0.0287961 -0.0156569 0.340864
2.7759 0.154742 0.144695 0.0962777 -0.0170457 0.006067 0.99519 0.30426 0.00359367 0.0267132 0.00810036 -0.0248828 3.40864
3.28129 0.147895 0.166634 0.0668215 -0.0265946 -0.0148363 0.9973 0.43978 0.0996466 -0.0428091 -0.0112279 -0.0327092 1.36346
4.3245 0.0583058 0.257887 0.0776117 -0.0682688 -0.0663046 0.992431 0.333597 -0.0390376 0.00871016 -0.0282655 -0.0396618 2.72691
5.16684 -0.0963163 0.375214 0.128572 -0.0861346 -0.0974153 0.983138 0.392972 0.0249474 0.0439238 -0.0162539 -0.0247215 2.38605
5.29143 -0.123958 0.394308 0.122431 -0.0893206 -0.0980227 0.983577 0.366119 -0.0789807 -0.0373648 -0.0142245 -0.00878165 0.340864
6.53999 -0.375207 0.688039 0.0608024 -0.153882 -0.0753883 0.983331 0.403449 0.0109796 -0.0406081 -0.0354935 0.0052012 3.40864
7.66129 -0.536414 1.05124 0.0228754 -0.161295 -0.0496729 0.98539 0.471435 0.0249947 -0.0308464 -0.00417572 0.0140895 2.72691
8.35793 -0.582669 1.25327 0.0161888 -0.119271 -0.00757398 0.992701 0.384167 -0.0513341 -0.0134894 0.0493934 0.0491237 1.70432
9.22573 -0.604545 1.41315 0.0027431 -0.0590948 -0.0158539 0.998123 0.265254 -0.0437178 -0.00882338 0.044602 -0.00648063 2.72691
9.31069 -0.606834 1.42255 0.00687897 -0.050988 -0.0103347 0.998622 0.237741 -0.0809229 0.0231128 0.0472973 0.0340205 0.340864
9.83597 -0.634893 1.44621 -0.0016913 0.00740432 -0.0435444 0.999023 0.205078 -0.0137239 -0.00526827 0.0493229 -0.0279163 2.38605
10.1168 -0.657704 1.43805 0.0187989 0.0208636 -0.0377611 0.998892 0.209485 0.00324051 0.031031 0.0184793 0.00823246 1.36346
10.9988 -0.684844 1.43272 0.0578797 -0.0127375 0.00326634 0.998237 0.367512 0.051643 0.0252712 -0.0234138 0.0258423 3.06778
11.2298 -0.680958 1.43645 0.0712268 -0.00198124 0.0148465 0.997348 0.312158 -0.081403 0.038804 0.0297061 0.0363415 0.681728
11.7591 -0.642583 1.41619 0.0471534 0.0611808 0.0696215 0.994578 0.0352791 -0.0904834 -0.016268 0.0384343 0.0386907 3.06778
11.8078 -0.636214 1.40893 -0.0121194 0.102102 0.0491816 0.993484 0.00122557 -0.0125197 -0.0463664 0.0276752 -0.0108167 2.72691
12.0418 -0.600651 1.34852 -0.0202322 0.134351 0.0891289 0.98671 0.286291 0.167685 -0.00664946 0.0386243 0.0476191 1.70432
12.1289 -0.58541 1.3237 -0.025553 0.135648 0.0852821 0.986749 0.253734 -0.0957548 -0.0345984 0.00425074 -0.0182976 0.340864
12.5577 -0.505384 1.19834 -0.00224701 0.141847 0.097165 0.985106 0.28027 0.0156092 0.0282838 0.0101558 0.010055 1.70432
12.9374 -0.444354 1.08676 -0.0220491 0.138378 0.0541689 0.988651 0.112374 -0.082302 -0.0247751 -0.00582649 -0.0391162 2.04519
13.3655 -0.382894 0.98349 0.0181814 0.102132 0.0808628 0.991312 0.323758 0.10362 0.0446252 -0.0328002 0.0210707 2.04519
13.8208 -0.315572 0.877516 0.0600233 0.133285 0.0502588 0.987981 0.139337 -0.0904025 0.0352119 0.0344941 -0.0331337 2.04519
14.2168 -0.257354 0.76381 -0.00475731 0.146213 0.0829817 0.985755 0.166677 0.0100517 -0.044273 0.00577739 0.0308013 2.72691
