0 0 0 0 0 0 1 4.68466e-310 0 0 0 0 0
0.00283714 7.35899e-05 4.35272e-05 0.00349376 -0.0114509 0.019476 0.999739 0.0166976 0.0491106 0.0205533 -0.0673642 0.114575 0.340864
0.0113312 0.000587441 0.000349544 0.0069857 -0.0228958 0.0389418 0.998955 0.0333952 0.0491106 0.0205533 -0.0673642 0.114575 0.340864
0.0254301 0.00197748 0.00118369 0.010474 -0.0343288 0.0583872 0.997649 0.0500928 0.0491106 0.0205533 -0.0673642 0.114575 0.340864
0.0617335 0.00514698 0.00413289 0.0150876 -0.0436668 0.0338788 0.998358 0.164993 0.337941 0.0351917 -0.0515686 -0.143732 0.340864
0.123002 0.00974611 0.00800716 0.046609 -0.0176791 0.0424501 0.997854 0.197185 0.0946835 0.177831 0.158055 0.0608576 0.340864
0.195188 0.0164841 0.00906493 0.0780492 0.00833935 0.0509474 0.995612 0.229377 0.0946835 0.177831 0.158055 0.0608576 0.340864
0.278051 0.0259993 0.00634985 0.109353 0.0343433 0.0593559 0.991635 0.26157 0.0946835 0.177831 0.158055 0.0608576 0.340864
0.394797 0.0418193 0.00161794 0.117316 0.0219748 0.0689148 0.990457 0.432034 0.501367 0.0534594 -0.0752818 0.0466074 0.340864
0.527324 0.0594517 0.00200461 0.139415 -0.00892921 0.0624081 0.988225 0.35455 -0.227895 0.142014 -0.166358 -0.0612036 0.340864
0.633806 0.0712286 0.00893869 0.161306 -0.0398199 0.0558083 0.98452 0.277066 -0.227895 0.142014 -0.166358 -0.0612036 0.340864
0.713893 0.0780886 0.0190588 0.182956 -0.0706512 0.0491253 0.979348 0.199581 -0.227895 0.142014 -0.166358 -0.0612036 0.340864
0.767552 0.0812101 0.0290813 0.204334 -0.101377 0.0423691 0.972715 0.122097 -0.227895 0.142014 -0.166358 -0.0612036 0.340864
0.795059 0.0819957 0.0358381 0.225407 -0.131952 0.0355497 0.964633 0.0446123 -0.227895 0.142014 -0.166358 -0.0612036 0.340864
0.827865 0.0824408 0.0459865 0.218624 -0.152547 0.0427784 0.962862 0.157418 0.331782 -0.0374473 -0.129248 0.00881773 0.340864
0.896345 0.0838572 0.0703355 0.211727 -0.173061 0.0499847 0.960585 0.270224 0.331782 -0.0374473 -0.129248 0.00881773 0.340864
0.999238 0.0868217 0.111989 0.204718 -0.193484 0.0571647 0.957803 0.38303 0.331782 -0.0374473 -0.129248 0.00881773 0.340864
1.07984 0.0904417 0.148329 0.212149 -0.210819 0.076076 0.951189 0.137531 -0.722055 0.0341437 -0.125484 0.0963685 0.340864
1.10109 0.0914181 0.158502 0.232876 -0.210664 0.059182 0.947569 0.00121463 -0.400931 0.141389 0.0267396 -0.0670169 0.340864
1.10874 0.0917704 0.162523 0.249133 -0.234781 0.0915161 0.935113 0.0496436 0.142438 0.0760301 -0.188561 0.171732 0.340864
1.13015 0.0936489 0.175487 0.264879 -0.258417 0.123663 0.920743 0.0980726 0.142438 0.0760301 -0.188561 0.171732 0.340864
1.16398 0.0981672 0.199222 0.280084 -0.281525 0.155557 0.904488 0.146502 0.142438 0.0760301 -0.188561 0.171732 0.340864
1.20858 0.106243 0.235459 0.294715 -0.304057 0.187132 0.886383 0.194931 0.142438 0.0760301 -0.188561 0.171732 0.340864
1.24188 0.11275 0.266288 0.306385 -0.336406 0.191623 0.86962 0.0748024 -0.353318 0.117513 -0.19364 0.0066597 0.340864
1.26323 0.116951 0.288922 0.270611 -0.362925 0.193346 0.870444 0.109908 0.103252 -0.158055 -0.177515 -0.11074 0.340864
1.29101 0.123383 0.321547 0.234299 -0.388723 0.194685 0.869538 0.145014 0.103252 -0.158055 -0.177515 -0.11074 0.340864
1.32422 0.132568 0.364755 0.197521 -0.413749 0.195636 0.866905 0.18012 0.103252 -0.158055 -0.177515 -0.11074 0.340864
1.36184 0.145134 0.419006 0.160351 -0.437953 0.1962 0.862549 0.215225 0.103252 -0.158055 -0.177515 -0.11074 0.340864
1.40282 0.161803 0.484617 0.122862 -0.461287 0.196373 0.85648 0.250331 0.103252 -0.158055 -0.177515 -0.11074 0.340864
1.44601 0.180256 0.555604 0.096543 -0.459942 0.172781 0.865609 0.250351 5.92307e-05 -0.0767502 0.0181973 -0.199895 0.340864
1.49084 0.197562 0.625858 0.0700951 -0.457985 0.148958 0.873584 0.250371 5.92307e-05 -0.0767502 0.0181973 -0.199895 0.340864
1.53725 0.213592 0.695399 0.0435536 -0.455415 0.124936 0.880392 0.250392 5.92307e-05 -0.0767502 0.0181973 -0.199895 0.340864
1.58513 0.228225 0.764254 0.0169541 -0.452239 0.100748 0.886026 0.250412 5.92307e-05 -0.0767502 0.0181973 -0.199895 0.340864
1.63439 0.241345 0.832452 -0.00966815 -0.448458 0.0764255 0.890478 0.250432 5.92307e-05 -0.0767502 0.0181973 -0.199895 0.340864
1.6849 0.252846 0.900025 -0.0362775 -0.44408 0.0520008 0.893741 0.250452 5.92307e-05 -0.0767502 0.0181973 -0.199895 0.340864
1.73656 0.262631 0.967009 -0.0628384 -0.439108 0.0275067 0.895812 0.250472 5.92307e-05 -0.0767502 0.0181973 -0.199895 0.340864
1.78924 0.270611 1.03344 -0.0893154 -0.433551 0.00297592 0.896687 0.250492 5.92307e-05 -0.0767502 0.0181973 -0.199895 0.340864
1.84126 0.27755 1.1025 -0.0627408 -0.46075 0.0106496 0.885245 0.259744 0.0272103 0.115097 -0.168194 0.122773 0.340864
1.89068 0.284034 1.17727 -0.0360636 -0.487196 0.0183058 0.872356 0.268995 0.0272103 0.115097 -0.168194 0.122773 0.340864
1.92852 0.289881 1.24035 -0.0572322 -0.500129 0.0210781 0.863801 0.165071 -0.305659 -0.117008 -0.0925881 -0.0427802 0.340864
1.96254 0.295323 1.30159 -0.0324327 -0.513916 0.0173273 0.857052 0.248311 0.244823 0.136503 -0.0881072 0.059387 0.340864
2.00756 0.299896 1.38916 -0.00760508 -0.527258 0.0135615 0.849563 0.331551 0.244823 0.136503 -0.0881072 0.059387 0.340864
2.06205 0.301664 1.50372 0.0172291 -0.540145 0.00978403 0.841339 0.41479 0.244823 0.136503 -0.0881072 0.059387 0.340864
2.12448 0.2986 1.64573 0.0420484 -0.552564 0.00599807 0.832387 0.49803 0.244823 0.136503 -0.0881072 0.059387 0.340864
2.17822 0.292886 1.76952 0.0697731 -0.543772 0.0160875 0.836173 0.29651 -0.592705 0.101726 0.0538475 0.141582 0.340864
2.21913 0.289533 1.86298 0.0732951 -0.549478 0.0382648 0.831407 0.303973 0.0219494 -0.0511225 -0.0520856 0.118468 0.340864
2.25943 0.289425 1.95952 0.0767761 -0.554877 0.0604206 0.826176 0.311436 0.0219494 -0.0511225 -0.0520856 0.118468 0.340864
2.29888 0.292665 2.05909 0.0802141 -0.559965 0.0825426 0.820482 0.318899 0.0219494 -0.0511225 -0.0520856 0.118468 0.340864
2.34094 0.300969 2.16233 0.0596212 -0.541888 0.100221 0.832321 0.33879 0.0585032 -0.172018 0.107923 0.0202777 0.340864
2.38943 0.316429 2.2694 0.0389566 -0.523159 0.117779 0.843158 0.358681 0.0585032 -0.172018 0.107923 0.0202777 0.340864
2.44465 0.339667 2.37945 0.0182451 -0.5038 0.135195 0.85298 0.378572 0.0585032 -0.172018 0.107923 0.0202777 0.340864
2.50685 0.371247 2.4916 -0.00248843 -0.483835 0.152449 0.861776 0.398463 0.0585032 -0.172018 0.107923 0.0202777 0.340864
2.57621 0.41167 2.60487 -0.0232189 -0.463287 0.169519 0.869534 0.418354 0.0585032 -0.172018 0.107923 0.0202777 0.340864
2.6529 0.461365 2.71821 -0.0439215 -0.442182 0.186385 0.876246 0.438245 0.0585032 -0.172018 0.107923 0.0202777 0.340864
2.737 0.520691 2.83055 -0.0645711 -0.420545 0.203027 0.881903 0.458136 0.0585032 -0.172018 0.107923 0.0202777 0.340864
2.82856 0.589923 2.94074 -0.0851431 -0.398402 0.219424 0.886499 0.478027 0.0585032 -0.172018 0.107923 0.0202777 0.340864
2.92756 0.669254 3.04761 -0.105613 -0.375779 0.235557 0.890028 0.497919 0.0585032 -0.172018 0.107923 0.0202777 0.340864
3.01851 0.748228 3.146 -0.0816078 -0.391364 0.257331 0.879747 0.417066 -0.237801 0.0927748 -0.0575447 0.191032 0.340864
3.0875 0.815302 3.23048 -0.0574888 -0.406401 0.278746 0.868236 0.336214 -0.237801 0.0927748 -0.0575447 0.191032 0.340864
3.14518 0.873244 3.30684 -0.0802571 -0.422204 0.252045 0.86705 0.321908 -0.0420774 -0.0269491 -0.129938 -0.183555 0.340864
3.20045 0.925898 3.38184 -0.102906 -0.437381 0.22497 0.864579 0.307601 -0.0420774 -0.0269491 -0.129938 -0.183555 0.340864
3.25306 0.973534 3.4553 -0.125403 -0.451909 0.197562 0.860826 0.293295 -0.0420774 -0.0269491 -0.129938 -0.183555 0.340864
3.30279 1.01644 3.52707 -0.147714 -0.465768 0.169861 0.855797 0.278989 -0.0420774 -0.0269491 -0.129938 -0.183555 0.340864
3.34946 1.05489 3.59696 -0.169806 -0.478936 0.141909 0.849499 0.264682 -0.0420774 -0.0269491 -0.129938 -0.183555 0.340864
3.39292 1.0892 3.66478 -0.191646 -0.491394 0.113746 0.841942 0.250376 -0.0420774 -0.0269491 -0.129938 -0.183555 0.340864
3.43306 1.11967 3.73035 -0.213202 -0.503123 0.0854138 0.833136 0.23607 -0.0420774 -0.0269491 -0.129938 -0.183555 0.340864
3.46982 1.14659 3.79344 -0.234442 -0.514107 0.0569555 0.823096 0.221763 -0.0420774 -0.0269491 -0.129938 -0.183555 0.340864
3.50316 1.17026 3.85387 -0.255335 -0.524328 0.0284126 0.811835 0.207457 -0.0420774 -0.0269491 -0.129938 -0.183555 0.340864
3.5331 1.19097 3.91143 -0.275849 -0.533773 -0.000172285 0.799371 0.193151 -0.0420774 -0.0269491 -0.129938 -0.183555 0.340864
3.56573 1.21205 3.97714 -0.284584 -0.535632 -0.0283665 0.794547 0.255911 0.184589 0.0396244 -0.0696388 -0.157015 0.340864
3.60683 1.23569 4.06253 -0.293065 -0.53701 -0.0565352 0.78901 0.318671 0.184589 0.0396244 -0.0696388 -0.157015 0.340864
3.65586 1.26045 4.16811 -0.301282 -0.537906 -0.0846532 0.782764 0.381431 0.184589 0.0396244 -0.0696388 -0.157015 0.340864
3.71215 1.28492 4.29433 -0.309229 -0.538319 -0.112695 0.775816 0.444192 0.184589 0.0396244 -0.0696388 -0.157015 0.340864
3.77172 1.30872 4.42649 -0.289866 -0.532759 -0.0902808 0.789934 0.420019 -0.0710953 0.0467641 0.098036 0.162879 0.340864
3.83082 1.33241 4.54971 -0.270182 -0.526608 -0.0677666 0.803177 0.395847 -0.0710953 0.0467641 0.098036 0.162879 0.340864
3.88898 1.35602 4.66409 -0.250198 -0.519874 -0.0451772 0.815531 0.371674 -0.0710953 0.0467641 0.098036 0.162879 0.340864
3.94576 1.37953 4.76978 -0.229938 -0.512565 -0.0225379 0.826981 0.347502 -0.0710953 0.0467641 0.098036 0.162879 0.340864
4.00074 1.40289 4.86692 -0.209423 -0.504687 0.000126422 0.837516 0.32333 -0.0710953 0.0467641 0.098036 0.162879 0.340864
4.05349 1.42602 4.95569 -0.188676 -0.496251 0.0227906 0.847123 0.299157 -0.0710953 0.0467641 0.098036 0.162879 0.340864
4.10363 1.44879 5.03627 -0.16772 -0.487265 0.0454295 0.855791 0.274985 -0.0710953 0.0467641 0.098036 0.162879 0.340864
4.1508 1.47106 5.10886 -0.146578 -0.477739 0.0680181 0.863512 0.250812 -0.0710953 0.0467641 0.098036 0.162879 0.340864
4.19666 1.49451 5.17584 -0.141188 -0.464201 0.09581 0.86914 0.246261 -0.0133872 -0.0512969 0.11072 0.142415 0.340864
4.24292 1.52087 5.23944 -0.135655 -0.450191 0.123504 0.873884 0.241709 -0.0133872 -0.0512969 0.11072 0.142415 0.340864
4.28929 1.55003 5.29965 -0.129984 -0.435723 0.151073 0.877739 0.237157 -0.0133872 -0.0512969 0.11072 0.142415 0.340864
4.3355 1.58186 5.35646 -0.12418 -0.420813 0.178489 0.880703 0.232606 -0.0133872 -0.0512969 0.11072 0.142415 0.340864
4.38128 1.61624 5.40989 -0.118251 -0.405474 0.205723 0.882772 0.228054 -0.0133872 -0.0512969 0.11072 0.142415 0.340864
4.42637 1.65301 5.45994 -0.112201 -0.389724 0.232748 0.883943 0.223502 -0.0133872 -0.0512969 0.11072 0.142415 0.340864
4.47055 1.69201 5.50668 -0.106037 -0.373577 0.259536 0.884216 0.218951 -0.0133872 -0.0512969 0.11072 0.142415 0.340864
4.51357 1.73308 5.55013 -0.0997653 -0.357051 0.286061 0.88359 0.214399 -0.0133872 -0.0512969 0.11072 0.142415 0.340864
4.55615 1.77468 5.59152 -0.0633326 -0.339868 0.296466 0.890273 0.212095 -0.00677638 0.142557 0.170813 0.109305 0.340864
4.59911 1.81544 5.63197 -0.0267875 -0.322081 0.306345 0.895376 0.209791 -0.00677638 0.142557 0.170813 0.109305 0.340864
4.64242 1.85542 5.67144 0.00980524 -0.303722 0.315681 0.89889 0.207487 -0.00677638 0.142557 0.170813 0.109305 0.340864
4.68604 1.8947 5.70987 0.0463805 -0.284824 0.324455 0.900807 0.205183 -0.00677638 0.142557 0.170813 0.109305 0.340864
4.72992 1.93332 5.74722 0.0828735 -0.26542 0.332654 0.901124 0.202879 -0.00677638 0.142557 0.170813 0.109305 0.340864
4.79318 1.99022 5.80562 0.10831 -0.291669 0.344434 0.885756 0.40433 0.592503 0.175345 -0.119137 0.119465 0.340864
4.87525 2.06073 5.88333 0.13357 -0.272054 0.325902 0.895508 0.379384 -0.0733699 0.117484 0.181967 -0.0604934 0.340864
4.95783 2.12225 5.95371 0.158636 -0.25204 0.306893 0.903951 0.354439 -0.0733699 0.117484 0.181967 -0.0604934 0.340864
5.03991 2.17538 6.01659 0.183469 -0.231659 0.287437 0.911073 0.329493 -0.0733699 0.117484 0.181967 -0.0604934 0.340864
5.12049 2.22076 6.07192 0.208034 -0.210939 0.26756 0.916863 0.304547 -0.0733699 0.117484 0.181967 -0.0604934 0.340864
5.19861 2.25903 6.11979 0.232296 -0.18991 0.247292 0.921314 0.279601 -0.0733699 0.117484 0.181967 -0.0604934 0.340864
5.27335 2.29084 6.16038 0.256218 -0.168604 0.226663 0.924418 0.254656 -0.0733699 0.117484 0.181967 -0.0604934 0.340864
5.34386 2.31686 6.194 0.279765 -0.147052 0.205702 0.926172 0.22971 -0.0733699 0.117484 0.181967 -0.0604934 0.340864
5.41702 2.33892 6.22616 0.297131 -0.152886 0.175677 0.926 0.258093 0.0834795 0.127951 0.0384969 -0.157985 0.340864
5.50033 2.35757 6.26192 0.314129 -0.158532 0.145435 0.924683 0.286476 0.0834795 0.127951 0.0384969 -0.157985 0.340864
5.59377 2.37148 6.30095 0.330739 -0.163981 0.115012 0.922222 0.314859 0.0834795 0.127951 0.0384969 -0.157985 0.340864
5.6972 2.37933 6.34281 0.346939 -0.169228 0.0844474 0.918621 0.343242 0.0834795 0.127951 0.0384969 -0.157985 0.340864
5.81038 2.37986 6.38701 0.36271 -0.174265 0.0537782 0.913882 0.371625 0.0834795 0.127951 0.0384969 -0.157985 0.340864
5.92991 2.37676 6.42928 0.338503 -0.150604 0.0434963 0.927816 0.374503 0.00846407 -0.156844 0.155795 -0.0340213 0.340864
6.05243 2.37433 6.4656 0.313806 -0.126726 0.0331515 0.940408 0.377381 0.00846407 -0.156844 0.155795 -0.0340213 0.340864
6.17762 2.37223 6.49572 0.288656 -0.102664 0.0227589 0.951641 0.380258 0.00846407 -0.156844 0.155795 -0.0340213 0.340864
6.30517 2.37009 6.51946 0.263089 -0.0784538 0.0123333 0.961497 0.383136 0.00846407 -0.156844 0.155795 -0.0340213 0.340864
6.43475 2.36753 6.53667 0.237141 -0.0541303 0.00188985 0.969964 0.386014 0.00846407 -0.156844 0.155795 -0.0340213 0.340864
6.566 2.36418 6.54723 0.21085 -0.0297286 -0.0085563 0.977029 0.388892 0.00846407 -0.156844 0.155795 -0.0340213 0.340864
6.69857 2.35967 6.55106 0.184254 -0.00528386 -0.0189901 0.982681 0.391769 0.00846407 -0.156844 0.155795 -0.0340213 0.340864
6.83207 2.3536 6.54812 0.157392 0.0191685 -0.0293964 0.986912 0.394647 0.00846407 -0.156844 0.155795 -0.0340213 0.340864
6.96614 2.34559 6.53843 0.130303 0.0435932 -0.0397602 0.989717 0.397525 0.00846407 -0.156844 0.155795 -0.0340213 0.340864
7.08816 2.33596 6.52816 0.144651 0.0279908 -0.0497842 0.987833 0.32506 -0.213132 0.078764 -0.086032 -0.0744441 0.340864
7.18569 2.32599 6.52256 0.158919 0.012373 -0.0597807 0.985402 0.252595 -0.213132 0.078764 -0.086032 -0.0744441 0.340864
7.25864 2.31678 6.52026 0.173099 -0.00325164 -0.069744 0.982427 0.18013 -0.213132 0.078764 -0.086032 -0.0744441 0.340864
7.30701 2.30946 6.51996 0.187183 -0.0188745 -0.0796688 0.978907 0.107665 -0.213132 0.078764 -0.086032 -0.0744441 0.340864
7.33092 2.30525 6.52037 0.201164 -0.0344869 -0.0895495 0.974846 0.0351999 -0.213132 0.078764 -0.086032 -0.0744441 0.340864
7.3474 2.3024 6.52051 0.174083 -0.00788402 -0.0777141 0.981628 0.0631844 0.0823072 -0.151746 0.154229 0.0974535 0.340864
7.37337 2.29876 6.51959 0.146719 0.0187317 -0.0657523 0.986813 0.0911688 0.0823072 -0.151746 0.154229 0.0974535 0.340864
7.40879 2.29486 6.51671 0.119116 0.045317 -0.0536835 0.990392 0.119153 0.0823072 -0.151746 0.154229 0.0974535 0.340864
7.45353 2.29116 6.51096 0.0913196 0.0718285 -0.0415273 0.992359 0.147138 0.0823072 -0.151746 0.154229 0.0974535 0.340864
7.50737 2.28804 6.50137 0.0633744 0.0982231 -0.0293036 0.992712 0.175122 0.0823072 -0.151746 0.154229 0.0974535 0.340864
7.56999 2.2858 6.48697 0.0353261 0.124458 -0.0170321 0.99145 0.203107 0.0823072 -0.151746 0.154229 0.0974535 0.340864
7.64098 2.28465 6.4668 0.00722034 0.15049 -0.004733 0.988574 0.231091 0.0823072 -0.151746 0.154229 0.0974535 0.340864
7.71983 2.28469 6.43989 -0.0208972 0.176278 0.00757384 0.984089 0.259076 0.0823072 -0.151746 0.154229 0.0974535 0.340864
7.80597 2.28596 6.40531 -0.0489807 0.201778 0.0198684 0.978004 0.28706 0.0823072 -0.151746 0.154229 0.0974535 0.340864
7.89875 2.28838 6.36218 -0.0769846 0.226951 0.0321305 0.970327 0.315044 0.0823072 -0.151746 0.154229 0.0974535 0.340864
8.00885 2.28866 6.31199 -0.0760831 0.197016 0.00456142 0.977433 0.396922 0.240816 -0.0227906 -0.192715 -0.146392 0.340864
8.14785 2.28175 6.25925 -0.0750518 0.166745 -0.0230155 0.98287 0.4788 0.240816 -0.0227906 -0.192715 -0.146392 0.340864
8.26572 2.27073 6.21883 -0.0443949 0.165776 -0.0483953 0.983974 0.257052 -0.652198 0.152749 -0.0220511 -0.176274 0.340864
8.34068 2.26248 6.19241 -0.032729 0.174265 -0.0430227 0.983214 0.213006 -0.129549 0.0749831 0.0479632 0.0172881 0.340864
8.40127 2.25669 6.16979 -0.0210554 0.182713 -0.0376399 0.98222 0.168959 -0.129549 0.0749831 0.0479632 0.0172881 0.340864
8.44762 2.25296 6.15154 -0.00937675 0.191118 -0.0322482 0.980992 0.124912 -0.129549 0.0749831 0.0479632 0.0172881 0.340864
8.47988 2.25087 6.13817 0.0023041 0.199477 -0.0268488 0.979532 0.0808656 -0.129549 0.0749831 0.0479632 0.0172881 0.340864
8.49821 2.24997 6.13021 0.0139844 0.207789 -0.0214431 0.977839 0.0368189 -0.129549 0.0749831 0.0479632 0.0172881 0.340864
8.51192 2.2493 6.12388 -0.0129499 0.220315 -0.0239851 0.975048 0.0520831 0.0448947 -0.156247 0.0790824 0.0189811 0.340864
8.53011 2.24805 6.11495 -0.0398725 0.232645 -0.0265056 0.971383 0.0673473 0.0448947 -0.156247 0.0790824 0.0189811 0.340864
8.55265 2.24602 6.10322 -0.0667594 0.244765 -0.0290023 0.966846 0.0826115 0.0448947 -0.156247 0.0790824 0.0189811 0.340864
8.57941 2.24298 6.08852 -0.0935865 0.256666 -0.031473 0.961443 0.0978757 0.0448947 -0.156247 0.0790824 0.0189811 0.340864
8.61026 2.23871 6.07072 -0.12033 0.268337 -0.0339155 0.955178 0.11314 0.0448947 -0.156247 0.0790824 0.0189811 0.340864
8.64504 2.23295 6.04968 -0.146965 0.279767 -0.0363276 0.948057 0.128404 0.0448947 -0.156247 0.0790824 0.0189811 0.340864
8.68362 2.22543 6.0253 -0.173468 0.290947 -0.0387072 0.940085 0.143668 0.0448947 -0.156247 0.0790824 0.0189811 0.340864
8.72586 2.21588 5.99753 -0.199816 0.301865 -0.041052 0.931271 0.158932 0.0448947 -0.156247 0.0790824 0.0189811 0.340864
8.77297 2.20553 5.9667 -0.188841 0.289113 -0.0298476 0.93801 0.177803 0.0555003 0.0848669 -0.0713093 0.0585103 0.340864
8.82638 2.19604 5.9334 -0.17778 0.276229 -0.0186296 0.944322 0.196673 0.0555003 0.0848669 -0.0713093 0.0585103 0.340864
8.88034 2.1873 5.8996 -0.179812 0.289158 -0.0185003 0.94006 0.181392 -0.0449443 -0.014119 0.0791007 -0.00996737 0.340864
8.92906 2.17894 5.86725 -0.18181 0.302031 -0.0183676 0.93562 0.166111 -0.0449443 -0.014119 0.0791007 -0.00996737 0.340864
8.97871 2.17019 5.83444 -0.192927 0.287991 -0.0190273 0.937805 0.187741 0.0636192 -0.061541 -0.0806642 0.0313739 0.340864
9.03552 2.16021 5.79937 -0.203982 0.273857 -0.0196809 0.939684 0.209372 0.0636192 -0.061541 -0.0806642 0.0313739 0.340864
9.09967 2.14902 5.76245 -0.214969 0.259633 -0.0203281 0.941257 0.231002 0.0636192 -0.061541 -0.0806642 0.0313739 0.340864
9.17134 2.13668 5.72411 -0.225887 0.245325 -0.0209686 0.942524 0.252633 0.0636192 -0.061541 -0.0806642 0.0313739 0.340864
9.25068 2.12321 5.68478 -0.236731 0.230937 -0.0216023 0.943483 0.274263 0.0636192 -0.061541 -0.0806642 0.0313739 0.340864
9.33782 2.10871 5.64489 -0.247498 0.216473 -0.0222289 0.944134 0.295894 0.0636192 -0.061541 -0.0806642 0.0313739 0.340864
9.43287 2.09324 5.60489 -0.258185 0.20194 -0.0228483 0.944478 0.317524 0.0636192 -0.061541 -0.0806642 0.0313739 0.340864
9.53593 2.07691 5.56522 -0.268787 0.18734 -0.0234603 0.944514 0.339155 0.0636192 -0.061541 -0.0806642 0.0313739 0.340864
9.64707 2.05983 5.52633 -0.279302 0.172679 -0.0240646 0.944242 0.360785 0.0636192 -0.061541 -0.0806642 0.0313739 0.340864
9.76943 2.03903 5.48623 -0.259472 0.171987 -0.0459429 0.949202 0.406529 0.13454 0.0959844 -0.04764 -0.139845 0.340864
9.90587 2.01068 5.44271 -0.239409 0.171141 -0.0677801 0.95331 0.452272 0.13454 0.0959844 -0.04764 -0.139845 0.340864
10.056 1.97372 5.39588 -0.219132 0.170141 -0.0895564 0.956563 0.498016 0.13454 0.0959844 -0.04764 -0.139845 0.340864
10.2041 1.93513 5.35301 -0.23354 0.153266 -0.0875892 0.956189 0.43726 -0.178693 -0.0884878 -0.0844609 0.0470492 0.340864
10.3107 1.91021 5.32263 -0.271433 0.167377 -0.0553565 0.946174 0.231006 -0.60663 -0.190649 0.152271 0.191003 0.340864
10.3841 1.89182 5.30231 -0.292372 0.153679 -0.0977315 0.938802 0.229826 -0.00347078 -0.174563 -0.129874 -0.195842 0.340864
10.4564 1.86761 5.28656 -0.312587 0.139601 -0.139865 0.929107 0.228646 -0.00347078 -0.174563 -0.129874 -0.195842 0.340864
10.5294 1.83802 5.27362 -0.283519 0.133695 -0.170547 0.934161 0.240547 0.0350029 0.138146 -0.116793 -0.176596 0.340864
10.6045 1.80297 5.26149 -0.253928 0.127543 -0.200914 0.93749 0.252448 0.0350029 0.138146 -0.116793 -0.176596 0.340864
10.6814 1.76212 5.25004 -0.223868 0.121155 -0.23091 0.939087 0.264349 0.0350029 0.138146 -0.116793 -0.176596 0.340864
10.7597 1.71516 5.23911 -0.193395 0.114544 -0.26048 0.938951 0.27625 0.0350029 0.138146 -0.116793 -0.176596 0.340864
10.8387 1.66183 5.22848 -0.162564 0.107721 -0.289569 0.93708 0.288151 0.0350029 0.138146 -0.116793 -0.176596 0.340864
10.918 1.6019 5.2179 -0.131433 0.100699 -0.318123 0.933479 0.300052 0.0350029 0.138146 -0.116793 -0.176596 0.340864
10.9971 1.5352 5.20708 -0.100059 0.0934908 -0.346089 0.928154 0.311953 0.0350029 0.138146 -0.116793 -0.176596 0.340864
11.0797 1.46075 5.19265 -0.0874728 0.115048 -0.348875 0.925958 0.347717 0.105188 0.109793 0.0916512 -0.0392949 0.340864
11.1696 1.37772 5.17076 -0.0748306 0.136532 -0.351439 0.923174 0.383481 0.105188 0.109793 0.0916512 -0.0392949 0.340864
11.2527 1.29775 5.1491 -0.0909505 0.127981 -0.3656 0.917434 0.306853 -0.225374 -0.119127 -0.0147401 -0.0720612 0.340864
11.3159 1.23336 5.13512 -0.107019 0.119357 -0.379554 0.911175 0.230226 -0.225374 -0.119127 -0.0147401 -0.0720612 0.340864
11.3599 1.1859 5.12722 -0.123027 0.110665 -0.393293 0.9044 0.153599 -0.225374 -0.119127 -0.0147401 -0.0720612 0.340864
11.3857 1.1566 5.12375 -0.138965 0.10191 -0.406809 0.897112 0.0769715 -0.225374 -0.119127 -0.0147401 -0.0720612 0.340864
11.3942 1.14656 5.12298 -0.154824 0.0930981 -0.420094 0.889316 0.000344181 -0.225374 -0.119127 -0.0147401 -0.0720612 0.340864
11.3992 1.14065 5.12287 -0.189215 0.088518 -0.404116 0.890535 0.0452732 0.132144 -0.18141 0.074927 0.109628 0.340864
11.4147 1.12363 5.12313 -0.223329 0.0838087 -0.387548 0.890453 0.0902021 0.132144 -0.18141 0.074927 0.109628 0.340864
11.4415 1.09632 5.12459 -0.257117 0.0789769 -0.370414 0.889071 0.135131 0.132144 -0.18141 0.074927 0.109628 0.340864
11.4805 1.05971 5.12794 -0.29053 0.0740298 -0.352739 0.88639 0.18006 0.132144 -0.18141 0.074927 0.109628 0.340864
11.5324 1.01487 5.13379 -0.323518 0.0689746 -0.334549 0.882415 0.224989 0.132144 -0.18141 0.074927 0.109628 0.340864
11.5981 0.962961 5.14257 -0.356034 0.0638186 -0.31587 0.87715 0.269918 0.132144 -0.18141 0.074927 0.109628 0.340864
11.6781 0.905251 5.1546 -0.38803 0.0585694 -0.29673 0.870605 0.314847 0.132144 -0.18141 0.074927 0.109628 0.340864
11.7732 0.843066 5.17007 -0.419459 0.0532347 -0.277156 0.862789 0.359776 0.132144 -0.18141 0.074927 0.109628 0.340864
11.8763 0.7769 5.18376 -0.402927 0.0823365 -0.27845 0.86795 0.36554 0.0169523 0.14371 0.115958 -0.0751495 0.340864
11.9797 0.706525 5.19021 -0.385931 0.111344 -0.279424 0.872114 0.371304 0.0169523 0.14371 0.115958 -0.0751495 0.340864
12.083 0.632255 5.18908 -0.368492 0.140223 -0.280077 0.875276 0.377067 0.0169523 0.14371 0.115958 -0.0751495 0.340864
12.1856 0.554435 5.1801 -0.35063 0.168941 -0.280408 0.877433 0.382831 0.0169523 0.14371 0.115958 -0.0751495 0.340864
12.2873 0.473444 5.16302 -0.332365 0.197465 -0.280418 0.878582 0.388595 0.0169523 0.14371 0.115958 -0.0751495 0.340864
12.3876 0.389687 5.13761 -0.313718 0.225763 -0.280105 0.878723 0.394359 0.0169523 0.14371 0.115958 -0.0751495 0.340864
12.4866 0.306495 5.10776 -0.302944 0.222982 -0.273834 0.885166 0.38619 -0.0240259 0.0713263 -0.0291128 0.033856 0.340864
12.5847 0.226887 5.07754 -0.292109 0.220155 -0.267507 0.891428 0.378021 -0.0240259 0.0713263 -0.0291128 0.033856 0.340864
12.6781 0.151487 5.04936 -0.326439 0.22502 -0.267689 0.878149 0.347532 -0.0896735 -0.19546 0.0964421 0.0142524 0.340864
12.7632 0.0811818 5.02537 -0.36032 0.229576 -0.267502 0.863659 0.317043 -0.0896735 -0.19546 0.0964421 0.0142524 0.340864
12.8402 0.0163122 5.00534 -0.393704 0.233815 -0.266946 0.847979 0.286554 -0.0896735 -0.19546 0.0964421 0.0142524 0.340864
12.9091 -0.0428118 4.98896 -0.426545 0.237731 -0.266022 0.831129 0.256065 -0.0896735 -0.19546 0.0964421 0.0142524 0.340864
12.97 -0.0959111 4.97593 -0.458798 0.24132 -0.264731 0.813134 0.225576 -0.0896735 -0.19546 0.0964421 0.0142524 0.340864
13.0231 -0.142741 4.9659 -0.490418 0.244576 -0.263076 0.794017 0.195087 -0.0896735 -0.19546 0.0964421 0.0142524 0.340864
13.0685 -0.183093 4.95851 -0.521362 0.247495 -0.261057 0.773806 0.164598 -0.0896735 -0.19546 0.0964421 0.0142524 0.340864
13.0987 -0.211368 4.95338 -0.530055 0.277633 -0.265911 0.755813 0.0809563 -0.246006 -0.0555472 0.161875 -0.129525 0.340864
13.1269 -0.239338 4.94613 -0.514506 0.306322 -0.246297 0.762094 0.156286 0.221558 0.16566 0.154165 -0.0178208 0.340864
13.1718 -0.284552 4.92943 -0.498192 0.334555 -0.226316 0.767241 0.231615 0.221558 0.16566 0.154165 -0.0178208 0.340864
13.2325 -0.346216 4.89958 -0.481136 0.36229 -0.205999 0.771245 0.306945 0.221558 0.16566 0.154165 -0.0178208 0.340864
13.3075 -0.423214 4.85302 -0.463363 0.389485 -0.185375 0.774101 0.382275 0.221558 0.16566 0.154165 -0.0178208 0.340864
13.388 -0.504896 4.7996 -0.466956 0.377851 -0.186729 0.777376 0.361942 -0.0598028 -0.0232231 -0.0602577 0.0373442 0.340864
13.4661 -0.581526 4.75128 -0.470473 0.366156 -0.188054 0.780526 0.341609 -0.0598028 -0.0232231 -0.0602577 0.0373442 0.340864
13.5415 -0.653133 4.70785 -0.473915 0.354402 -0.189349 0.78355 0.321276 -0.0598028 -0.0232231 -0.0602577 0.0373442 0.340864
13.614 -0.719751 4.66908 -0.47728 0.342591 -0.190613 0.786449 0.300943 -0.0598028 -0.0232231 -0.0602577 0.0373442 0.340864
13.6832 -0.781425 4.63473 -0.480569 0.330725 -0.191847 0.789221 0.28061 -0.0598028 -0.0232231 -0.0602577 0.0373442 0.340864
13.7489 -0.838206 4.60457 -0.48378 0.318806 -0.193049 0.791866 0.260277 -0.0598028 -0.0232231 -0.0602577 0.0373442 0.340864
13.8109 -0.890153 4.57835 -0.486914 0.306835 -0.194221 0.794383 0.239944 -0.0598028 -0.0232231 -0.0602577 0.0373442 0.340864
13.869 -0.93733 4.55581 -0.489969 0.294815 -0.195362 0.796773 0.219611 -0.0598028 -0.0232231 -0.0602577 0.0373442 0.340864
13.9193 -0.979187 4.53605 -0.500443 0.317445 -0.196282 0.78119 0.182733 -0.108463 -0.0696037 0.142491 -0.0692904 0.340864
13.9588 -1.01471 4.5188 -0.510484 0.3398 -0.197033 0.764931 0.145856 -0.108463 -0.0696037 0.142491 -0.0692904 0.340864
13.997 -1.05123 4.49833 -0.492586 0.37499 -0.176704 0.765191 0.187496 0.122471 0.16279 0.198185 -0.0496907 0.340864
14.042 -1.09608 4.46714 -0.473715 0.40944 -0.156027 0.763942 0.229136 0.122471 0.16279 0.198185 -0.0496907 0.340864
14.0924 -1.14853 4.42327 -0.453911 0.443083 -0.135042 0.761187 0.270776 0.122471 0.16279 0.198185 -0.0496907 0.340864
14.1465 -1.20765 4.36497 -0.433212 0.475853 -0.113791 0.75693 0.312417 0.122471 0.16279 0.198185 -0.0496907 0.340864
14.2025 -1.27231 4.29071 -0.411658 0.507684 -0.0923154 0.751181 0.354057 0.122471 0.16279 0.198185 -0.0496907 0.340864
14.2584 -1.34122 4.19926 -0.389293 0.538513 -0.0706578 0.74395 0.395697 0.122471 0.16279 0.198185 -0.0496907 0.340864
14.3122 -1.41291 4.08965 -0.36616 0.568281 -0.0488609 0.735253 0.437337 0.122471 0.16279 0.198185 -0.0496907 0.340864
14.3603 -1.47624 3.98298 -0.380627 0.558436 -0.0254018 0.736632 0.345487 -0.270147 0.0159933 0.00749544 0.171448 0.340864
14.4084 -1.53452 3.88194 -0.402887 0.553249 -0.0104854 0.729032 0.396752 0.150778 -0.0652589 0.0392186 0.148257 0.340864
14.4564 -1.58873 3.78388 -0.395751 0.547613 0.00440601 0.737212 0.320328 -0.224774 0.0981089 -0.0159393 0.054502 0.340864
14.4954 -1.62809 3.70556 -0.388468 0.541774 0.0192958 0.745118 0.243905 -0.224774 0.0981089 -0.0159393 0.054502 0.340864
14.5287 -1.65891 3.63983 -0.379127 0.537229 0.0186244 0.753194 0.225957 -0.052789 0.057776 -0.0461345 -0.0232441 0.340864
14.5602 -1.68642 3.57906 -0.36972 0.53259 0.0179497 0.761139 0.208009 -0.052789 0.057776 -0.0461345 -0.0232441 0.340864
14.5898 -1.7108 3.52329 -0.360248 0.527859 0.0172719 0.768952 0.19006 -0.052789 0.057776 -0.0461345 -0.0232441 0.340864
14.6173 -1.7322 3.47254 -0.350714 0.523037 0.0165911 0.776632 0.172112 -0.052789 0.057776 -0.0461345 -0.0232441 0.340864
14.6427 -1.75077 3.42685 -0.34112 0.518123 0.0159075 0.784176 0.154164 -0.052789 0.057776 -0.0461345 -0.0232441 0.340864
14.6657 -1.76669 3.38622 -0.331465 0.51312 0.015221 0.791585 0.136215 -0.052789 0.057776 -0.0461345 -0.0232441 0.340864
14.6864 -1.7801 3.35067 -0.321754 0.508028 0.014532 0.798856 0.118267 -0.052789 0.057776 -0.0461345 -0.0232441 0.340864
14.7046 -1.79117 3.32019 -0.311986 0.502847 0.0138404 0.805989 0.100319 -0.052789 0.057776 -0.0461345 -0.0232441 0.340864
14.7227 -1.80191 3.28957 -0.281522 0.50842 8.34814e-05 0.81379 0.118413 0.0532176 0.117629 -0.0194274 -0.166229 0.340864
14.7434 -1.81417 3.25353 -0.250718 0.513377 -0.0136735 0.820608 0.136507 0.0532176 0.117629 -0.0194274 -0.166229 0.340864
14.7666 -1.82784 3.21197 -0.21961 0.517714 -0.027414 0.826433 0.154601 0.0532176 0.117629 -0.0194274 -0.166229 0.340864
14.792 -1.84279 3.1648 -0.188237 0.521425 -0.0411213 0.831259 0.172695 0.0532176 0.117629 -0.0194274 -0.166229 0.340864
14.8197 -1.85887 3.11196 -0.156636 0.524505 -0.0547789 0.83508 0.190789 0.0532176 0.117629 -0.0194274 -0.166229 0.340864
14.8496 -1.87592 3.05336 -0.124846 0.526952 -0.0683702 0.837891 0.208883 0.0532176 0.117629 -0.0194274 -0.166229 0.340864
14.8815 -1.89378 2.98893 -0.092905 0.52876 -0.0818789 0.839689 0.226977 0.0532176 0.117629 -0.0194274 -0.166229 0.340864
14.9155 -1.91225 2.91863 -0.0608515 0.52993 -0.0952886 0.840471 0.245071 0.0532176 0.117629 -0.0194274 -0.166229 0.340864
14.9395 -1.92456 2.87253 -0.0970166 0.498073 -0.0822371 0.857758 0.0691563 -0.517396 -0.149852 -0.186531 0.198446 0.340864
14.9508 -1.93076 2.85176 -0.0979888 0.522498 -0.0986875 0.841222 0.0746263 0.016088 -0.050733 0.162803 -0.102112 0.340864
14.9615 -1.93821 2.82891 -0.0988492 0.546327 -0.115025 0.823726 0.0800962 0.016088 -0.050733 0.162803 -0.102112 0.340864
14.9712 -1.94698 2.80399 -0.0995967 0.569533 -0.131232 0.805289 0.0855661 0.016088 -0.050733 0.162803 -0.102112 0.340864
14.9798 -1.95712 2.77708 -0.100231 0.592088 -0.147288 0.785934 0.091036 0.016088 -0.050733 0.162803 -0.102112 0.340864
14.9869 -1.96867 2.74824 -0.10075 0.613968 -0.163177 0.765681 0.0965059 0.016088 -0.050733 0.162803 -0.102112 0.340864
14.9924 -1.98164 2.71757 -0.101154 0.635146 -0.178879 0.744553 0.101976 0.016088 -0.050733 0.162803 -0.102112 0.340864
14.9958 -1.99605 2.68521 -0.101443 0.655599 -0.194377 0.722576 0.107446 0.016088 -0.050733 0.162803 -0.102112 0.340864
14.997 -2.01188 2.65128 -0.101616 0.675304 -0.209653 0.699774 0.112916 0.016088 -0.050733 0.162803 -0.102112 0.340864
14.9965 -2.02939 2.61126 -0.0917679 0.69343 -0.177384 0.692292 0.144125 0.091792 0.186652 0.111508 0.0736631 0.340864
14.9944 -2.048 2.56029 -0.0817798 0.710501 -0.144845 0.683755 0.175334 0.091792 0.186652 0.111508 0.0736631 0.340864
14.9901 -2.06644 2.49821 -0.0716672 0.726489 -0.112086 0.674177 0.206543 0.091792 0.186652 0.111508 0.0736631 0.340864
14.9828 -2.08343 2.42499 -0.0614454 0.741371 -0.0791554 0.663572 0.237753 0.091792 0.186652 0.111508 0.0736631 0.340864
14.9717 -2.09774 2.34079 -0.05113 0.755124 -0.0461047 0.651957 0.268962 0.091792 0.186652 0.111508 0.0736631 0.340864
14.956 -2.10815 2.2459 -0.0407368 0.767727 -0.0129838 0.639349 0.300171 0.091792 0.186652 0.111508 0.0736631 0.340864
14.9349 -2.11352 2.14081 -0.0302816 0.779161 0.0201569 0.625767 0.331381 0.091792 0.186652 0.111508 0.0736631 0.340864
14.9073 -2.11275 2.02613 -0.0197802 0.789409 0.0532669 0.611233 0.36259 0.091792 0.186652 0.111508 0.0736631 0.340864
14.8724 -2.10485 1.90264 -0.00924871 0.798454 0.0862957 0.595767 0.393799 0.091792 0.186652 0.111508 0.0736631 0.340864
14.8376 -2.0949 1.78191 -0.0070482 0.791661 0.066112 0.607332 0.347695 -0.135601 -0.0830179 -0.0781102 -0.0865788 0.340864
14.8101 -2.08834 1.6752 -0.00484352 0.7844 0.0458891 0.618537 0.30159 -0.135601 -0.0830179 -0.0781102 -0.0865788 0.340864
14.7891 -2.08464 1.58294 -0.00263597 0.776674 0.0256391 0.629375 0.255486 -0.135601 -0.0830179 -0.0781102 -0.0865788 0.340864
14.7737 -2.08324 1.50544 -0.000426853 0.768488 0.00537388 0.639841 0.209381 -0.135601 -0.0830179 -0.0781102 -0.0865788 0.340864
14.7631 -2.08354 1.443 0.00178251 0.759847 -0.0148945 0.649929 0.163277 -0.135601 -0.0830179 -0.0781102 -0.0865788 0.340864
14.7562 -2.08487 1.39584 0.00399082 0.750757 -0.0351541 0.659631 0.117172 -0.135601 -0.0830179 -0.0781102 -0.0865788 0.340864
14.7498 -2.08628 1.35527 0.0106986 0.767866 -0.0351965 0.639554 0.124605 0.0218606 0.029853 0.153683 -0.0335419 0.340864
14.7408 -2.08726 1.31261 0.0173985 0.784406 -0.0352129 0.619003 0.132038 0.0218606 0.029853 0.153683 -0.0335419 0.340864
14.7298 -2.08617 1.26782 0.0616709 0.786973 -0.0278453 0.613266 0.139315 0.0214039 0.196386 0.0259041 -0.17844 0.340864
14.7181 -2.08117 1.22093 0.105817 0.787924 -0.0204204 0.606269 0.146592 0.0214039 0.196386 0.0259041 -0.17844 0.340864
14.7057 -2.0719 1.17226 0.149745 0.787256 -0.0129537 0.598027 0.15387 0.0214039 0.196386 0.0259041 -0.17844 0.340864
14.6931 -2.05802 1.12212 0.193366 0.784972 -0.00546032 0.588557 0.161147 0.0214039 0.196386 0.0259041 -0.17844 0.340864
14.6804 -2.03925 1.0709 0.23659 0.781075 0.00204426 0.577878 0.168424 0.0214039 0.196386 0.0259041 -0.17844 0.340864
14.668 -2.01535 1.01898 0.279328 0.775574 0.00954464 0.566012 0.175702 0.0214039 0.196386 0.0259041 -0.17844 0.340864
14.6582 -1.99374 0.978816 0.282821 0.778437 0.041174 0.558886 0.0986566 -0.226603 0.167508 -0.0097353 0.0944936 0.340864
14.6499 -1.97506 0.947523 0.296478 0.782708 0.0440404 0.545462 0.121254 0.0664639 0.079328 0.0740573 -0.0427589 0.340864
14.6393 -1.95138 0.910679 0.310019 0.786672 0.0468894 0.531824 0.143852 0.0664639 0.079328 0.0740573 -0.0427589 0.340864
14.6262 -1.92234 0.868639 0.323438 0.790327 0.04972 0.517976 0.16645 0.0664639 0.079328 0.0740573 -0.0427589 0.340864
14.6105 -1.88757 0.821778 0.336729 0.793671 0.052531 0.503925 0.189048 0.0664639 0.079328 0.0740573 -0.0427589 0.340864
14.592 -1.84671 0.770493 0.349889 0.796703 0.0553214 0.489675 0.211645 0.0664639 0.079328 0.0740573 -0.0427589 0.340864
14.5708 -1.79942 0.715199 0.36291 0.799422 0.05809 0.475233 0.234243 0.0664639 0.079328 0.0740573 -0.0427589 0.340864
14.5499 -1.74561 0.656732 0.383022 0.778445 0.0784105 0.491091 0.249173 0.0439113 0.125125 -0.16976 -0.087988 0.340864
14.533 -1.68528 0.596025 0.402555 0.756293 0.0986127 0.506207 0.264103 0.0439113 0.125125 -0.16976 -0.087988 0.340864
14.5207 -1.61829 0.5337 0.421481 0.733001 0.118666 0.52056 0.279033 0.0439113 0.125125 -0.16976 -0.087988 0.340864
14.5123 -1.55301 0.471527 0.402582 0.728206 0.103619 0.544891 0.253677 -0.0745745 -0.179764 -0.0954963 0.00653847 0.340864
14.5065 -1.4975 0.411555 0.383201 0.722539 0.0884471 0.568569 0.228322 -0.0745745 -0.179764 -0.0954963 0.00653847 0.340864
14.503 -1.45122 0.35482 0.363361 0.716006 0.0731694 0.591566 0.202967 -0.0745745 -0.179764 -0.0954963 0.00653847 0.340864
14.5014 -1.41351 0.302282 0.343086 0.708614 0.0578041 0.613854 0.177611 -0.0745745 -0.179764 -0.0954963 0.00653847 0.340864
14.5001 -1.38198 0.255121 0.346614 0.718735 0.0465437 0.600926 0.156222 -0.0629109 -0.0115462 0.114366 -0.0305504 0.340864
14.4976 -1.35462 0.213968 0.350001 0.728562 0.0352643 0.587753 0.134832 -0.0629109 -0.0115462 0.114366 -0.0305504 0.340864
14.4937 -1.32758 0.174191 0.337498 0.737908 0.060606 0.581304 0.149031 0.0417617 0.0767258 0.00518333 0.161807 0.340864
14.4877 -1.29699 0.13123 0.324681 0.74657 0.0858915 0.574316 0.16323 0.0417617 0.0767258 0.00518333 0.161807 0.340864
14.4792 -1.26282 0.0852557 0.311563 0.754539 0.111097 0.566795 0.177429 0.0417617 0.0767258 0.00518333 0.161807 0.340864
14.4679 -1.22508 0.0364423 0.298156 0.761809 0.1362 0.558749 0.191628 0.0417617 0.0767258 0.00518333 0.161807 0.340864
14.4533 -1.18381 -0.0150353 0.284473 0.768372 0.161176 0.550184 0.205827 0.0417617 0.0767258 0.00518333 0.161807 0.340864
14.4386 -1.14138 -0.0649337 0.292918 0.753166 0.186798 0.558612 0.189059 -0.0493177 0.143476 -0.122193 0.0113174 0.340864
14.4269 -1.10041 -0.109171 0.301061 0.737184 0.212227 0.566464 0.172291 -0.0493177 0.143476 -0.122193 0.0113174 0.340864
14.4178 -1.06136 -0.147855 0.308894 0.720443 0.237438 0.573733 0.155523 -0.0493177 0.143476 -0.122193 0.0113174 0.340864
14.4108 -1.02468 -0.181147 0.316409 0.702959 0.262404 0.580411 0.138755 -0.0493177 0.143476 -0.122193 0.0113174 0.340864
14.4058 -0.990788 -0.20926 0.323599 0.684752 0.2871 0.586491 0.121987 -0.0493177 0.143476 -0.122193 0.0113174 0.340864
14.4022 -0.960113 -0.232455 0.330454 0.665839 0.3115 0.591967 0.105219 -0.0493177 0.143476 -0.122193 0.0113174 0.340864
14.3999 -0.933042 -0.251043 0.33697 0.646241 0.335579 0.596834 0.0884508 -0.0493177 0.143476 -0.122193 0.0113174 0.340864
14.3985 -0.909943 -0.265374 0.343138 0.625977 0.359313 0.601085 0.0716828 -0.0493177 0.143476 -0.122193 0.0113174 0.340864
14.3978 -0.891155 -0.275842 0.348953 0.605068 0.382676 0.604718 0.0549148 -0.0493177 0.143476 -0.122193 0.0113174 0.340864
14.3971 -0.878054 -0.282639 0.341911 0.616233 0.396431 0.588384 0.0320121 -0.0673609 0.0323055 0.0537694 0.133691 0.340864
14.3964 -0.871844 -0.285781 0.334654 0.627009 0.409936 0.57168 0.00910941 -0.0673609 0.0323055 0.0537694 0.133691 0.340864
