0 0 0 0 0 0 1 4.65295e-310 0 0 0 0 0
0.00316586 2.2078e-05 9.03329e-05 -0.0179987 -0.0214604 0.00493901 0.999595 0.0186318 0.0547993 -0.105889 -0.126255 0.0290569 0.340864
0.012645 0.00018624 0.000719709 -0.0359828 -0.0429035 0.00987403 0.998382 0.0372635 0.0547993 -0.105889 -0.126255 0.0290569 0.340864
0.0283823 0.000660579 0.00241748 -0.0539378 -0.0643118 0.0148011 0.996361 0.0558953 0.0547993 -0.105889 -0.126255 0.0290569 0.340864
0.0502862 0.0016406 0.00569932 -0.0718491 -0.0856681 0.0197161 0.993534 0.074527 0.0547993 -0.105889 -0.126255 0.0290569 0.340864
0.078229 0.00334804 0.0110638 -0.0897024 -0.106955 0.0246152 0.989903 0.0931588 0.0547993 -0.105889 -0.126255 0.0290569 0.340864
0.112048 0.00602951 0.0189892 -0.107483 -0.128156 0.0294944 0.985471 0.111791 0.0547993 -0.105889 -0.126255 0.0290569 0.340864
0.14992 0.00941651 0.0280497 -0.123707 -0.114176 0.0300353 0.985271 0.118146 0.018692 -0.0970135 0.0784195 -0.0179001 0.340864
0.190146 0.0130425 0.0364233 -0.139873 -0.100144 0.0305623 0.984618 0.124501 0.018692 -0.0970135 0.0784195 -0.0179001 0.340864
0.231118 0.0173281 0.0458165 -0.120527 -0.135286 0.0414659 0.982574 0.124101 -0.00117548 0.110294 -0.192345 0.10386 0.340864
0.271084 0.0226232 0.0580028 -0.100973 -0.170193 0.0522977 0.978828 0.123702 -0.00117548 0.110294 -0.192345 0.10386 0.340864
0.309834 0.0287816 0.0729355 -0.081243 -0.204805 0.0630388 0.973386 0.123302 -0.00117548 0.110294 -0.192345 0.10386 0.340864
0.347164 0.0356521 0.090549 -0.0613726 -0.239063 0.0736708 0.966258 0.122902 -0.00117548 0.110294 -0.192345 0.10386 0.340864
0.382886 0.0430803 0.110759 -0.0413958 -0.272906 0.0841751 0.957457 0.122503 -0.00117548 0.110294 -0.192345 0.10386 0.340864
0.41682 0.0509088 0.133465 -0.0213474 -0.306277 0.0945336 0.946996 0.122103 -0.00117548 0.110294 -0.192345 0.10386 0.340864
0.448802 0.0589792 0.158547 -0.00126202 -0.339117 0.104728 0.934896 0.121703 -0.00117548 0.110294 -0.192345 0.10386 0.340864
0.478681 0.0671325 0.185871 0.0188256 -0.37137 0.114742 0.921176 0.121304 -0.00117548 0.110294 -0.192345 0.10386 0.340864
0.506322 0.0752106 0.215288 0.0388805 -0.402979 0.124556 0.90586 0.120904 -0.00117548 0.110294 -0.192345 0.10386 0.340864
0.531606 0.0830573 0.246634 0.0588682 -0.433891 0.134155 0.888975 0.120504 -0.00117548 0.110294 -0.192345 0.10386 0.340864
0.558824 0.0920169 0.284043 0.0553304 -0.443912 0.136747 0.883845 0.156696 0.106445 -0.0154303 -0.0691878 0.00510107 0.340864
0.592017 0.103623 0.331952 0.0517845 -0.453868 0.139318 0.878585 0.192887 0.106445 -0.0154303 -0.0691878 0.00510107 0.340864
0.630692 0.118004 0.390629 0.0482311 -0.463758 0.14187 0.873198 0.229078 0.106445 -0.0154303 -0.0691878 0.00510107 0.340864
0.674346 0.135292 0.460326 0.0446706 -0.473581 0.1444 0.867683 0.26527 0.106445 -0.0154303 -0.0691878 0.00510107 0.340864
0.722468 0.155618 0.541276 0.0411036 -0.483334 0.14691 0.862042 0.301461 0.106445 -0.0154303 -0.0691878 0.00510107 0.340864
0.774538 0.179113 0.633692 0.0375307 -0.493017 0.149398 0.856275 0.337652 0.106445 -0.0154303 -0.0691878 0.00510107 0.340864
0.830028 0.20591 0.73777 0.0339522 -0.502628 0.151864 0.850382 0.373843 0.106445 -0.0154303 -0.0691878 0.00510107 0.340864
0.8884 0.23614 0.853683 0.0303688 -0.512165 0.154308 0.844366 0.410035 0.106445 -0.0154303 -0.0691878 0.00510107 0.340864
0.949113 0.269937 0.981588 0.0267809 -0.521628 0.15673 0.838226 0.446226 0.106445 -0.0154303 -0.0691878 0.00510107 0.340864
1.01412 0.302123 1.11799 0.02311 -0.517883 0.121538 0.846458 0.462677 0.0483843 0.0851525 0.0458949 -0.191829 0.340864
1.08558 0.326855 1.25909 0.0194083 -0.513447 0.0861837 0.853562 0.479127 0.0483843 0.0851525 0.0458949 -0.191829 0.340864
1.16319 0.343285 1.40454 0.0156807 -0.508327 0.0507145 0.859527 0.495578 0.0483843 0.0851525 0.0458949 -0.191829 0.340864
1.232 0.350767 1.53563 0.0208276 -0.524336 0.0291562 0.850757 0.376558 -0.350058 0.0960837 -0.103656 -0.0924829 0.340864
1.27876 0.351581 1.63274 0.0259573 -0.539913 0.0075739 0.841286 0.257538 -0.350058 0.0960837 -0.103656 -0.0924829 0.340864
1.30781 0.350202 1.70003 0.0137043 -0.560087 -0.00433673 0.828309 0.173746 -0.246449 -0.0199322 -0.139796 -0.100374 0.340864
1.32361 0.349073 1.74197 0.00143934 -0.579774 -0.0162436 0.814614 0.089953 -0.246449 -0.0199322 -0.139796 -0.100374 0.340864
1.33841 0.347075 1.78706 0.00759985 -0.591227 -0.0273037 0.806007 0.189479 0.292722 0.0662227 -0.0847298 -0.0329098 0.340864
1.36934 0.344495 1.89596 -0.0148808 -0.610929 -0.0115046 0.791462 0.47676 0.844945 -0.164083 -0.141129 -0.00649488 0.340864
1.4084 0.346897 2.04098 -0.0441039 -0.605112 -0.0129752 0.794812 0.406876 -0.205541 -0.1301 0.0409759 -0.112165 0.340864
1.44313 0.353006 2.16241 -0.0732872 -0.59875 -0.0144341 0.797445 0.336992 -0.205541 -0.1301 0.0409759 -0.112165 0.340864
1.47295 0.361198 2.26034 -0.102404 -0.591848 -0.0158799 0.79936 0.267108 -0.205541 -0.1301 0.0409759 -0.112165 0.340864
1.49719 0.369897 2.33495 -0.131429 -0.584413 -0.0173115 0.800555 0.197224 -0.205541 -0.1301 0.0409759 -0.112165 0.340864
1.51511 0.37759 2.38656 -0.160336 -0.576451 -0.0187275 0.801028 0.12734 -0.205541 -0.1301 0.0409759 -0.112165 0.340864
1.5316 0.386214 2.43351 -0.149339 -0.583582 0.00677116 0.798176 0.169726 0.124665 -0.0381282 -0.0204375 0.16387 0.340864
1.55171 0.399223 2.49384 -0.138218 -0.590228 0.0322642 0.794661 0.212112 0.124665 -0.0381282 -0.0204375 0.16387 0.340864
1.57444 0.415037 2.56095 -0.123401 -0.578997 0.048762 0.804461 0.214949 0.008343 0.0178238 0.102766 0.117587 0.340864
1.59918 0.431606 2.62821 -0.108495 -0.567352 0.065225 0.813687 0.217785 0.008343 0.0178238 0.102766 0.117587 0.340864
1.62593 0.449017 2.69556 -0.093512 -0.555302 0.0816415 0.822332 0.220622 0.008343 0.0178238 0.102766 0.117587 0.340864
1.65467 0.46736 2.76291 -0.0784621 -0.542855 0.0979996 0.83039 0.223458 0.008343 0.0178238 0.102766 0.117587 0.340864
1.68539 0.486722 2.83019 -0.0633562 -0.530022 0.114288 0.837855 0.226295 0.008343 0.0178238 0.102766 0.117587 0.340864
1.72794 0.510751 2.91427 -0.0329819 -0.505937 0.119475 0.853619 0.345782 0.351433 0.123249 0.190259 0.100721 0.340864
1.78228 0.534515 3.0095 -0.0100797 -0.484814 0.101077 0.868698 0.314334 -0.0924937 0.157874 0.163508 -0.0389278 0.340864
1.83643 0.550757 3.09381 0.012838 -0.462947 0.0825237 0.882443 0.282886 -0.0924937 0.157874 0.163508 -0.0389278 0.340864
1.88917 0.560631 3.16708 0.035736 -0.440368 0.0638436 0.894831 0.251438 -0.0924937 0.157874 0.163508 -0.0389278 0.340864
1.93931 0.565299 3.2294 0.058579 -0.417113 0.0450654 0.905845 0.219991 -0.0924937 0.157874 0.163508 -0.0389278 0.340864
1.98573 0.565918 3.28103 0.0813321 -0.393216 0.026218 0.915466 0.188543 -0.0924937 0.157874 0.163508 -0.0389278 0.340864
2.02735 0.563629 3.32243 0.10396 -0.368716 0.00733027 0.923681 0.157095 -0.0924937 0.157874 0.163508 -0.0389278 0.340864
2.07081 0.559922 3.36166 0.0827178 -0.351719 -0.00286113 0.932439 0.188014 0.0909387 -0.0994187 0.116679 -0.0914449 0.340864
2.12371 0.555463 3.40601 0.0613992 -0.334399 -0.0130499 0.940339 0.218933 0.0909387 -0.0994187 0.116679 -0.0914449 0.340864
2.18647 0.550092 3.45483 0.0400241 -0.31677 -0.0232267 0.947373 0.249852 0.0909387 -0.0994187 0.116679 -0.0914449 0.340864
2.25944 0.543598 3.50744 0.0186121 -0.29885 -0.033382 0.953534 0.280771 0.0909387 -0.0994187 0.116679 -0.0914449 0.340864
2.34392 0.538074 3.56237 0.0420788 -0.270858 -0.00622708 0.961679 0.312979 0.0947276 0.088525 0.163802 0.1983 0.340864
2.44106 0.53663 3.61783 0.0654555 -0.242287 0.0209412 0.967767 0.345186 0.0947276 0.088525 0.163802 0.1983 0.340864
2.55085 0.540598 3.67273 0.0886923 -0.213198 0.0480647 0.971787 0.377394 0.0947276 0.088525 0.163802 0.1983 0.340864
2.62924 0.544265 3.70747 0.0995172 -0.190833 0.0321955 0.976034 0.127509 -0.734954 0.0732523 0.144536 -0.0666812 0.340864
2.66272 0.545951 3.72195 0.0719888 -0.209651 0.0517574 0.973748 0.0873102 -0.118232 -0.175152 -0.127302 0.0708453 0.340864
2.68323 0.548049 3.7318 0.0443524 -0.228154 0.0712417 0.970002 0.0471113 -0.118232 -0.175152 -0.127302 0.0708453 0.340864
2.69128 0.549299 3.73602 0.0166495 -0.246315 0.0906191 0.9648 0.0069124 -0.118232 -0.175152 -0.127302 0.0708453 0.340864
2.70147 0.551229 3.74151 0.00556555 -0.238195 0.0857029 0.967413 0.0620994 0.162315 -0.0603678 0.0444436 -0.0445597 0.340864
2.72821 0.556139 3.75532 -0.00551959 -0.230022 0.0807677 0.969812 0.117286 0.162315 -0.0603678 0.0444436 -0.0445597 0.340864
2.77185 0.563867 3.77682 -0.0166035 -0.221799 0.0758149 0.971999 0.172474 0.162315 -0.0603678 0.0444436 -0.0445597 0.340864
2.82957 0.573683 3.80273 -0.0202792 -0.1969 0.0735878 0.977448 0.204171 0.0932267 -0.0286861 0.147635 -0.0223936 0.340864
2.89851 0.584911 3.82948 -0.0239414 -0.171869 0.0713116 0.982244 0.235868 0.0932267 -0.0286861 0.147635 -0.0223936 0.340864
2.97891 0.597428 3.85597 -0.0275876 -0.146723 0.0689878 0.986383 0.267565 0.0932267 -0.0286861 0.147635 -0.0223936 0.340864
3.07093 0.611096 3.88108 -0.0312153 -0.12148 0.0666178 0.989864 0.299262 0.0932267 -0.0286861 0.147635 -0.0223936 0.340864
3.17461 0.625754 3.90368 -0.0348222 -0.0961546 0.0642033 0.992683 0.330959 0.0932267 -0.0286861 0.147635 -0.0223936 0.340864
3.30982 0.649315 3.92841 -0.0302295 -0.0883795 0.0979149 0.990802 0.489553 0.466453 0.00442958 0.0529878 0.198608 0.340864
3.44208 0.680867 3.9532 -0.0362385 -0.101485 0.128744 0.985806 0.323601 -0.488095 -0.0443982 -0.0769755 0.181799 0.340864
3.54605 0.706284 3.97809 -0.028577 -0.135601 0.0979884 0.985492 0.323024 -0.00169674 0.0885904 -0.198848 -0.166323 0.340864
3.64914 0.724937 4.01059 -0.0208534 -0.169424 0.0670203 0.983041 0.322447 -0.00169674 0.0885904 -0.198848 -0.166323 0.340864
3.75046 0.736689 4.0504 -0.0130846 -0.202878 0.0359069 0.978458 0.32187 -0.00169674 0.0885904 -0.198848 -0.166323 0.340864
3.84914 0.741463 4.09714 -0.00528751 -0.235893 0.00471566 0.971753 0.321293 -0.00169674 0.0885904 -0.198848 -0.166323 0.340864
3.94434 0.739241 4.1504 0.0025211 -0.268396 -0.0264858 0.962941 0.320716 -0.00169674 0.0885904 -0.198848 -0.166323 0.340864
4.04024 0.730948 4.21282 0.0125814 -0.29949 -0.0440928 0.952997 0.354288 0.0987405 0.0801057 -0.193179 -0.0858804 0.340864
4.14062 0.71687 4.28789 0.0226231 -0.330141 -0.0616346 0.941646 0.38786 0.0987405 0.0801057 -0.193179 -0.0858804 0.340864
4.24396 0.696095 4.37625 0.0326314 -0.360304 -0.0790854 0.928903 0.421432 0.0987405 0.0801057 -0.193179 -0.0858804 0.340864
4.34864 0.667739 4.47836 0.0425914 -0.389936 -0.0964194 0.914789 0.455003 0.0987405 0.0801057 -0.193179 -0.0858804 0.340864
4.44793 0.638268 4.57515 0.049632 -0.35981 -0.0916856 0.927182 0.379005 -0.223525 0.0410169 0.185391 0.0562096 0.340864
4.53438 0.614703 4.64869 0.0566163 -0.329277 -0.0868478 0.938525 0.303006 -0.223525 0.0410169 0.185391 0.0562096 0.340864
4.61325 0.596344 4.7098 0.0521501 -0.319639 -0.0678183 0.943669 0.293781 -0.0271329 -0.0583094 0.0591248 0.102253 0.340864
4.6914 0.582403 4.76778 0.0476579 -0.30984 -0.0487548 0.948341 0.284556 -0.0271329 -0.0583094 0.0591248 0.102253 0.340864
4.76859 0.572663 4.82261 0.0431417 -0.299886 -0.0296668 0.952537 0.275331 -0.0271329 -0.0583094 0.0591248 0.102253 0.340864
4.81917 0.566331 4.85954 0.0704193 -0.327371 -0.0425295 0.941308 0.0950549 -0.530223 0.173636 -0.175355 -0.0328976 0.340864
4.85261 0.561755 4.8861 0.0545278 -0.333802 -0.0283896 0.940636 0.157613 0.183994 -0.116563 -0.0387903 0.0448635 0.340864
4.90218 0.557232 4.92668 0.0386094 -0.340069 -0.0142356 0.9395 0.220171 0.183994 -0.116563 -0.0387903 0.0448635 0.340864
4.96752 0.554353 4.98174 0.0226718 -0.346167 -7.45645e-05 0.937899 0.282728 0.183994 -0.116563 -0.0387903 0.0448635 0.340864
5.04822 0.554726 5.05162 0.00672311 -0.352094 0.0140865 0.935834 0.345286 0.183994 -0.116563 -0.0387903 0.0448635 0.340864
5.14385 0.559973 5.13658 -0.00922896 -0.357848 0.0282406 0.933307 0.407844 0.183994 -0.116563 -0.0387903 0.0448635 0.340864
5.25391 0.57172 5.23675 -0.0251765 -0.363424 0.0423807 0.930319 0.470402 0.183994 -0.116563 -0.0387903 0.0448635 0.340864
5.36939 0.593428 5.3442 -0.0371323 -0.367517 0.0799866 0.925827 0.466459 -0.0115969 -0.145505 -0.0294185 0.182012 0.340864
5.48112 0.627225 5.45051 -0.049029 -0.371023 0.117465 0.919859 0.462516 -0.0115969 -0.145505 -0.0294185 0.182012 0.340864
5.58841 0.672682 5.55505 -0.0608475 -0.373939 0.154756 0.912424 0.458573 -0.0115969 -0.145505 -0.0294185 0.182012 0.340864
5.6906 0.7293 5.65723 -0.0725691 -0.376258 0.191801 0.903535 0.45463 -0.0115969 -0.145505 -0.0294185 0.182012 0.340864
5.78709 0.796516 5.75646 -0.0841749 -0.377977 0.228539 0.893206 0.450687 -0.0115969 -0.145505 -0.0294185 0.182012 0.340864
5.87731 0.873704 5.85219 -0.0956466 -0.379094 0.264914 0.881453 0.446744 -0.0115969 -0.145505 -0.0294185 0.182012 0.340864
5.96076 0.960184 5.94392 -0.106966 -0.379606 0.300866 0.868295 0.442801 -0.0115969 -0.145505 -0.0294185 0.182012 0.340864
6.03491 1.04075 6.03134 -0.106442 -0.409249 0.263556 0.86702 0.381626 -0.179926 0.137697 -0.176868 -0.168548 0.340864
6.0971 1.10214 6.11258 -0.105677 -0.437962 0.225648 0.863774 0.320451 -0.179926 0.137697 -0.176868 -0.168548 0.340864
6.14699 1.14668 6.18493 -0.104671 -0.465679 0.187227 0.858565 0.259276 -0.179926 0.137697 -0.176868 -0.168548 0.340864
6.18468 1.17686 6.24584 -0.103427 -0.492338 0.14838 0.851404 0.198101 -0.179926 0.137697 -0.176868 -0.168548 0.340864
6.20516 1.19218 6.28004 -0.140588 -0.486037 0.133737 0.852125 0.0530924 -0.426497 -0.148803 -0.00770428 -0.185474 0.340864
6.21549 1.20099 6.29775 -0.163202 -0.507913 0.153457 0.831769 0.0782081 0.0738699 -0.169406 -0.169383 0.0683196 0.340864
6.22807 1.21488 6.32226 -0.185522 -0.528878 0.172902 0.809922 0.103324 0.0738699 -0.169406 -0.169383 0.0683196 0.340864
6.24191 1.23475 6.35333 -0.207511 -0.548895 0.192037 0.786623 0.12844 0.0738699 -0.169406 -0.169383 0.0683196 0.340864
6.256 1.26144 6.39056 -0.229127 -0.567928 0.210827 0.761913 0.153555 0.0738699 -0.169406 -0.169383 0.0683196 0.340864
6.26935 1.29572 6.4334 -0.250332 -0.585942 0.22924 0.735836 0.178671 0.0738699 -0.169406 -0.169383 0.0683196 0.340864
6.28098 1.33828 6.48112 -0.271088 -0.602905 0.247241 0.708441 0.203787 0.0738699 -0.169406 -0.169383 0.0683196 0.340864
6.28993 1.38974 6.53289 -0.291358 -0.618788 0.264799 0.679775 0.228903 0.0738699 -0.169406 -0.169383 0.0683196 0.340864
6.29531 1.4506 6.5877 -0.311106 -0.63356 0.281883 0.64989 0.254018 0.0738699 -0.169406 -0.169383 0.0683196 0.340864
6.29628 1.52123 6.64445 -0.330296 -0.647197 0.298461 0.618839 0.279134 0.0738699 -0.169406 -0.169383 0.0683196 0.340864
6.29508 1.61341 6.71179 -0.320121 -0.627706 0.330173 0.628087 0.392451 0.333284 -0.0999701 0.185685 0.100096 0.340864
6.2948 1.71866 6.78229 -0.31748 -0.60567 0.36404 0.632334 0.352809 -0.116595 -0.150134 0.166045 0.0851581 0.340864
6.29622 1.81096 6.83994 -0.324886 -0.595778 0.363675 0.638153 0.287384 -0.192424 -0.0365631 0.0409893 -0.05868 0.340864
6.29839 1.8993 6.89315 -0.335626 -0.598502 0.365305 0.629049 0.319383 0.0941122 -0.0576036 -0.0619938 -0.00683664 0.340864
6.2998 1.99808 6.95008 -0.346296 -0.601102 0.36686 0.619814 0.351381 0.0941122 -0.0576036 -0.0619938 -0.00683664 0.340864
6.3003 2.10749 7.01034 -0.356894 -0.603576 0.368338 0.61045 0.383379 0.0941122 -0.0576036 -0.0619938 -0.00683664 0.340864
6.29977 2.22769 7.07351 -0.367418 -0.605925 0.369739 0.600959 0.415377 0.0941122 -0.0576036 -0.0619938 -0.00683664 0.340864
6.29655 2.35201 7.13344 -0.391982 -0.615733 0.374461 0.571842 0.396796 -0.0546492 -0.145299 -0.181721 0.0136671 0.340864
6.28958 2.47329 7.18438 -0.41593 -0.624574 0.378594 0.541827 0.378216 -0.0546492 -0.145299 -0.181721 0.0136671 0.340864
6.2796 2.59096 7.22661 -0.439226 -0.632435 0.382133 0.510961 0.359635 -0.0546492 -0.145299 -0.181721 0.0136671 0.340864
6.26731 2.70448 7.26047 -0.461832 -0.639303 0.385072 0.479294 0.341054 -0.0546492 -0.145299 -0.181721 0.0136671 0.340864
6.25865 2.80223 7.2894 -0.461291 -0.629311 0.360773 0.510902 0.260898 -0.235753 0.156185 0.0822717 -0.165264 0.340864
6.25691 2.87295 7.31449 -0.459971 -0.618256 0.335864 0.541647 0.180742 -0.235753 0.156185 0.0822717 -0.165264 0.340864
6.25874 2.91708 7.33279 -0.457874 -0.606156 0.310388 0.571477 0.100586 -0.235753 0.156185 0.0822717 -0.165264 0.340864
6.26073 2.93558 7.34156 -0.455003 -0.593032 0.284387 0.600341 0.0204294 -0.235753 0.156185 0.0822717 -0.165264 0.340864
6.26716 2.96642 7.35881 -0.447136 -0.574249 0.260958 0.634199 0.190869 0.501293 0.168768 0.134943 -0.162262 0.340864
6.28991 3.04353 7.4072 -0.438326 -0.554254 0.236979 0.666719 0.361308 0.501293 0.168768 0.134943 -0.162262 0.340864
6.32061 3.13052 7.4656 -0.442038 -0.551139 0.226593 0.670451 0.280936 -0.236388 0.0245841 -0.00756674 -0.0660751 0.340864
6.34497 3.19484 7.50997 -0.445686 -0.547943 0.216173 0.674086 0.200564 -0.236388 0.0245841 -0.00756674 -0.0660751 0.340864
6.36205 3.23708 7.53993 -0.449269 -0.544667 0.205723 0.677623 0.120192 -0.236388 0.0245841 -0.00756674 -0.0660751 0.340864
6.38464 3.28811 7.57733 -0.43773 -0.532838 0.206295 0.694203 0.274996 0.455306 0.0736692 0.115763 -0.0120778 0.340864
6.41361 3.35058 7.62798 -0.426767 -0.554264 0.167777 0.694631 0.227975 -0.138299 0.192667 -0.172087 -0.0683002 0.340864
6.43577 3.398 7.67369 -0.414923 -0.574546 0.128913 0.693626 0.180953 -0.138299 0.192667 -0.172087 -0.0683002 0.340864
6.4515 3.43174 7.71214 -0.402223 -0.593643 0.0897829 0.69119 0.133932 -0.138299 0.192667 -0.172087 -0.0683002 0.340864
6.46449 3.46373 7.74953 -0.401213 -0.607254 0.122634 0.674708 0.165471 0.0927646 -0.142459 -0.0346443 0.178049 0.340864
6.47726 3.50546 7.79301 -0.399587 -0.619932 0.155298 0.657189 0.197011 0.0927646 -0.142459 -0.0346443 0.178049 0.340864
6.48861 3.55766 7.84177 -0.397347 -0.631657 0.187722 0.638659 0.228551 0.0927646 -0.142459 -0.0346443 0.178049 0.340864
6.49728 3.6209 7.89491 -0.394495 -0.642411 0.219858 0.619148 0.260091 0.0927646 -0.142459 -0.0346443 0.178049 0.340864
6.50196 3.69555 7.95145 -0.391038 -0.652177 0.251656 0.598686 0.291631 0.0927646 -0.142459 -0.0346443 0.178049 0.340864
6.50133 3.78184 8.01039 -0.386979 -0.660941 0.283067 0.577302 0.323171 0.0927646 -0.142459 -0.0346443 0.178049 0.340864
6.49406 3.87976 8.07065 -0.382325 -0.668689 0.314043 0.555032 0.354711 0.0927646 -0.142459 -0.0346443 0.178049 0.340864
6.47881 3.98916 8.13114 -0.377084 -0.675408 0.344536 0.531908 0.386251 0.0927646 -0.142459 -0.0346443 0.178049 0.340864
6.45429 4.10966 8.19075 -0.371263 -0.68109 0.374499 0.507967 0.417791 0.0927646 -0.142459 -0.0346443 0.178049 0.340864
6.42826 4.23525 8.24609 -0.391372 -0.659203 0.384043 0.514577 0.404002 -0.0405569 -0.132123 0.0684393 -0.114428 0.340864
6.40908 4.35977 8.29456 -0.411082 -0.636645 0.393196 0.520664 0.390212 -0.0405569 -0.132123 0.0684393 -0.114428 0.340864
6.39632 4.48256 8.33626 -0.430374 -0.613439 0.401948 0.526221 0.376423 -0.0405569 -0.132123 0.0684393 -0.114428 0.340864
6.38954 4.603 8.37131 -0.449227 -0.589608 0.410292 0.531241 0.362634 -0.0405569 -0.132123 0.0684393 -0.114428 0.340864
6.38828 4.7205 8.3999 -0.467624 -0.565177 0.418217 0.535721 0.348844 -0.0405569 -0.132123 0.0684393 -0.114428 0.340864
6.39207 4.83451 8.42225 -0.485544 -0.540171 0.425717 0.539656 0.335055 -0.0405569 -0.132123 0.0684393 -0.114428 0.340864
6.40041 4.94454 8.43864 -0.502969 -0.514614 0.432783 0.543041 0.321266 -0.0405569 -0.132123 0.0684393 -0.114428 0.340864
6.41349 5.0464 8.4499 -0.511276 -0.479354 0.437211 0.563616 0.28657 -0.102048 -0.068848 0.16692 -0.167751 0.340864
6.43068 5.13601 8.45696 -0.518685 -0.443253 0.440872 0.583202 0.251873 -0.102048 -0.068848 0.16692 -0.167751 0.340864
6.45034 5.2132 8.46031 -0.525184 -0.406374 0.443758 0.601764 0.217177 -0.102048 -0.068848 0.16692 -0.167751 0.340864
6.4709 5.27794 8.46058 -0.530761 -0.368781 0.445866 0.61927 0.182481 -0.102048 -0.068848 0.16692 -0.167751 0.340864
6.49085 5.33037 8.45852 -0.535407 -0.330541 0.447192 0.63569 0.147785 -0.102048 -0.068848 0.16692 -0.167751 0.340864
6.50879 5.37076 8.45499 -0.539113 -0.291722 0.447732 0.650993 0.113089 -0.102048 -0.068848 0.16692 -0.167751 0.340864
6.52342 5.39955 8.45094 -0.541872 -0.25239 0.447487 0.665154 0.0783925 -0.102048 -0.068848 0.16692 -0.167751 0.340864
6.5336 5.41729 8.44739 -0.543681 -0.212615 0.446456 0.678147 0.0436964 -0.102048 -0.068848 0.16692 -0.167751 0.340864
6.55888 5.45529 8.4375 -0.559334 -0.189529 0.429009 0.683503 0.231089 0.551156 -0.0841384 0.00188274 -0.177103 0.340864
6.62358 5.54097 8.41174 -0.574366 -0.166233 0.411085 0.688099 0.418482 0.551156 -0.0841384 0.00188274 -0.177103 0.340864
6.70841 5.64753 8.37391 -0.569093 -0.142358 0.42816 0.68742 0.413157 -0.0156612 -0.0553887 0.166438 -0.00475415 0.340864
6.79002 5.75184 8.32991 -0.563314 -0.118356 0.444854 0.68613 0.407833 -0.0156612 -0.0553887 0.166438 -0.00475415 0.340864
6.8681 5.85378 8.28007 -0.557034 -0.0942497 0.461152 0.684229 0.402508 -0.0156612 -0.0553887 0.166438 -0.00475415 0.340864
6.94236 5.95327 8.22471 -0.550258 -0.0700591 0.47704 0.681719 0.397183 -0.0156612 -0.0553887 0.166438 -0.00475415 0.340864
7.01252 6.05024 8.1642 -0.542992 -0.0458061 0.492504 0.678603 0.391858 -0.0156612 -0.0553887 0.166438 -0.00475415 0.340864
7.07836 6.14462 8.09888 -0.535243 -0.0215124 0.507529 0.674882 0.386533 -0.0156612 -0.0553887 0.166438 -0.00475415 0.340864
7.13297 6.22415 8.0377 -0.529788 0.0102832 0.51422 0.674386 0.285534 -0.297057 -0.0756913 0.163547 -0.0713834 0.340864
7.19562 6.31166 7.96813 -0.504616 0.0193468 0.497557 0.705284 0.468393 0.53782 0.167775 0.058315 -0.189393 0.340864
7.27293 6.41325 7.8852 -0.497804 0.0495973 0.491941 0.712548 0.427114 -0.121408 -0.0393566 0.127964 -0.135155 0.340864
7.34387 6.50119 7.80565 -0.490471 0.079796 0.48581 0.719068 0.385835 -0.121408 -0.0393566 0.127964 -0.135155 0.340864
7.40796 6.57629 7.73036 -0.482625 0.109911 0.479171 0.724836 0.344556 -0.121408 -0.0393566 0.127964 -0.135155 0.340864
7.46481 6.63937 7.66025 -0.474275 0.139912 0.472032 0.729845 0.303278 -0.121408 -0.0393566 0.127964 -0.135155 0.340864
7.51414 6.69131 7.5962 -0.465428 0.169766 0.464398 0.734092 0.261999 -0.121408 -0.0393566 0.127964 -0.135155 0.340864
7.55582 6.73299 7.53912 -0.456095 0.199442 0.456279 0.73757 0.22072 -0.121408 -0.0393566 0.127964 -0.135155 0.340864
7.58981 6.76533 7.48986 -0.446284 0.22891 0.447683 0.740278 0.179441 -0.121408 -0.0393566 0.127964 -0.135155 0.340864
7.61619 6.78924 7.44929 -0.436007 0.258138 0.438618 0.742211 0.138162 -0.121408 -0.0393566 0.127964 -0.135155 0.340864
7.63518 6.80566 7.4182 -0.425274 0.287097 0.429095 0.743367 0.0968834 -0.121408 -0.0393566 0.127964 -0.135155 0.340864
7.64708 6.81549 7.39737 -0.414096 0.315755 0.419123 0.743747 0.0556046 -0.121408 -0.0393566 0.127964 -0.135155 0.340864
7.6658 6.83206 7.36346 -0.4067 0.294614 0.439298 0.744859 0.192274 0.401969 0.124681 -0.0271849 0.123303 0.340864
7.7043 6.87131 7.29399 -0.398934 0.273204 0.459073 0.745294 0.328944 0.401969 0.124681 -0.0271849 0.123303 0.340864
7.75353 6.91867 7.21136 -0.41154 0.275553 0.423613 0.758457 0.301865 -0.0796427 -0.087727 -0.128149 -0.176309 0.340864
7.80425 6.95687 7.1367 -0.42349 0.277462 0.387477 0.770411 0.274786 -0.0796427 -0.087727 -0.128149 -0.176309 0.340864
7.85505 6.98657 7.0702 -0.434763 0.278928 0.350722 0.781136 0.247708 -0.0796427 -0.087727 -0.128149 -0.176309 0.340864
7.90461 7.00859 7.01194 -0.445344 0.279949 0.313408 0.790615 0.220629 -0.0796427 -0.087727 -0.128149 -0.176309 0.340864
7.9517 7.02383 6.96188 -0.455214 0.280524 0.275595 0.798833 0.193551 -0.0796427 -0.087727 -0.128149 -0.176309 0.340864
7.99516 7.03327 6.91986 -0.464357 0.280652 0.237341 0.805777 0.166472 -0.0796427 -0.087727 -0.128149 -0.176309 0.340864
8.03399 7.03799 6.88562 -0.47276 0.280331 0.198709 0.811435 0.139394 -0.0796427 -0.087727 -0.128149 -0.176309 0.340864
8.08896 7.04261 6.84091 -0.509374 0.25561 0.208881 0.794714 0.278332 0.40864 -0.175664 -0.104974 0.197296 0.340864
8.18249 7.05211 6.76918 -0.544799 0.230293 0.218565 0.776137 0.417269 0.40864 -0.175664 -0.104974 0.197296 0.340864
8.27772 7.05965 6.69757 -0.536886 0.252476 0.195768 0.780823 0.285112 -0.388697 -0.00826233 0.0320512 -0.191949 0.340864
8.3368 7.06043 6.65226 -0.528385 0.274382 0.172756 0.784652 0.152955 -0.388697 -0.00826233 0.0320512 -0.191949 0.340864
8.38406 7.06004 6.61662 -0.508634 0.261652 0.168638 0.802739 0.195232 0.124343 0.153691 -0.0806913 -0.0297001 0.340864
8.44398 7.06123 6.57396 -0.488428 0.248687 0.164369 0.820107 0.237508 0.124343 0.153691 -0.0806913 -0.0297001 0.340864
8.517 7.06452 6.52508 -0.467784 0.235499 0.159953 0.83674 0.279785 0.124343 0.153691 -0.0806913 -0.0297001 0.340864
8.60353 7.07038 6.4708 -0.44672 0.2221 0.155394 0.852623 0.322061 0.124343 0.153691 -0.0806913 -0.0297001 0.340864
8.70394 7.07921 6.41204 -0.425257 0.208502 0.150695 0.867741 0.364338 0.124343 0.153691 -0.0806913 -0.0297001 0.340864
8.8186 7.09133 6.34972 -0.403412 0.194718 0.145861 0.882082 0.406615 0.124343 0.153691 -0.0806913 -0.0297001 0.340864
8.94781 7.10699 6.28485 -0.381205 0.180758 0.140896 0.895632 0.448891 0.124343 0.153691 -0.0806913 -0.0297001 0.340864
9.09187 7.12635 6.21845 -0.358657 0.166637 0.135805 0.90838 0.491168 0.124343 0.153691 -0.0806913 -0.0297001 0.340864
9.23952 7.14348 6.15115 -0.375615 0.184593 0.122763 0.899871 0.468753 -0.0659263 -0.135711 0.063234 -0.0841703 0.340864
9.37923 7.15276 6.08339 -0.392252 0.202392 0.109615 0.890595 0.446338 -0.0659263 -0.135711 0.063234 -0.0841703 0.340864
9.51082 7.15475 6.01586 -0.408555 0.220019 0.0963738 0.88056 0.423923 -0.0659263 -0.135711 0.063234 -0.0841703 0.340864
9.6342 7.15007 5.9492 -0.42451 0.237458 0.0830506 0.869775 0.401508 -0.0659263 -0.135711 0.063234 -0.0841703 0.340864
9.74928 7.13937 5.88402 -0.440102 0.254695 0.0696565 0.858247 0.379093 -0.0659263 -0.135711 0.063234 -0.0841703 0.340864
9.85603 7.12333 5.82087 -0.45532 0.271714 0.0562031 0.845989 0.356678 -0.0659263 -0.135711 0.063234 -0.0841703 0.340864
9.95049 7.10612 5.76014 -0.468401 0.294316 0.0752697 0.829646 0.311696 -0.132301 -0.0858859 0.185381 0.0606713 0.340864
10.0291 7.09129 5.70297 -0.480868 0.316532 0.0942376 0.812215 0.266713 -0.132301 -0.0858859 0.185381 0.0606713 0.340864
10.0926 7.07863 5.65097 -0.492703 0.338332 0.113082 0.793717 0.221731 -0.132301 -0.0858859 0.185381 0.0606713 0.340864
10.1482 7.06679 5.59932 -0.474663 0.365728 0.122191 0.791206 0.230399 0.0254935 0.0768722 0.171341 -0.0711142 0.340864
10.2025 7.05459 5.54211 -0.45607 0.392697 0.131159 0.787773 0.239066 0.0254935 0.0768722 0.171341 -0.0711142 0.340864
10.2549 7.04222 5.47929 -0.436945 0.419209 0.139973 0.783422 0.247734 0.0254935 0.0768722 0.171341 -0.0711142 0.340864
10.3104 7.02708 5.4049 -0.465086 0.436414 0.153254 0.754818 0.305457 0.169772 -0.184686 0.160844 0.109965 0.340864
10.3684 7.00987 5.32472 -0.468852 0.429582 0.155378 0.755973 0.285379 -0.0590513 -0.00194525 -0.0308827 0.0367498 0.340864
10.4234 6.99447 5.25056 -0.472585 0.422721 0.157493 0.757077 0.265302 -0.0590513 -0.00194525 -0.0308827 0.0367498 0.340864
10.4753 6.98079 5.18237 -0.476288 0.415832 0.159596 0.758131 0.245224 -0.0590513 -0.00194525 -0.0308827 0.0367498 0.340864
10.5239 6.96874 5.12005 -0.479958 0.408915 0.161689 0.759134 0.225147 -0.0590513 -0.00194525 -0.0308827 0.0367498 0.340864
10.5692 6.95824 5.06353 -0.483597 0.401971 0.163771 0.760087 0.205069 -0.0590513 -0.00194525 -0.0308827 0.0367498 0.340864
10.6108 6.94921 5.01272 -0.487203 0.395 0.165843 0.760989 0.184992 -0.0590513 -0.00194525 -0.0308827 0.0367498 0.340864
10.6487 6.94155 4.96754 -0.490777 0.388003 0.167903 0.76184 0.164915 -0.0590513 -0.00194525 -0.0308827 0.0367498 0.340864
10.6828 6.93516 4.92791 -0.494318 0.38098 0.169952 0.76264 0.144837 -0.0590513 -0.00194525 -0.0308827 0.0367498 0.340864
10.7129 6.92995 4.89373 -0.497826 0.373931 0.17199 0.76339 0.12476 -0.0590513 -0.00194525 -0.0308827 0.0367498 0.340864
10.7389 6.92582 4.86492 -0.501301 0.366858 0.174016 0.764088 0.104682 -0.0590513 -0.00194525 -0.0308827 0.0367498 0.340864
10.7598 6.92233 4.84076 -0.487934 0.393065 0.176656 0.759087 0.0843682 -0.0597473 0.0242067 0.150072 -0.0891536 0.340864
10.7751 6.91927 4.82096 -0.474129 0.418918 0.179137 0.753405 0.0640541 -0.0597473 0.0242067 0.150072 -0.0891536 0.340864
10.7854 6.91685 4.80603 -0.459899 0.444397 0.181458 0.747046 0.0437401 -0.0597473 0.0242067 0.150072 -0.0891536 0.340864
10.7959 6.91412 4.78956 -0.449721 0.454444 0.180423 0.747449 0.0720126 0.0831545 0.0323877 0.0511661 -0.0587639 0.340864
10.8109 6.91004 4.76475 -0.43945 0.464397 0.179352 0.747697 0.100285 0.0831545 0.0323877 0.0511661 -0.0587639 0.340864
10.8301 6.90458 4.73139 -0.429089 0.474255 0.178243 0.747792 0.128558 0.0831545 0.0323877 0.0511661 -0.0587639 0.340864
10.8533 6.89777 4.68931 -0.41864 0.484016 0.177098 0.747733 0.15683 0.0831545 0.0323877 0.0511661 -0.0587639 0.340864
10.88 6.88962 4.63833 -0.408105 0.493677 0.175917 0.747521 0.185103 0.0831545 0.0323877 0.0511661 -0.0587639 0.340864
10.9099 6.88017 4.57828 -0.397485 0.503236 0.174699 0.747154 0.213375 0.0831545 0.0323877 0.0511661 -0.0587639 0.340864
10.9426 6.86947 4.50902 -0.386784 0.512692 0.173445 0.746634 0.241648 0.0831545 0.0323877 0.0511661 -0.0587639 0.340864
10.9778 6.85758 4.43039 -0.376004 0.522042 0.172156 0.74596 0.26992 0.0831545 0.0323877 0.0511661 -0.0587639 0.340864
11.0151 6.84458 4.34226 -0.365146 0.531285 0.170831 0.745132 0.298193 0.0831545 0.0323877 0.0511661 -0.0587639 0.340864
11.0542 6.83056 4.24451 -0.354212 0.540419 0.169471 0.744151 0.326465 0.0831545 0.0323877 0.0511661 -0.0587639 0.340864
11.0917 6.81898 4.14865 -0.316097 0.53846 0.162473 0.764033 0.282989 -0.127872 0.188039 -0.0483766 -0.167591 0.340864
11.1248 6.81243 4.06649 -0.27738 0.535477 0.155167 0.782463 0.239512 -0.127872 0.188039 -0.0483766 -0.167591 0.340864
11.1533 6.80975 3.9982 -0.238136 0.531477 0.147565 0.799405 0.196036 -0.127872 0.188039 -0.0483766 -0.167591 0.340864
11.1846 6.80747 3.93119 -0.26898 0.504053 0.141119 0.808496 0.239286 0.127205 -0.128692 -0.193245 0.0966676 0.340864
11.2274 6.80261 3.85367 -0.299332 0.475707 0.134414 0.81611 0.282536 0.127205 -0.128692 -0.193245 0.0966676 0.340864
11.2833 6.79482 3.76706 -0.329137 0.446492 0.127464 0.822233 0.325785 0.127205 -0.128692 -0.193245 0.0966676 0.340864
11.3539 6.7839 3.67299 -0.358341 0.416461 0.120281 0.826852 0.369035 0.127205 -0.128692 -0.193245 0.0966676 0.340864
11.4404 6.76986 3.57322 -0.38689 0.385669 0.112878 0.829961 0.412285 0.127205 -0.128692 -0.193245 0.0966676 0.340864
11.5267 6.75185 3.47481 -0.386878 0.41991 0.099766 0.814891 0.36524 -0.138367 -0.0867414 0.171566 -0.131994 0.340864
11.5966 6.73014 3.38461 -0.386258 0.45349 0.0864975 0.798542 0.318196 -0.138367 -0.0867414 0.171566 -0.131994 0.340864
11.6659 6.7071 3.28527 -0.359616 0.461972 0.105085 0.803875 0.407166 0.261677 0.182566 0.0814155 -0.00574465 0.340864
11.7487 6.686 3.1577 -0.332559 0.469919 0.123551 0.80828 0.496136 0.261677 0.182566 0.0814155 -0.00574465 0.340864
11.8305 6.66693 3.02516 -0.320991 0.480572 0.109957 0.808656 0.426737 -0.204115 0.0104247 0.0314258 -0.117729 0.340864
11.898 6.64839 2.91177 -0.309283 0.491017 0.0963167 0.808684 0.357338 -0.204115 0.0104247 0.0314258 -0.117729 0.340864
11.952 6.63127 2.81781 -0.297442 0.50125 0.0826344 0.808362 0.287939 -0.204115 0.0104247 0.0314258 -0.117729 0.340864
11.993 6.61644 2.74357 -0.285473 0.511266 0.0689164 0.80769 0.21854 -0.204115 0.0104247 0.0314258 -0.117729 0.340864
12.0217 6.6047 2.68932 -0.27338 0.521061 0.0551686 0.806669 0.149141 -0.204115 0.0104247 0.0314258 -0.117729 0.340864
12.039 6.59682 2.65534 -0.261169 0.530631 0.0413969 0.8053 0.0797423 -0.204115 0.0104247 0.0314258 -0.117729 0.340864
12.0455 6.59352 2.64189 -0.248845 0.539971 0.0276074 0.803583 0.0103434 -0.204115 0.0104247 0.0314258 -0.117729 0.340864
12.0504 6.59091 2.63206 -0.232403 0.5273 0.00653466 0.817252 0.0560381 0.134396 0.0328598 -0.13151 -0.135531 0.340864
12.0627 6.58446 2.60912 -0.215714 0.51407 -0.014545 0.830053 0.101733 0.134396 0.0328598 -0.13151 -0.135531 0.340864
12.0832 6.57376 2.57366 -0.198797 0.500293 -0.0356092 0.841973 0.147428 0.134396 0.0328598 -0.13151 -0.135531 0.340864
12.1127 6.55834 2.5263 -0.181668 0.485986 -0.0566356 0.852999 0.193122 0.134396 0.0328598 -0.13151 -0.135531 0.340864
12.1519 6.5377 2.46771 -0.164346 0.471162 -0.0776018 0.863119 0.238817 0.134396 0.0328598 -0.13151 -0.135531 0.340864
12.2013 6.51124 2.3986 -0.146849 0.455838 -0.0984856 0.872323 0.284512 0.134396 0.0328598 -0.13151 -0.135531 0.340864
12.2614 6.47834 2.3197 -0.129197 0.44003 -0.119265 0.880601 0.330206 0.134396 0.0328598 -0.13151 -0.135531 0.340864
12.3326 6.43831 2.23176 -0.111408 0.423755 -0.139918 0.887943 0.375901 0.134396 0.0328598 -0.13151 -0.135531 0.340864
12.4036 6.39573 2.14837 -0.144206 0.417527 -0.148074 0.884845 0.315565 -0.177459 -0.198836 -0.00315578 0.0406906 0.340864
12.4629 6.35683 2.0821 -0.176832 0.410803 -0.156054 0.880692 0.255229 -0.177459 -0.198836 -0.00315578 0.0406906 0.340864
12.5101 6.32337 2.03205 -0.209247 0.403589 -0.163848 0.875492 0.194893 -0.177459 -0.198836 -0.00315578 0.0406906 0.340864
12.545 6.29695 1.99715 -0.241413 0.395894 -0.171448 0.869248 0.134557 -0.177459 -0.198836 -0.00315578 0.0406906 0.340864
12.5674 6.27908 1.97622 -0.273292 0.387729 -0.178843 0.86197 0.0742211 -0.177459 -0.198836 -0.00315578 0.0406906 0.340864
12.5861 6.26398 1.96029 -0.273911 0.366938 -0.187278 0.869055 0.0954352 0.0623944 -0.0328627 -0.134497 -0.000486396 0.340864
12.6104 6.24489 1.94167 -0.274378 0.345944 -0.19561 0.875657 0.116649 0.0623944 -0.0328627 -0.134497 -0.000486396 0.340864
12.6405 6.22173 1.92094 -0.274693 0.324759 -0.203834 0.881775 0.137863 0.0623944 -0.0328627 -0.134497 -0.000486396 0.340864
12.6767 6.19444 1.89868 -0.274855 0.303393 -0.211945 0.887404 0.159078 0.0623944 -0.0328627 -0.134497 -0.000486396 0.340864
12.7153 6.16537 1.87498 -0.243191 0.315347 -0.214587 0.891833 0.157773 -0.00383584 0.182672 0.0107493 -0.0841249 0.340864
12.7527 6.13697 1.84955 -0.211242 0.326932 -0.216978 0.895217 0.156469 -0.00383584 0.182672 0.0107493 -0.0841249 0.340864
12.7889 6.10938 1.82247 -0.179045 0.338133 -0.219114 0.897551 0.155165 -0.00383584 0.182672 0.0107493 -0.0841249 0.340864
12.824 6.08274 1.79381 -0.146638 0.348938 -0.220994 0.898833 0.153861 -0.00383584 0.182672 0.0107493 -0.0841249 0.340864
12.8538 6.05882 1.76689 -0.126805 0.366512 -0.242401 0.889287 0.121085 -0.0963983 0.075552 0.0682813 -0.181501 0.340864
12.8748 6.0398 1.74541 -0.106813 0.383628 -0.263505 0.878627 0.08831 -0.0963983 0.075552 0.0682813 -0.181501 0.340864
12.8882 6.02627 1.73 -0.086687 0.400263 -0.284278 0.866868 0.0555345 -0.0963983 0.075552 0.0682813 -0.181501 0.340864
12.9022 6.01052 1.71203 -0.0973601 0.412035 -0.28734 0.859176 0.107349 0.152396 -0.0458725 0.0944293 -0.00934687 0.340864
12.924 5.98423 1.68233 -0.108002 0.423675 -0.290309 0.851209 0.159164 0.152396 -0.0458725 0.0944293 -0.00934687 0.340864
12.953 5.94699 1.6407 -0.118609 0.435178 -0.293185 0.842968 0.210979 0.152396 -0.0458725 0.0944293 -0.00934687 0.340864
12.9882 5.89837 1.58701 -0.129178 0.446542 -0.295967 0.834456 0.262793 0.152396 -0.0458725 0.0944293 -0.00934687 0.340864
13.0297 5.84011 1.52364 -0.161002 0.448351 -0.279034 0.833786 0.299372 0.107584 -0.109115 0.0789286 0.164201 0.340864
13.0784 5.7743 1.45317 -0.192616 0.449576 -0.261738 0.83203 0.335951 0.107584 -0.109115 0.0789286 0.164201 0.340864
13.1291 5.70788 1.38163 -0.168071 0.443485 -0.268188 0.838539 0.311072 -0.0731737 0.101085 -0.0921362 -0.0795646 0.340864
13.1763 5.64758 1.31497 -0.143404 0.437073 -0.274444 0.844442 0.286193 -0.0731737 0.101085 -0.0921362 -0.0795646 0.340864
13.22 5.59323 1.25334 -0.118633 0.430345 -0.280501 0.849734 0.261313 -0.0731737 0.101085 -0.0921362 -0.0795646 0.340864
13.2602 5.54467 1.19688 -0.0937768 0.423306 -0.286355 0.854412 0.236434 -0.0731737 0.101085 -0.0921362 -0.0795646 0.340864
13.2968 5.50174 1.14572 -0.0688525 0.41596 -0.292002 0.85847 0.211555 -0.0731737 0.101085 -0.0921362 -0.0795646 0.340864
13.3297 5.46425 1.09996 -0.0438784 0.408313 -0.297438 0.861908 0.186676 -0.0731737 0.101085 -0.0921362 -0.0795646 0.340864
13.3589 5.43204 1.05971 -0.0188725 0.400371 -0.302658 0.864722 0.161797 -0.0731737 0.101085 -0.0921362 -0.0795646 0.340864
13.3843 5.40494 1.02506 0.00614705 0.392139 -0.30766 0.866911 0.136918 -0.0731737 0.101085 -0.0921362 -0.0795646 0.340864
13.4057 5.38277 0.996081 0.0311621 0.383623 -0.312439 0.868472 0.112039 -0.0731737 0.101085 -0.0921362 -0.0795646 0.340864
13.4231 5.36536 0.972831 0.0561547 0.37483 -0.316992 0.869405 0.0871601 -0.0731737 0.101085 -0.0921362 -0.0795646 0.340864
13.4553 5.33513 0.930513 0.0556835 0.378368 -0.300811 0.873642 0.272748 0.545847 0.0384684 0.00428767 0.092866 0.340864
13.5225 5.2768 0.843712 0.055196 0.381796 -0.284541 0.877623 0.458336 0.545847 0.0384684 0.00428767 0.092866 0.340864
13.5965 5.21402 0.753165 0.0421903 0.358852 -0.294119 0.884838 0.322513 -0.39948 -0.129417 -0.109791 -0.0156126 0.340864
13.6533 5.16182 0.685164 0.0521002 0.359827 -0.321923 0.874171 0.282416 -0.117931 -0.00277445 0.0173528 -0.183876 0.340864
13.6993 5.11351 0.625941 0.0619588 0.360448 -0.349408 0.862642 0.242319 -0.117931 -0.00277445 0.0173528 -0.183876 0.340864
13.7353 5.0702 0.575588 0.0717562 0.360714 -0.37655 0.850263 0.202223 -0.117931 -0.00277445 0.0173528 -0.183876 0.340864
13.7623 5.0329 0.534185 0.0814829 0.360624 -0.40332 0.837045 0.162126 -0.117931 -0.00277445 0.0173528 -0.183876 0.340864
13.7814 5.00254 0.501806 0.0911292 0.360178 -0.429692 0.823002 0.122029 -0.117931 -0.00277445 0.0173528 -0.183876 0.340864
13.7986 4.97112 0.471543 0.0955542 0.324578 -0.461529 0.820067 0.153948 0.093877 -0.134491 -0.160307 -0.190079 0.340864
13.8192 4.92946 0.437248 0.0997586 0.288229 -0.4923 0.815238 0.185866 0.093877 -0.134491 -0.160307 -0.190079 0.340864
13.8425 4.87666 0.400143 0.103733 0.251214 -0.521934 0.808527 0.217784 0.093877 -0.134491 -0.160307 -0.190079 0.340864
13.8676 4.81197 0.361463 0.107467 0.213619 -0.550364 0.799949 0.249702 0.093877 -0.134491 -0.160307 -0.190079 0.340864
13.8936 4.73478 0.322429 0.110953 0.175531 -0.577522 0.789523 0.28162 0.093877 -0.134491 -0.160307 -0.190079 0.340864
13.9191 4.64468 0.28423 0.114183 0.137037 -0.603346 0.777275 0.313539 0.093877 -0.134491 -0.160307 -0.190079 0.340864
13.9431 4.54143 0.247999 0.11715 0.0982276 -0.627778 0.763231 0.345457 0.093877 -0.134491 -0.160307 -0.190079 0.340864
13.9639 4.42499 0.214792 0.119846 0.0591908 -0.65076 0.747426 0.377375 0.093877 -0.134491 -0.160307 -0.190079 0.340864
13.98 4.29553 0.185568 0.122265 0.0200174 -0.672239 0.729894 0.409293 0.093877 -0.134491 -0.160307 -0.190079 0.340864
13.9908 4.18681 0.164958 0.0948694 0.0329448 -0.670538 0.735047 0.244691 -0.484123 -0.0700198 0.16203 0.0402095 0.340864
13.9984 4.10621 0.152077 0.0966608 0.00538877 -0.675302 0.73116 0.237559 -0.0209787 -0.0997123 -0.122817 -0.0516617 0.340864
14.0049 4.0275 0.142529 0.0983748 -0.0221716 -0.679526 0.726688 0.230426 -0.0209787 -0.0997123 -0.122817 -0.0516617 0.340864
14.0102 3.95083 0.136108 0.10001 -0.0497141 -0.683206 0.721635 0.223293 -0.0209787 -0.0997123 -0.122817 -0.0516617 0.340864
14.0143 3.87632 0.132602 0.101565 -0.0772169 -0.686339 0.716004 0.21616 -0.0209787 -0.0997123 -0.122817 -0.0516617 0.340864
14.017 3.8041 0.131795 0.103039 -0.104658 -0.688922 0.7098 0.209028 -0.0209787 -0.0997123 -0.122817 -0.0516617 0.340864
14.0184 3.73428 0.133466 0.104431 -0.132015 -0.690955 0.703027 0.201895 -0.0209787 -0.0997123 -0.122817 -0.0516617 0.340864
14.0184 3.66696 0.137392 0.105739 -0.159267 -0.692434 0.695693 0.194762 -0.0209787 -0.0997123 -0.122817 -0.0516617 0.340864
14.0171 3.60225 0.143346 0.106962 -0.186391 -0.693359 0.687801 0.18763 -0.0209787 -0.0997123 -0.122817 -0.0516617 0.340864
14.0144 3.54021 0.151106 0.1081 -0.213366 -0.69373 0.679359 0.180497 -0.0209787 -0.0997123 -0.122817 -0.0516617 0.340864
14.0105 3.48092 0.160445 0.109151 -0.24017 -0.693545 0.670373 0.173364 -0.0209787 -0.0997123 -0.122817 -0.0516617 0.340864
14.0061 3.42607 0.169714 0.110893 -0.236381 -0.696586 0.668277 0.154863 -0.0544136 0.0279676 0.00682671 -0.0156507 0.340864
14.0019 3.37736 0.177485 0.112631 -0.232585 -0.699606 0.666161 0.136363 -0.0544136 0.0279676 0.00682671 -0.0156507 0.340864
13.998 3.33479 0.183873 0.114366 -0.228782 -0.702604 0.664023 0.117862 -0.0544136 0.0279676 0.00682671 -0.0156507 0.340864
13.9945 3.29839 0.188995 0.116097 -0.224971 -0.70558 0.661865 0.0993616 -0.0544136 0.0279676 0.00682671 -0.0156507 0.340864
13.9918 3.26414 0.19398 0.136423 -0.252656 -0.682394 0.67223 0.10486 0.0161728 -0.0735537 -0.194327 0.141325 0.340864
13.9903 3.22808 0.199995 0.1565 -0.27988 -0.657962 0.681367 0.110359 0.0161728 -0.0735537 -0.194327 0.141325 0.340864
13.9893 3.1792 0.208407 0.154567 -0.269944 -0.660708 0.683158 0.181452 0.209097 0.0335827 0.0527829 0.0018877 0.340864
13.9881 3.10637 0.220124 0.152616 -0.259977 -0.663379 0.684871 0.252545 0.209097 0.0335827 0.0527829 0.0018877 0.340864
13.9868 3.0095 0.234608 0.150649 -0.249981 -0.665976 0.686506 0.323638 0.209097 0.0335827 0.0527829 0.0018877 0.340864
13.9874 2.90732 0.249345 0.169077 -0.260415 -0.647957 0.695521 0.283703 -0.117454 -0.000941434 -0.117055 0.12595 0.340864
13.9912 2.81867 0.262258 0.18736 -0.270626 -0.629384 0.703941 0.243769 -0.117454 -0.000941434 -0.117055 0.12595 0.340864
13.9972 2.74365 0.273423 0.205484 -0.280606 -0.610274 0.71176 0.203835 -0.117454 -0.000941434 -0.117055 0.12595 0.340864
14.0036 2.67877 0.282064 0.220765 -0.272031 -0.614268 0.707062 0.183025 -0.0612046 0.10704 -0.0218856 0.00199869 0.340864
14.0093 2.62064 0.287708 0.23597 -0.263363 -0.61805 0.70212 0.162216 -0.0612046 0.10704 -0.0218856 0.00199869 0.340864
14.0143 2.56936 0.290848 0.251094 -0.254603 -0.621619 0.696935 0.141406 -0.0612046 0.10704 -0.0218856 0.00199869 0.340864
14.0187 2.52505 0.291982 0.266131 -0.245756 -0.624974 0.69151 0.120596 -0.0612046 0.10704 -0.0218856 0.00199869 0.340864
14.0224 2.48777 0.291609 0.281076 -0.236824 -0.628113 0.685846 0.0997869 -0.0612046 0.10704 -0.0218856 0.00199869 0.340864
14.0275 2.44052 0.290341 0.274312 -0.228309 -0.624513 0.694703 0.179911 0.235659 -0.0154876 0.0657296 0.0519026 0.340864
14.0368 2.36634 0.28854 0.267491 -0.219747 -0.620782 0.703413 0.260035 0.235659 -0.0154876 0.0657296 0.0519026 0.340864
14.0513 2.26536 0.286311 0.260613 -0.211139 -0.616921 0.711976 0.34016 0.235659 -0.0154876 0.0657296 0.0519026 0.340864
14.0718 2.13774 0.283724 0.253681 -0.202486 -0.61293 0.72039 0.420284 0.235659 -0.0154876 0.0657296 0.0519026 0.340864
14.0918 2.00065 0.280821 0.249982 -0.206931 -0.629668 0.705838 0.394905 -0.0746443 0.00995163 0.00214584 -0.134447 0.340864
14.1046 1.87139 0.277651 0.246152 -0.211267 -0.646075 0.690915 0.369526 -0.0746443 0.00995163 0.00214584 -0.134447 0.340864
14.1111 1.75029 0.274275 0.242192 -0.215492 -0.662143 0.675628 0.344147 -0.0746443 0.00995163 0.00214584 -0.134447 0.340864
14.112 1.63767 0.270757 0.238105 -0.219604 -0.677862 0.659987 0.318767 -0.0746443 0.00995163 0.00214584 -0.134447 0.340864
14.108 1.53375 0.267157 0.233892 -0.2236 -0.693226 0.643999 0.293388 -0.0746443 0.00995163 0.00214584 -0.134447 0.340864
14.0987 1.4319 0.263601 0.239209 -0.246081 -0.706751 0.618648 0.308677 0.0449666 -0.0188648 -0.121606 -0.178591 0.340864
14.0826 1.32564 0.260013 0.244201 -0.268227 -0.719316 0.592456 0.323966 0.0449666 -0.0188648 -0.121606 -0.178591 0.340864
14.0592 1.21544 0.256128 0.248861 -0.290009 -0.730903 0.565459 0.339254 0.0449666 -0.0188648 -0.121606 -0.178591 0.340864
14.0443 1.15632 0.253727 0.237788 -0.273721 -0.743297 0.562178 0.0195463 -0.940318 0.0591466 0.114342 -0.050382 0.340864
14.0419 1.14578 0.253113 0.253027 -0.264455 -0.73073 0.576259 0.0442739 0.0727284 0.0509816 -0.0308992 0.140641 0.340864
14.0383 1.1269 0.251665 0.268096 -0.255011 -0.71767 0.589952 0.0690016 0.0727284 0.0509816 -0.0308992 0.140641 0.340864
14.0346 1.09962 0.249073 0.282983 -0.245396 -0.704126 0.603247 0.0937292 0.0727284 0.0509816 -0.0308992 0.140641 0.340864
14.0315 1.06391 0.245038 0.29768 -0.235614 -0.690108 0.616136 0.118457 0.0727284 0.0509816 -0.0308992 0.140641 0.340864
14.0301 1.0217 0.23947 0.293836 -0.201098 -0.679154 0.641848 0.13219 0.0403923 0.0660025 0.157212 0.199257 0.340864
14.0313 0.974998 0.232251 0.289408 -0.166182 -0.666851 0.666285 0.145924 0.0403923 0.0660025 0.157212 0.199257 0.340864
14.0357 0.924074 0.223017 0.284405 -0.130935 -0.653223 0.689398 0.159657 0.0403923 0.0660025 0.157212 0.199257 0.340864
14.0437 0.869247 0.211376 0.278837 -0.0954289 -0.638296 0.711141 0.17339 0.0403923 0.0660025 0.157212 0.199257 0.340864
14.0555 0.810895 0.196907 0.272715 -0.0597328 -0.622101 0.731471 0.187124 0.0403923 0.0660025 0.157212 0.199257 0.340864
14.0716 0.749448 0.17917 0.26605 -0.0239179 -0.60467 0.750347 0.200857 0.0403923 0.0660025 0.157212 0.199257 0.340864
14.0921 0.685385 0.157711 0.258857 0.0119446 -0.586037 0.767731 0.21459 0.0403923 0.0660025 0.157212 0.199257 0.340864
14.1173 0.619225 0.132066 0.25115 0.0477833 -0.566239 0.78359 0.228324 0.0403923 0.0660025 0.157212 0.199257 0.340864
14.1471 0.551524 0.10177 0.242943 0.083527 -0.545316 0.797892 0.242057 0.0403923 0.0660025 0.157212 0.199257 0.340864
14.1744 0.491252 0.0712279 0.271544 0.0883722 -0.561262 0.776813 0.186494 -0.163421 0.172116 -0.0358692 -0.149627 0.340864
14.1926 0.447023 0.0462559 0.299728 0.0930812 -0.576344 0.754537 0.130931 -0.163421 0.172116 -0.0358692 -0.149627 0.340864
14.2052 0.413765 0.0248087 0.300686 0.13273 -0.581255 0.744388 0.113513 -0.0512275 0.153926 0.186999 0.013177 0.340864
14.2149 0.386308 0.00430176 0.301134 0.172154 -0.585178 0.732972 0.0960961 -0.0512275 0.153926 0.186999 0.013177 0.340864
14.222 0.364385 -0.0144494 0.301069 0.211284 -0.588106 0.720311 0.0786788 -0.0512275 0.153926 0.186999 0.013177 0.340864
14.2268 0.347669 -0.0306871 0.300493 0.250056 -0.590034 0.706425 0.0612614 -0.0512275 0.153926 0.186999 0.013177 0.340864
14.2296 0.335785 -0.0437205 0.299406 0.288402 -0.590959 0.691338 0.0438441 -0.0512275 0.153926 0.186999 0.013177 0.340864
14.231 0.328309 -0.0529347 0.29781 0.326259 -0.590879 0.675076 0.0264267 -0.0512275 0.153926 0.186999 0.013177 0.340864
14.2316 0.322619 -0.0602708 0.284439 0.329566 -0.603695 0.667857 0.0283293 0.00559571 -0.0535537 0.0959205 -0.0445344 0.340864
14.232 0.316383 -0.068022 0.270953 0.33274 -0.616267 0.660367 0.0302318 0.00559571 -0.0535537 0.0959205 -0.0445344 0.340864
14.232 0.309589 -0.076161 0.257357 0.335778 -0.628588 0.652608 0.0321344 0.00559571 -0.0535537 0.0959205 -0.0445344 0.340864
14.2316 0.302228 -0.0846581 0.243656 0.338681 -0.640654 0.644585 0.0340369 0.00559571 -0.0535537 0.0959205 -0.0445344 0.340864
14.2308 0.294291 -0.0934812 0.229856 0.341445 -0.65246 0.6363 0.0359394 0.00559571 -0.0535537 0.0959205 -0.0445344 0.340864
14.2296 0.28577 -0.102596 0.215963 0.344071 -0.664 0.627757 0.037842 0.00559571 -0.0535537 0.0959205 -0.0445344 0.340864
14.2278 0.276661 -0.111965 0.201983 0.346558 -0.675271 0.618958 0.0397445 0.00559571 -0.0535537 0.0959205 -0.0445344 0.340864
14.2254 0.266961 -0.121549 0.18792 0.348903 -0.686268 0.609908 0.0416471 0.00559571 -0.0535537 0.0959205 -0.0445344 0.340864
14.2225 0.256668 -0.131308 0.173781 0.351107 -0.696987 0.600611 0.0435496 0.00559571 -0.0535537 0.0959205 -0.0445344 0.340864
14.219 0.245782 -0.141198 0.159571 0.353168 -0.707422 0.59107 0.0454522 0.00559571 -0.0535537 0.0959205 -0.0445344 0.340864
14.2158 0.236322 -0.15 0.180778 0.361363 -0.695582 0.594056 0.0328582 -0.037041 0.129638 -0.0770814 0.017231 0.340864
14.2138 0.23016 -0.156299 0.201863 0.369316 -0.683279 0.596647 0.0202643 -0.037041 0.129638 -0.0770814 0.017231 0.340864
14.2129 0.227059 -0.159771 0.222815 0.377024 -0.67052 0.59884 0.00767039 -0.037041 0.129638 -0.0770814 0.017231 0.340864
