0 0 0 0 0 0 1 4.64063e-310 0 0 0 0 0
0.00793087 -0.000232097 -0.000208492 0.0135812 0.0194787 -0.0221335 0.999473 0.0466928 0.137332 0.0799036 0.114601 -0.13022 0.340864
0.0316408 -0.00183763 -0.00168492 0.0271481 0.0389368 -0.0442438 0.997892 0.0933856 0.137332 0.0799036 0.114601 -0.13022 0.340864
0.070882 -0.00613222 -0.00573904 0.0406864 0.0583539 -0.0663074 0.99526 0.140078 0.137332 0.0799036 0.114601 -0.13022 0.340864
0.125244 -0.0143583 -0.0137163 0.0541818 0.0777095 -0.088301 0.991579 0.186771 0.137332 0.0799036 0.114601 -0.13022 0.340864
0.194155 -0.0276742 -0.0269865 0.0676201 0.0969832 -0.110202 0.986852 0.233464 0.137332 0.0799036 0.114601 -0.13022 0.340864
0.276889 -0.0471443 -0.0469327 0.0809871 0.116155 -0.131986 0.981086 0.280157 0.137332 0.0799036 0.114601 -0.13022 0.340864
0.397019 -0.0781369 -0.0828603 0.0887857 0.142413 -0.135602 0.976447 0.479706 0.58691 0.0651411 0.150396 -0.0172899 0.340864
0.539061 -0.115515 -0.128639 0.107744 0.134543 -0.141341 0.974839 0.425278 -0.160082 0.0986553 -0.055983 -0.0542417 0.340864
0.664156 -0.149371 -0.167653 0.126653 0.126613 -0.147015 0.972787 0.37085 -0.160082 0.0986553 -0.055983 -0.0542417 0.340864
0.730727 -0.168511 -0.188316 0.130136 0.127499 -0.162857 0.969684 0.0543613 -0.93085 0.0112077 0.0161764 -0.0952714 0.340864
0.747481 -0.174223 -0.194051 0.108689 0.147712 -0.188234 0.96485 0.0551162 0.00222029 -0.118334 0.158931 -0.117855 0.340864
0.763885 -0.18093 -0.200516 0.0870746 0.167697 -0.213323 0.958535 0.0558711 0.00222029 -0.118334 0.158931 -0.117855 0.340864
0.77985 -0.188658 -0.207658 0.0653268 0.187426 -0.238083 0.950747 0.056626 0.00222029 -0.118334 0.158931 -0.117855 0.340864
0.795292 -0.197425 -0.215416 0.0434788 0.206866 -0.262478 0.9415 0.0573809 0.00222029 -0.118334 0.158931 -0.117855 0.340864
0.810126 -0.207244 -0.223724 0.0215639 0.225988 -0.28647 0.930806 0.0581357 0.00222029 -0.118334 0.158931 -0.117855 0.340864
0.817736 -0.212648 -0.228097 -0.0161952 0.222965 -0.277004 0.934502 0.0024946 -0.16365 -0.199775 0.0409695 0.107896 0.340864
0.828681 -0.221027 -0.2345 -0.0406315 0.244835 -0.295359 0.922588 0.0869203 0.248311 -0.123933 0.173961 -0.0903705 0.340864
0.858605 -0.246789 -0.253682 -0.0650046 0.266324 -0.313255 0.90924 0.171346 0.248311 -0.123933 0.173961 -0.0903705 0.340864
0.881138 -0.268781 -0.269366 -0.0964164 0.287812 -0.337561 0.891022 0.035615 -0.399209 -0.173521 0.19213 -0.122619 0.340864
0.895866 -0.286337 -0.280734 -0.118365 0.301798 -0.363352 0.873432 0.114886 0.23315 -0.140948 0.132074 -0.140921 0.340864
0.91287 -0.308118 -0.294819 -0.137166 0.326165 -0.350725 0.86706 0.067565 -0.139179 -0.0265394 0.185519 0.0676772 0.340864
0.920862 -0.318483 -0.301995 -0.155809 0.350158 -0.337697 0.859694 0.020244 -0.139179 -0.0265394 0.185519 0.0676772 0.340864
0.924279 -0.323055 -0.305265 -0.164472 0.356927 -0.341524 0.853764 0.0184484 -0.00528138 -0.0436819 0.0601442 -0.0194961 0.340864
0.92729 -0.327267 -0.308231 -0.173106 0.363635 -0.345294 0.847689 0.0166527 -0.00528138 -0.0436819 0.0601442 -0.0194961 0.340864
0.929914 -0.331105 -0.310891 -0.181712 0.37028 -0.349004 0.841469 0.014857 -0.00528138 -0.0436819 0.0601442 -0.0194961 0.340864
0.932167 -0.334556 -0.313245 -0.190286 0.376863 -0.352655 0.835105 0.0130614 -0.00528138 -0.0436819 0.0601442 -0.0194961 0.340864
0.949497 -0.362428 -0.332629 -0.196236 0.393909 -0.347851 0.827845 0.211162 0.582649 0.00865534 0.117564 0.00264493 0.340864
0.99656 -0.438871 -0.391588 -0.190677 0.424119 -0.324346 0.823751 0.420724 0.616358 0.138656 0.172399 0.0583469 0.340864
1.03239 -0.500348 -0.442042 -0.204407 0.446095 -0.332362 0.805452 0.0924447 -0.965527 -0.0651345 0.169372 -0.0641604 0.340864
1.05888 -0.551829 -0.48442 -0.217623 0.463117 -0.324132 0.795677 0.329613 0.697555 -0.0194967 0.14205 0.0340995 0.340864
1.09407 -0.624529 -0.546573 -0.219406 0.486001 -0.315706 0.784852 0.269932 -0.175533 0.0443867 0.150803 -0.00564118 0.340864
1.11954 -0.682042 -0.598592 -0.221033 0.508539 -0.307055 0.773466 0.210251 -0.175533 0.0443867 0.150803 -0.00564118 0.340864
1.13657 -0.724695 -0.639245 -0.222502 0.530712 -0.298184 0.761527 0.15057 -0.175533 0.0443867 0.150803 -0.00564118 0.340864
1.14651 -0.752846 -0.667411 -0.223811 0.552506 -0.2891 0.749044 0.0908887 -0.175533 0.0443867 0.150803 -0.00564118 0.340864
1.1508 -0.76688 -0.682088 -0.224961 0.573905 -0.27981 0.736025 0.0312075 -0.175533 0.0443867 0.150803 -0.00564118 0.340864
1.15367 -0.778559 -0.693892 -0.252709 0.579487 -0.290793 0.718173 0.0679336 0.108018 -0.171688 0.115599 0.00935445 0.340864
1.15797 -0.800017 -0.713431 -0.280144 0.584351 -0.301415 0.69943 0.10466 0.108018 -0.171688 0.115599 0.00935445 0.340864
1.16313 -0.832153 -0.739692 -0.307231 0.58849 -0.311664 0.679819 0.141386 0.108018 -0.171688 0.115599 0.00935445 0.340864
1.16869 -0.875778 -0.771555 -0.333938 0.591899 -0.321526 0.659365 0.178112 0.108018 -0.171688 0.115599 0.00935445 0.340864
1.17422 -0.931608 -0.8078 -0.36023 0.594573 -0.330989 0.638093 0.214838 0.108018 -0.171688 0.115599 0.00935445 0.340864
1.17938 -1.00025 -0.84712 -0.386075 0.59651 -0.340042 0.61603 0.251564 0.108018 -0.171688 0.115599 0.00935445 0.340864
1.18391 -1.08221 -0.888134 -0.411441 0.597708 -0.348673 0.593202 0.28829 0.108018 -0.171688 0.115599 0.00935445 0.340864
1.18763 -1.17787 -0.929398 -0.436297 0.598163 -0.356871 0.569639 0.325016 0.108018 -0.171688 0.115599 0.00935445 0.340864
1.19045 -1.2875 -0.969419 -0.460612 0.597877 -0.364627 0.545369 0.361743 0.108018 -0.171688 0.115599 0.00935445 0.340864
1.19637 -1.39481 -1.00599 -0.459215 0.571191 -0.360853 0.576756 0.306194 -0.163377 0.0455686 -0.188819 0.146862 0.340864
1.20773 -1.48339 -1.03733 -0.457032 0.543526 -0.356461 0.607154 0.250646 -0.163377 0.0455686 -0.188819 0.146862 0.340864
1.22193 -1.55332 -1.06276 -0.454066 0.51493 -0.351458 0.636512 0.195098 -0.163377 0.0455686 -0.188819 0.146862 0.340864
1.2364 -1.60491 -1.08185 -0.450322 0.485452 -0.345853 0.66478 0.13955 -0.163377 0.0455686 -0.188819 0.146862 0.340864
1.25149 -1.65102 -1.09937 -0.456665 0.49051 -0.334059 0.662768 0.163844 0.0714552 0.0138368 0.0696725 0.0467461 0.340864
1.26936 -1.70412 -1.12036 -0.462912 0.495465 -0.322195 0.660618 0.188139 0.0714552 0.0138368 0.0696725 0.0467461 0.340864
1.29008 -1.76412 -1.14502 -0.469063 0.500317 -0.310264 0.65833 0.212434 0.0714552 0.0138368 0.0696725 0.0467461 0.340864
1.3137 -1.8309 -1.17354 -0.475117 0.505065 -0.298267 0.655904 0.236729 0.0714552 0.0138368 0.0696725 0.0467461 0.340864
1.3403 -1.90433 -1.20612 -0.48107 0.509706 -0.286209 0.653342 0.261023 0.0714552 0.0138368 0.0696725 0.0467461 0.340864
1.35736 -1.9538 -1.22749 -0.480411 0.513853 -0.31 0.639578 0.0715735 -0.557206 -0.100778 -0.0112318 -0.128331 0.340864
1.36198 -1.96961 -1.23344 -0.496213 0.520867 -0.327009 0.612809 0.031422 -0.118093 -0.173762 0.0880682 -0.0848841 0.340864
1.37551 -2.02932 -1.25307 -0.488181 0.533536 -0.345831 0.597846 0.346843 0.927707 -0.0480275 0.021132 -0.15824 0.340864
1.38846 -2.09656 -1.27535 -0.464156 0.540605 -0.355937 0.60466 0.0767422 -0.794413 0.0867329 -0.0744343 -0.117393 0.340864
1.39385 -2.13192 -1.28871 -0.43801 0.559343 -0.353459 0.608564 0.147909 0.209314 0.150796 0.006256 -0.117342 0.340864
1.40038 -2.18882 -1.31343 -0.4114 0.57749 -0.350608 0.611825 0.219076 0.209314 0.150796 0.006256 -0.117342 0.340864
1.40626 -2.26624 -1.35173 -0.384357 0.595027 -0.347386 0.614439 0.290242 0.209314 0.150796 0.006256 -0.117342 0.340864
1.40979 -2.36288 -1.40573 -0.356907 0.611936 -0.343797 0.616405 0.361409 0.209314 0.150796 0.006256 -0.117342 0.340864
1.40933 -2.47718 -1.47747 -0.32908 0.628198 -0.339846 0.61772 0.432576 0.209314 0.150796 0.006256 -0.117342 0.340864
1.40592 -2.5587 -1.53481 -0.295781 0.645227 -0.33198 0.621277 0.154138 -0.818936 0.191038 -0.002609 -0.120355 0.340864
1.40346 -2.60126 -1.56809 -0.307463 0.653187 -0.304124 0.621548 0.164014 0.0290475 0.0790597 0.0993571 0.132846 0.340864
1.40182 -2.64889 -1.60404 -0.352147 0.649211 -0.294452 0.606478 0.18719 0.068166 -0.160636 0.140853 0.187354 0.340864
1.40159 -2.70501 -1.64168 -0.396009 0.643721 -0.284092 0.589993 0.210367 0.068166 -0.160636 0.140853 0.187354 0.340864
1.40347 -2.76982 -1.68026 -0.438947 0.636729 -0.27307 0.572132 0.233543 0.068166 -0.160636 0.140853 0.187354 0.340864
1.412 -2.86959 -1.73814 -0.433284 0.614819 -0.267283 0.602347 0.44686 0.627403 0.0835767 -0.181106 0.103399 0.340864
1.42782 -2.99633 -1.81804 -0.409736 0.614606 -0.260067 0.621885 0.439482 -0.0216999 0.159023 -0.0900573 -0.0283391 0.340864
1.44471 -3.11671 -1.90274 -0.385783 0.613786 -0.252593 0.640808 0.432104 -0.0216999 0.159023 -0.0900573 -0.0283391 0.340864
1.46282 -3.23056 -1.99175 -0.361449 0.61236 -0.24487 0.659097 0.424726 -0.0216999 0.159023 -0.0900573 -0.0283391 0.340864
1.48233 -3.33775 -2.08458 -0.336757 0.610328 -0.236905 0.676735 0.417348 -0.0216999 0.159023 -0.0900573 -0.0283391 0.340864
1.49758 -3.41578 -2.15932 -0.324418 0.621651 -0.213818 0.680136 0.224625 -0.566833 0.154545 0.0614095 0.0299193 0.340864
1.50336 -3.44541 -2.19078 -0.311811 0.632461 -0.190554 0.682976 0.0319017 -0.566833 0.154545 0.0614095 0.0299193 0.340864
1.51041 -3.48331 -2.23637 -0.3018 0.643514 -0.172142 0.682036 0.319301 0.845291 0.119393 0.0704639 0.0154035 0.340864
1.51906 -3.5264 -2.29197 -0.276104 0.635467 -0.167568 0.701333 0.097632 -0.651966 0.146544 -0.123254 -0.0451017 0.340864
1.52799 -3.56013 -2.33826 -0.275685 0.623891 -0.164598 0.712506 0.243364 0.428622 0.0195666 -0.0851166 0.0405012 0.340864
1.54778 -3.62188 -2.42401 -0.275192 0.612148 -0.161584 0.723488 0.389095 0.428622 0.0195666 -0.0851166 0.0405012 0.340864
1.56823 -3.68662 -2.52045 -0.238449 0.634856 -0.153969 0.718605 0.304831 -0.247835 0.19754 0.0916575 -0.141346 0.340864
1.57916 -3.73127 -2.597 -0.20124 0.656328 -0.146054 0.712323 0.220567 -0.247835 0.19754 0.0916575 -0.141346 0.340864
1.59062 -3.77969 -2.68064 -0.226669 0.63738 -0.159622 0.71895 0.352044 0.386695 -0.167404 -0.0992149 0.069458 0.340864
1.61306 -3.85661 -2.7979 -0.251818 0.617645 -0.172994 0.72469 0.48352 0.386695 -0.167404 -0.0992149 0.069458 0.340864
1.643 -3.94199 -2.91946 -0.271854 0.603617 -0.161562 0.731874 0.407971 -0.222204 -0.0475107 -0.0485902 0.149637 0.340864
1.67311 -4.01313 -3.01883 -0.291676 0.589117 -0.150004 0.738488 0.332421 -0.222204 -0.0475107 -0.0485902 0.149637 0.340864
1.68884 -4.04518 -3.06503 -0.277364 0.583816 -0.128755 0.752097 0.0111037 -0.945052 0.154501 -0.0463666 0.0638175 0.340864
1.69255 -4.0505 -3.07414 -0.26858 0.557585 -0.0948192 0.779726 0.0547056 0.128241 0.180697 -0.162289 0.183777 0.340864
1.70294 -4.06108 -3.0955 -0.259077 0.52986 -0.0606289 0.805265 0.0983076 0.128241 0.180697 -0.162289 0.183777 0.340864
1.72199 -4.07457 -3.12899 -0.248879 0.500714 -0.026276 0.828646 0.141909 0.128241 0.180697 -0.162289 0.183777 0.340864
1.75145 -4.08847 -3.17409 -0.238013 0.470227 0.00814727 0.849806 0.185511 0.128241 0.180697 -0.162289 0.183777 0.340864
1.7934 -4.10457 -3.23791 -0.220427 0.490072 0.00800285 0.843313 0.273689 0.259345 0.0774825 0.11782 -0.0768513 0.340864
1.84734 -4.12595 -3.32905 -0.202676 0.509553 0.00785248 0.836192 0.361866 0.259345 0.0774825 0.11782 -0.0768513 0.340864
1.91085 -4.15189 -3.4488 -0.184774 0.528653 0.00769625 0.828448 0.450043 0.259345 0.0774825 0.11782 -0.0768513 0.340864
1.96141 -4.16964 -3.54272 -0.19038 0.498212 0.0300052 0.845364 0.186169 -0.776102 0.061835 -0.177012 0.158519 0.340864
2.00301 -4.17899 -3.61348 -0.177006 0.495058 0.0495604 0.849194 0.299818 0.334263 0.128675 -0.00264866 0.0609089 0.340864
2.06438 -4.18696 -3.71774 -0.163528 0.491614 0.0690865 0.852527 0.413468 0.334263 0.128675 -0.00264866 0.0609089 0.340864
2.11122 -4.18891 -3.79605 -0.154889 0.480413 0.0923604 0.858302 0.123493 -0.852868 0.120751 -0.0469798 0.100173 0.340864
2.15594 -4.18822 -3.86962 -0.148626 0.483029 0.0876479 0.858435 0.382923 0.763029 0.0170046 0.0119451 -0.0439487 0.340864
2.21837 -4.18876 -3.97905 -0.189235 0.50299 0.103863 0.836901 0.358316 -0.0723744 -0.188197 0.15529 0.191004 0.340864
2.26207 -4.18956 -4.05541 -0.179494 0.475629 0.0999437 0.855319 0.15929 -0.58537 0.0735941 -0.187643 -0.0289155 0.340864
2.31225 -4.19119 -4.1302 -0.172502 0.453302 0.0711831 0.871604 0.370762 0.621976 -0.0149739 -0.184197 -0.150306 0.340864
2.38104 -4.1936 -4.22399 -0.148636 0.439378 0.0689513 0.883233 0.313578 -0.168187 0.134066 -0.0946855 -0.065833 0.340864
2.4408 -4.19341 -4.30026 -0.124635 0.425057 0.0666571 0.894064 0.256395 -0.168187 0.134066 -0.0946855 -0.065833 0.340864
2.49051 -4.19161 -4.35962 -0.100521 0.410351 0.0643027 0.904087 0.199211 -0.168187 0.134066 -0.0946855 -0.065833 0.340864
2.52919 -4.18913 -4.40277 -0.0763165 0.395275 0.0618902 0.913293 0.142028 -0.168187 0.134066 -0.0946855 -0.065833 0.340864
2.55584 -4.18678 -4.43055 -0.052043 0.379841 0.0594218 0.921673 0.0848444 -0.168187 0.134066 -0.0946855 -0.065833 0.340864
2.56951 -4.18532 -4.44385 -0.0277225 0.364064 0.0568997 0.929221 0.0276609 -0.168187 0.134066 -0.0946855 -0.065833 0.340864
2.60554 -4.1823 -4.4787 -0.0464339 0.377569 0.0435436 0.923791 0.267786 0.706249 -0.136302 0.0770122 -0.0333215 0.340864
2.67492 -4.17992 -4.54328 -0.076313 0.351299 0.0318458 0.932605 0.29005 0.0654828 -0.179264 -0.173227 0.00771498 0.340864
2.75381 -4.18126 -4.60852 -0.106055 0.324398 0.0200908 0.939742 0.312314 0.0654828 -0.179264 -0.173227 0.00771498 0.340864
2.84251 -4.18658 -4.67327 -0.135606 0.296913 0.00829969 0.94519 0.334578 0.0654828 -0.179264 -0.173227 0.00771498 0.340864
2.94123 -4.19605 -4.73632 -0.164914 0.268896 -0.00350636 0.94894 0.356842 0.0654828 -0.179264 -0.173227 0.00771498 0.340864
3.05009 -4.20972 -4.7964 -0.193925 0.240394 -0.0153061 0.950983 0.379106 0.0654828 -0.179264 -0.173227 0.00771498 0.340864
3.1691 -4.22756 -4.85222 -0.222588 0.211461 -0.0270783 0.951318 0.401371 0.0654828 -0.179264 -0.173227 0.00771498 0.340864
3.30457 -4.25488 -4.91413 -0.230677 0.239241 -0.0543374 0.941594 0.48967 0.259704 -0.0875023 0.133186 -0.180453 0.340864
3.4154 -4.28153 -4.96421 -0.212453 0.210577 -0.0664834 0.951893 0.24281 -0.726057 0.0886775 -0.19561 -0.050745 0.340864
3.51829 -4.30683 -5.00487 -0.20222 0.197565 -0.0778673 0.95604 0.424774 0.535188 0.0432918 -0.0962318 -0.0585387 0.340864
3.61567 -4.3296 -5.04233 -0.20408 0.198799 -0.0586957 0.956758 0.20345 -0.650953 0.0132405 0.029764 0.108846 0.340864
3.69599 -4.34925 -5.07221 -0.191124 0.188096 -0.0925942 0.958915 0.313851 0.324707 0.0321799 -0.10795 -0.192384 0.340864
3.81004 -4.38425 -5.11102 -0.177893 0.177123 -0.12636 0.959695 0.424251 0.324707 0.0321799 -0.10795 -0.192384 0.340864
3.93612 -4.4262 -5.14984 -0.169161 0.16004 -0.127798 0.964074 0.390036 -0.100634 0.0396817 -0.109004 0.0039141 0.340864
4.05289 -4.46402 -5.18161 -0.160363 0.142895 -0.129187 0.968078 0.35582 -0.100634 0.0396817 -0.109004 0.0039141 0.340864
4.16 -4.49786 -5.20698 -0.151503 0.125694 -0.130525 0.971705 0.321605 -0.100634 0.0396817 -0.109004 0.0039141 0.340864
4.25712 -4.52787 -5.22661 -0.142584 0.108444 -0.131812 0.974954 0.287389 -0.100634 0.0396817 -0.109004 0.0039141 0.340864
4.34395 -4.55418 -5.24119 -0.13361 0.0911517 -0.133048 0.977823 0.253174 -0.100634 0.0396817 -0.109004 0.0039141 0.340864
4.42781 -4.58114 -5.25406 -0.142625 0.0971722 -0.150483 0.973432 0.270531 0.05105 -0.0599432 0.0303391 -0.103622 0.340864
4.51601 -4.6133 -5.26808 -0.151577 0.10315 -0.167851 0.968613 0.287888 0.05105 -0.0599432 0.0303391 -0.103622 0.340864
4.60828 -4.65104 -5.28319 -0.160462 0.109082 -0.185145 0.963366 0.305245 0.05105 -0.0599432 0.0303391 -0.103622 0.340864
4.70431 -4.69473 -5.29934 -0.169276 0.114966 -0.202357 0.957695 0.322602 0.05105 -0.0599432 0.0303391 -0.103622 0.340864
4.80377 -4.74472 -5.31644 -0.178016 0.1208 -0.21948 0.951602 0.339959 0.05105 -0.0599432 0.0303391 -0.103622 0.340864
4.90634 -4.80134 -5.33439 -0.186677 0.12658 -0.236506 0.945089 0.357316 0.05105 -0.0599432 0.0303391 -0.103622 0.340864
5.01166 -4.86492 -5.35308 -0.195256 0.132305 -0.253428 0.93816 0.374673 0.05105 -0.0599432 0.0303391 -0.103622 0.340864
5.11935 -4.93575 -5.37238 -0.203749 0.137971 -0.270239 0.930818 0.39203 0.05105 -0.0599432 0.0303391 -0.103622 0.340864
5.22902 -5.01411 -5.39215 -0.212152 0.143576 -0.28693 0.923065 0.409387 0.05105 -0.0599432 0.0303391 -0.103622 0.340864
5.34028 -5.10026 -5.41222 -0.220462 0.149118 -0.303495 0.914905 0.426744 0.05105 -0.0599432 0.0303391 -0.103622 0.340864
5.41302 -5.15729 -5.42564 -0.220261 0.150555 -0.287465 0.919882 0.122679 -0.894309 0.0241639 0.0237976 0.0931227 0.340864
5.47357 -5.20569 -5.43831 -0.193169 0.157875 -0.310766 0.917162 0.339442 0.637538 0.134839 -0.033993 -0.164199 0.340864
5.56676 -5.28178 -5.46139 -0.163278 0.164706 -0.301284 0.9249 0.381167 0.122722 0.191388 -0.0142019 0.0297907 0.340864
5.67171 -5.36378 -5.49206 -0.133209 0.171358 -0.291472 0.931631 0.422893 0.122722 0.191388 -0.0142019 0.0297907 0.340864
5.78864 -5.45074 -5.53112 -0.102994 0.177822 -0.281343 0.937346 0.464618 0.122722 0.191388 -0.0142019 0.0297907 0.340864
5.87862 -5.51244 -5.56479 -0.0958788 0.194752 -0.249881 0.943631 0.20713 -0.757317 0.103992 0.0940769 0.166216 0.340864
5.95459 -5.55799 -5.59483 -0.0913369 0.191477 -0.227888 0.950295 0.343148 0.400053 0.0493553 -0.0200874 0.128529 0.340864
6.07124 -5.62035 -5.64003 -0.086744 0.188095 -0.205768 0.956428 0.479166 0.400053 0.0493553 -0.0200874 0.128529 0.340864
6.16652 -5.67202 -5.67603 -0.106841 0.186227 -0.235728 0.947806 0.192791 -0.842282 -0.152909 0.0080691 -0.155839 0.340864
6.22568 -5.70464 -5.69635 -0.106933 0.166455 -0.210414 0.957384 0.222275 0.0867201 0.00581955 -0.104707 0.166976 0.340864
6.29604 -5.73793 -5.71717 -0.106905 0.146496 -0.184863 0.965886 0.25176 0.0867201 0.00581955 -0.104707 0.166976 0.340864
6.37792 -5.77075 -5.73779 -0.106758 0.126373 -0.159104 0.973303 0.281245 0.0867201 0.00581955 -0.104707 0.166976 0.340864
6.47154 -5.80192 -5.75747 -0.10649 0.106108 -0.133166 0.979626 0.31073 0.0867201 0.00581955 -0.104707 0.166976 0.340864
6.57697 -5.83025 -5.77547 -0.106103 0.0857236 -0.107079 0.984849 0.340215 0.0867201 0.00581955 -0.104707 0.166976 0.340864
6.69414 -5.85452 -5.79102 -0.105596 0.0652429 -0.0808721 0.988965 0.3697 0.0867201 0.00581955 -0.104707 0.166976 0.340864
6.82284 -5.87352 -5.80336 -0.104971 0.0446889 -0.0545739 0.991971 0.399184 0.0867201 0.00581955 -0.104707 0.166976 0.340864
6.96274 -5.88606 -5.81172 -0.104228 0.0240847 -0.0282144 0.993861 0.428669 0.0867201 0.00581955 -0.104707 0.166976 0.340864
7.11335 -5.89094 -5.81535 -0.103368 0.0034534 -0.00182326 0.994636 0.458154 0.0867201 0.00581955 -0.104707 0.166976 0.340864
7.23994 -5.8922 -5.81938 -0.105294 0.0313345 -0.00495132 0.993935 0.287001 -0.503391 -0.0114614 0.161281 -0.0352277 0.340864
7.35246 -5.89607 -5.82401 -0.0917125 0.013728 -0.0243166 0.995394 0.375913 0.261506 0.0762373 -0.115615 -0.104793 0.340864
7.49503 -5.90596 -5.8245 -0.0780514 -0.0038904 -0.0436606 0.995985 0.464825 0.261506 0.0762373 -0.115615 -0.104793 0.340864
7.60425 -5.91345 -5.82133 -0.110772 -0.0213638 -0.0243582 0.993318 0.179479 -0.839252 -0.197915 -0.085192 0.119711 0.340864
7.64865 -5.91674 -5.81904 -0.101974 -0.0220095 -0.0587214 0.992809 0.0828185 -0.284296 0.055316 -0.0274945 -0.199374 0.340864
7.72313 -5.92337 -5.81648 -0.0935323 -0.00655078 -0.0374023 0.994892 0.357365 0.80749 0.0531351 0.100435 0.11706 0.340864
7.85163 -5.9325 -5.81079 -0.0878195 -0.0306039 -0.0371079 0.994974 0.401234 0.129027 0.0281779 -0.141873 0.0151962 0.340864
7.99458 -5.94203 -5.79762 -0.082053 -0.0546384 -0.0367909 0.994449 0.445104 0.129027 0.0281779 -0.141873 0.0151962 0.340864
8.15151 -5.95191 -5.77561 -0.0762364 -0.0786395 -0.0364514 0.993315 0.488973 0.129027 0.0281779 -0.141873 0.0151962 0.340864
8.30722 -5.95615 -5.749 -0.0902676 -0.0876998 -0.00394285 0.992041 0.440741 -0.141857 -0.0995589 -0.0359504 0.18729 0.340864
8.4464 -5.95025 -5.72349 -0.104178 -0.0966429 0.028571 0.98944 0.39251 -0.141857 -0.0995589 -0.0359504 0.18729 0.340864
8.56858 -5.93645 -5.69976 -0.117949 -0.105457 0.0610466 0.985515 0.344279 -0.141857 -0.0995589 -0.0359504 0.18729 0.340864
8.67351 -5.91702 -5.67837 -0.131562 -0.114129 0.0934406 0.980273 0.296047 -0.141857 -0.0995589 -0.0359504 0.18729 0.340864
8.76116 -5.89429 -5.65979 -0.145 -0.12265 0.12571 0.973719 0.247816 -0.141857 -0.0995589 -0.0359504 0.18729 0.340864
8.83173 -5.87054 -5.64436 -0.158243 -0.131006 0.157811 0.965864 0.199585 -0.141857 -0.0995589 -0.0359504 0.18729 0.340864
8.88563 -5.84804 -5.63228 -0.171275 -0.139187 0.1897 0.956716 0.151353 -0.141857 -0.0995589 -0.0359504 0.18729 0.340864
8.92961 -5.82803 -5.62345 -0.186283 -0.118828 0.18777 0.957038 0.137607 -0.0404296 -0.105284 0.0961542 -0.0440277 0.340864
8.96862 -5.80919 -5.61595 -0.20659 -0.142723 0.209131 0.945101 0.121026 -0.0487689 -0.11597 -0.141922 0.14547 0.340864
9.00143 -5.79084 -5.60849 -0.22657 -0.166392 0.230162 0.931668 0.104444 -0.0487689 -0.11597 -0.141922 0.14547 0.340864
9.02827 -5.77357 -5.60146 -0.246191 -0.189797 0.250828 0.916762 0.087863 -0.0487689 -0.11597 -0.141922 0.14547 0.340864
9.04946 -5.75797 -5.59518 -0.265423 -0.212903 0.271098 0.900405 0.0712816 -0.0487689 -0.11597 -0.141922 0.14547 0.340864
9.06536 -5.74462 -5.58993 -0.284235 -0.235671 0.290939 0.882623 0.0547001 -0.0487689 -0.11597 -0.141922 0.14547 0.340864
9.08256 -5.72828 -5.58404 -0.300462 -0.24158 0.311125 0.868656 0.0891254 0.101251 -0.125493 -0.0440668 0.11611 0.340864
9.10691 -5.70279 -5.576 -0.316419 -0.247271 0.331031 0.853906 0.123551 0.101251 -0.125493 -0.0440668 0.11611 0.340864
9.13763 -5.66739 -5.56635 -0.33209 -0.252739 0.350638 0.838387 0.157976 0.101251 -0.125493 -0.0440668 0.11611 0.340864
9.17392 -5.62139 -5.5557 -0.347462 -0.257979 0.36993 0.822112 0.192401 0.101251 -0.125493 -0.0440668 0.11611 0.340864
9.21496 -5.56417 -5.54472 -0.362521 -0.262988 0.388889 0.805097 0.226827 0.101251 -0.125493 -0.0440668 0.11611 0.340864
9.25989 -5.49523 -5.53413 -0.377254 -0.267759 0.407497 0.787357 0.261252 0.101251 -0.125493 -0.0440668 0.11611 0.340864
9.30784 -5.41416 -5.5247 -0.391646 -0.272289 0.425738 0.768907 0.295677 0.101251 -0.125493 -0.0440668 0.11611 0.340864
9.35795 -5.32063 -5.51727 -0.405686 -0.276574 0.443596 0.749765 0.330102 0.101251 -0.125493 -0.0440668 0.11611 0.340864
9.40934 -5.21442 -5.51269 -0.419361 -0.280609 0.461054 0.729948 0.364528 0.101251 -0.125493 -0.0440668 0.11611 0.340864
9.46112 -5.09542 -5.51188 -0.432658 -0.284392 0.478097 0.709473 0.398953 0.101251 -0.125493 -0.0440668 0.11611 0.340864
9.51776 -4.9542 -5.50798 -0.411211 -0.311399 0.470501 0.715936 0.496591 0.287172 0.194654 -0.0609279 0.0547423 0.340864
9.56543 -4.82582 -5.49755 -0.399618 -0.334008 0.473808 0.710106 0.311361 -0.544794 0.091251 -0.0658178 0.106003 0.340864
9.58865 -4.75566 -5.48927 -0.387748 -0.356387 0.476788 0.703785 0.126132 -0.544794 0.091251 -0.0658178 0.106003 0.340864
9.59846 -4.72478 -5.48392 -0.388277 -0.385662 0.444932 0.708901 0.0670906 -0.17365 0.158417 -0.184669 -0.0805903 0.340864
9.60243 -4.71299 -5.48102 -0.388069 -0.414205 0.412232 0.712672 0.00804971 -0.17365 0.158417 -0.184669 -0.0805903 0.340864
9.605 -4.70556 -5.47891 -0.411635 -0.420467 0.40726 0.698501 0.0398755 0.0936052 -0.103854 -0.129296 -0.0296104 0.340864
9.61095 -4.68814 -5.47432 -0.434863 -0.426385 0.401953 0.683757 0.0717013 0.0936052 -0.103854 -0.129296 -0.0296104 0.340864
9.62027 -4.66064 -5.46766 -0.457735 -0.431953 0.396316 0.668452 0.103527 0.0936052 -0.103854 -0.129296 -0.0296104 0.340864
9.63298 -4.62298 -5.45934 -0.480231 -0.437167 0.390355 0.6526 0.135353 0.0936052 -0.103854 -0.129296 -0.0296104 0.340864
9.6491 -4.57509 -5.44979 -0.502334 -0.442022 0.384073 0.636211 0.167179 0.0936052 -0.103854 -0.129296 -0.0296104 0.340864
9.66872 -4.51693 -5.43941 -0.524025 -0.446515 0.377476 0.619301 0.199004 0.0936052 -0.103854 -0.129296 -0.0296104 0.340864
9.69194 -4.44849 -5.42862 -0.545286 -0.450641 0.37057 0.601884 0.23083 0.0936052 -0.103854 -0.129296 -0.0296104 0.340864
9.71887 -4.36978 -5.41783 -0.566099 -0.454398 0.36336 0.583972 0.262656 0.0936052 -0.103854 -0.129296 -0.0296104 0.340864
9.74968 -4.28082 -5.40744 -0.586449 -0.457782 0.355852 0.565582 0.294482 0.0936052 -0.103854 -0.129296 -0.0296104 0.340864
9.78454 -4.18167 -5.39784 -0.606317 -0.460791 0.348052 0.546728 0.326307 0.0936052 -0.103854 -0.129296 -0.0296104 0.340864
9.82182 -4.07887 -5.38569 -0.605611 -0.475699 0.318958 0.55246 0.320989 -0.0156422 0.132123 -0.134751 -0.0502317 0.340864
9.8595 -3.97907 -5.36752 -0.604237 -0.490082 0.289512 0.557584 0.315671 -0.0156422 0.132123 -0.134751 -0.0502317 0.340864
9.89274 -3.89699 -5.35216 -0.627333 -0.466565 0.29564 0.54897 0.213125 -0.301606 -0.164114 0.0347593 -0.115424 0.340864
9.91511 -3.84713 -5.34575 -0.649676 -0.442488 0.301413 0.539699 0.110579 -0.301606 -0.164114 0.0347593 -0.115424 0.340864
9.92397 -3.82907 -5.34441 -0.671241 -0.417882 0.306826 0.529781 0.00803287 -0.301606 -0.164114 0.0347593 -0.115424 0.340864
9.92989 -3.81797 -5.34414 -0.68912 -0.416459 0.298087 0.51266 0.0659649 0.170388 -0.104413 -0.104436 -0.045905 0.340864
9.94547 -3.78971 -5.34387 -0.706521 -0.414748 0.289141 0.495186 0.123897 0.170388 -0.104413 -0.104436 -0.045905 0.340864
9.98798 -3.71681 -5.34795 -0.719785 -0.379543 0.315894 0.487921 0.373234 0.733344 -0.194045 0.173513 -0.0884214 0.340864
10.0513 -3.6059 -5.35577 -0.71124 -0.410615 0.305169 0.482083 0.379466 0.0183306 0.0815073 -0.131772 0.130727 0.340864
10.1108 -3.49027 -5.35779 -0.701851 -0.441199 0.294081 0.475673 0.385698 0.0183306 0.0815073 -0.131772 0.130727 0.340864
10.1659 -3.3702 -5.35395 -0.691628 -0.471259 0.282644 0.468698 0.391931 0.0183306 0.0815073 -0.131772 0.130727 0.340864
10.2161 -3.24604 -5.34426 -0.680583 -0.50076 0.270872 0.461166 0.398163 0.0183306 0.0815073 -0.131772 0.130727 0.340864
10.2683 -3.11946 -5.32595 -0.691501 -0.501629 0.218167 0.471802 0.414627 0.0484212 0.169681 -0.199526 -0.188693 0.340864
10.3292 -2.99288 -5.29553 -0.700337 -0.500989 0.164806 0.481017 0.43109 0.0484212 0.169681 -0.199526 -0.188693 0.340864
10.3981 -2.86778 -5.25203 -0.707064 -0.49884 0.110948 0.488784 0.447553 0.0484212 0.169681 -0.199526 -0.188693 0.340864
10.4742 -2.7457 -5.19461 -0.711663 -0.495189 0.0567561 0.495079 0.464016 0.0484212 0.169681 -0.199526 -0.188693 0.340864
10.5565 -2.62817 -5.12261 -0.714118 -0.490047 0.00239349 0.499883 0.480479 0.0484212 0.169681 -0.199526 -0.188693 0.340864
10.6436 -2.51675 -5.03552 -0.714424 -0.48343 -0.0519763 0.503183 0.496943 0.0484212 0.169681 -0.199526 -0.188693 0.340864
10.7053 -2.44287 -4.97231 -0.737179 -0.472206 -0.053279 0.480363 0.180639 -0.930305 -0.156147 -0.0301946 -0.122733 0.340864
10.7345 -2.40731 -4.94275 -0.716439 -0.489342 -0.0457973 0.495138 0.140934 -0.116778 0.0965392 0.0185657 0.157716 0.340864
10.7551 -2.38014 -4.91974 -0.694983 -0.50599 -0.0382699 0.509419 0.10123 -0.116778 0.0965392 0.0185657 0.157716 0.340864
10.7681 -2.36167 -4.90377 -0.672834 -0.522132 -0.0307044 0.523191 0.0615249 -0.116778 0.0965392 0.0185657 0.157716 0.340864
10.7744 -2.35215 -4.89532 -0.650013 -0.537754 -0.0231082 0.536442 0.0218203 -0.116778 0.0965392 0.0185657 0.157716 0.340864
10.8014 -2.31183 -4.85941 -0.646728 -0.51891 -0.0061006 0.558962 0.333258 0.915993 0.0452463 0.195322 -0.00493103 0.340864
10.8483 -2.24393 -4.80132 -0.635235 -0.514629 0.0240658 0.575373 0.26067 -0.213493 0.0082997 0.178558 0.1186 0.340864
10.8843 -2.19131 -4.75943 -0.622897 -0.509664 0.0542002 0.59102 0.188083 -0.213493 0.0082997 0.178558 0.1186 0.340864
10.9089 -2.15481 -4.73246 -0.60973 -0.504022 0.0842625 0.60588 0.115495 -0.213493 0.0082997 0.178558 0.1186 0.340864
10.949 -2.09525 -4.68909 -0.580928 -0.501675 0.0967265 0.633632 0.377903 0.771786 0.164119 0.149666 0.107677 0.340864
11.0037 -2.01417 -4.62895 -0.548729 -0.497881 0.121513 0.660489 0.297456 -0.236608 0.136541 0.196497 0.159219 0.340864
11.0451 -1.95229 -4.58305 -0.515221 -0.492898 0.146009 0.68577 0.217009 -0.236608 0.136541 0.196497 0.159219 0.340864
11.0698 -1.91646 -4.55743 -0.540312 -0.469604 0.147879 0.682398 0.0802389 -0.402266 -0.136891 0.0683233 -0.132935 0.340864
11.0922 -1.88615 -4.53696 -0.548471 -0.465174 0.143587 0.679835 0.171902 0.269596 -0.0328963 -0.0100403 -0.0516124 0.340864
11.1315 -1.83408 -4.50204 -0.556568 -0.460694 0.139279 0.677196 0.263564 0.269596 -0.0328963 -0.0100403 -0.0516124 0.340864
11.1886 -1.76053 -4.45304 -0.564604 -0.456162 0.134956 0.674481 0.355227 0.269596 -0.0328963 -0.0100403 -0.0516124 0.340864
11.264 -1.66578 -4.39033 -0.572578 -0.451579 0.130618 0.671692 0.44689 0.269596 -0.0328963 -0.0100403 -0.0516124 0.340864
11.3488 -1.56017 -4.31974 -0.534278 -0.448198 0.150655 0.700691 0.451686 0.0141074 0.193263 0.187391 0.147303 0.340864
11.4338 -1.45389 -4.24684 -0.494525 -0.443597 0.170282 0.727785 0.456483 0.0141074 0.193263 0.187391 0.147303 0.340864
11.5191 -1.34709 -4.17158 -0.453427 -0.43779 0.189446 0.752897 0.461279 0.0141074 0.193263 0.187391 0.147303 0.340864
11.6048 -1.23992 -4.09395 -0.411094 -0.430791 0.208095 0.775962 0.466076 0.0141074 0.193263 0.187391 0.147303 0.340864
11.691 -1.13253 -4.01392 -0.367644 -0.42262 0.226177 0.796915 0.470872 0.0141074 0.193263 0.187391 0.147303 0.340864
11.7779 -1.02504 -3.93152 -0.323193 -0.4133 0.243644 0.8157 0.475669 0.0141074 0.193263 0.187391 0.147303 0.340864
11.8656 -0.917592 -3.84678 -0.277863 -0.402855 0.260448 0.832266 0.480465 0.0141074 0.193263 0.187391 0.147303 0.340864
11.9543 -0.810297 -3.75975 -0.231776 -0.391314 0.276544 0.846568 0.485262 0.0141074 0.193263 0.187391 0.147303 0.340864
12.0465 -0.702527 -3.67587 -0.241581 -0.36242 0.282336 0.854738 0.484249 -0.00297879 -0.0980381 0.154666 -0.0464115 0.340864
12.1444 -0.593834 -3.60076 -0.251136 -0.333153 0.287838 0.862026 0.483236 -0.00297879 -0.0980381 0.154666 -0.0464115 0.340864
12.2476 -0.484602 -3.53472 -0.260432 -0.303542 0.293043 0.868426 0.482224 -0.00297879 -0.0980381 0.154666 -0.0464115 0.340864
12.3554 -0.37522 -3.47801 -0.26946 -0.273618 0.297946 0.873929 0.481211 -0.00297879 -0.0980381 0.154666 -0.0464115 0.340864
12.4675 -0.266072 -3.43084 -0.27821 -0.243412 0.302541 0.878532 0.480198 -0.00297879 -0.0980381 0.154666 -0.0464115 0.340864
12.5833 -0.157541 -3.39338 -0.286672 -0.212955 0.306825 0.882229 0.479185 -0.00297879 -0.0980381 0.154666 -0.0464115 0.340864
12.7023 -0.0500062 -3.36576 -0.29484 -0.182279 0.310792 0.885016 0.478172 -0.00297879 -0.0980381 0.154666 -0.0464115 0.340864
12.8239 0.0561584 -3.34808 -0.302703 -0.151414 0.314439 0.88689 0.47716 -0.00297879 -0.0980381 0.154666 -0.0464115 0.340864
12.9149 0.134064 -3.33863 -0.270511 -0.139859 0.318013 0.897848 0.229797 -0.727538 0.162935 0.135978 0.00647565 0.340864
12.9703 0.182749 -3.33234 -0.246772 -0.142141 0.332827 0.898958 0.205746 -0.0707366 0.119243 0.0568483 0.0993385 0.340864
13.0182 0.227455 -3.3259 -0.222838 -0.144311 0.347378 0.899359 0.181696 -0.0707366 0.119243 0.0568483 0.0993385 0.340864
13.059 0.267761 -3.31945 -0.198728 -0.146368 0.361655 0.899049 0.157645 -0.0707366 0.119243 0.0568483 0.0993385 0.340864
13.0929 0.303275 -3.31316 -0.174461 -0.148308 0.375647 0.89803 0.133595 -0.0707366 0.119243 0.0568483 0.0993385 0.340864
13.1203 0.333637 -3.30723 -0.150056 -0.150132 0.389342 0.896302 0.109544 -0.0707366 0.119243 0.0568483 0.0993385 0.340864
13.1416 0.358517 -3.3019 -0.125532 -0.151837 0.402729 0.893866 0.0854939 -0.0707366 0.119243 0.0568483 0.0993385 0.340864
13.157 0.377617 -3.29742 -0.10091 -0.153422 0.415799 0.890724 0.0614435 -0.0707366 0.119243 0.0568483 0.0993385 0.340864
13.1671 0.390678 -3.29409 -0.0762082 -0.154886 0.428541 0.88688 0.037393 -0.0707366 0.119243 0.0568483 0.0993385 0.340864
13.172 0.397477 -3.2922 -0.051446 -0.156228 0.440944 0.882335 0.0133426 -0.0707366 0.119243 0.0568483 0.0993385 0.340864
13.1772 0.404839 -3.29 -0.00850155 -0.14245 0.449828 0.881641 0.0411196 0.0816973 0.178842 0.185014 0.0832358 0.340864
13.1875 0.419724 -3.28531 0.0344609 -0.128371 0.457761 0.879083 0.0688967 0.0816973 0.178842 0.185014 0.0832358 0.340864
13.2028 0.442121 -3.27786 0.0773504 -0.114021 0.464727 0.874668 0.0966738 0.0816973 0.178842 0.185014 0.0832358 0.340864
13.2231 0.471989 -3.26738 0.120077 -0.0994298 0.470711 0.868404 0.124451 0.0816973 0.178842 0.185014 0.0832358 0.340864
13.2483 0.509258 -3.25358 0.162549 -0.0846285 0.4757 0.860305 0.152228 0.0816973 0.178842 0.185014 0.0832358 0.340864
13.2783 0.55383 -3.2362 0.204678 -0.0696484 0.479684 0.850388 0.180005 0.0816973 0.178842 0.185014 0.0832358 0.340864
13.3189 0.610431 -3.21107 0.205294 -0.101032 0.45598 0.860075 0.255732 0.222728 0.0897118 -0.122775 -0.183489 0.340864
13.3767 0.682125 -3.17263 0.205574 -0.13225 0.431528 0.868351 0.33146 0.222728 0.0897118 -0.122775 -0.183489 0.340864
13.4527 0.766132 -3.11854 0.205517 -0.163251 0.406368 0.875201 0.407187 0.222728 0.0897118 -0.122775 -0.183489 0.340864
13.5475 0.859475 -3.04652 0.205122 -0.193983 0.380541 0.880616 0.482915 0.222728 0.0897118 -0.122775 -0.183489 0.340864
13.6176 0.926207 -2.98928 0.24492 -0.190689 0.400338 0.862196 0.17836 -0.895748 0.198493 0.0612734 0.193243 0.340864
13.6357 0.945126 -2.97301 0.219918 -0.199994 0.428825 0.853081 0.00319199 -0.515201 -0.123742 -0.157382 0.124531 0.340864
13.6376 0.947325 -2.97108 0.213633 -0.231533 0.428012 0.847089 0.0172418 0.0413231 0.0567335 -0.180148 -0.0371681 0.340864
13.6418 0.95241 -2.96613 0.207119 -0.262823 0.42674 0.84019 0.0312917 0.0413231 0.0567335 -0.180148 -0.0371681 0.340864
13.6481 0.960207 -2.95779 0.200383 -0.293832 0.425011 0.832391 0.0453415 0.0413231 0.0567335 -0.180148 -0.0371681 0.340864
13.6561 0.970534 -2.94568 0.193432 -0.324527 0.422827 0.823701 0.0593913 0.0413231 0.0567335 -0.180148 -0.0371681 0.340864
13.6654 0.983206 -2.92949 0.186274 -0.354874 0.420191 0.814129 0.0734412 0.0413231 0.0567335 -0.180148 -0.0371681 0.340864
13.6757 0.998037 -2.90892 0.178917 -0.384841 0.417104 0.803685 0.087491 0.0413231 0.0567335 -0.180148 -0.0371681 0.340864
13.6864 1.01484 -2.88373 0.171369 -0.414396 0.413571 0.792381 0.101541 0.0413231 0.0567335 -0.180148 -0.0371681 0.340864
13.6943 1.02707 -2.86394 0.216123 -0.403236 0.413637 0.787144 0.0430517 -0.172027 0.186641 0.148116 0.133439 0.340864
13.7027 1.03858 -2.84345 0.240754 -0.402808 0.411873 0.781117 0.10367 0.17829 0.124865 0.0498612 0.0654769 0.340864
13.7181 1.05837 -2.80543 0.265229 -0.40212 0.409844 0.774584 0.164289 0.17829 0.124865 0.0498612 0.0654769 0.340864
13.7408 1.08528 -2.74942 0.289533 -0.401172 0.40755 0.767551 0.224907 0.17829 0.124865 0.0498612 0.0654769 0.340864
13.7711 1.11813 -2.67504 0.31365 -0.399964 0.404992 0.760022 0.285526 0.17829 0.124865 0.0498612 0.0654769 0.340864
13.7987 1.14507 -2.61165 0.319812 -0.383795 0.392514 0.77224 0.15106 -0.395489 -0.00415458 0.138749 -0.0405691 0.340864
13.8105 1.1553 -2.58781 0.325781 -0.367394 0.379798 0.783991 0.0165934 -0.395489 -0.00415458 0.138749 -0.0405691 0.340864
13.8246 1.16568 -2.56125 0.352003 -0.37567 0.371363 0.772694 0.170391 0.452346 0.179327 0.0121688 0.0271533 0.340864
13.8618 1.18949 -2.48971 0.377889 -0.383588 0.362573 0.760658 0.324189 0.452346 0.179327 0.0121688 0.0271533 0.340864
13.9222 1.22165 -2.37181 0.403415 -0.391139 0.353437 0.747897 0.477987 0.452346 0.179327 0.0121688 0.0271533 0.340864
13.9903 1.25647 -2.24009 0.369585 -0.392045 0.348343 0.76705 0.417887 -0.176763 -0.180723 -0.0181699 -0.142254 0.340864
14.0501 1.29069 -2.12766 0.335186 -0.392348 0.342713 0.785023 0.357788 -0.176763 -0.180723 -0.0181699 -0.142254 0.340864
14.1015 1.32293 -2.03421 0.300273 -0.392048 0.336556 0.801789 0.297688 -0.176763 -0.180723 -0.0181699 -0.142254 0.340864
14.1443 1.35184 -1.95932 0.264897 -0.391145 0.329881 0.817321 0.237589 -0.176763 -0.180723 -0.0181699 -0.142254 0.340864
14.189 1.38481 -1.88032 0.224753 -0.410915 0.325542 0.821376 0.330444 0.273105 -0.151021 -0.156909 -0.151953 0.340864
14.245 1.43096 -1.77472 0.184152 -0.429847 0.320539 0.823756 0.4233 0.273105 -0.151021 -0.156909 -0.151953 0.340864
14.2836 1.46381 -1.69937 0.176964 -0.440281 0.306275 0.825247 0.110857 -0.918949 0.0192942 -0.0448958 -0.101409 0.340864
14.3009 1.47764 -1.66861 0.144977 -0.412984 0.293564 0.84985 0.112105 0.00366943 -0.197233 0.151898 -0.160526 0.340864
14.3207 1.49264 -1.63945 0.112622 -0.38464 0.280109 0.8723 0.113352 0.00366943 -0.197233 0.151898 -0.160526 0.340864
14.345 1.51031 -1.6049 0.144429 -0.402616 0.283948 0.858146 0.155868 0.125045 0.193568 -0.0744184 0.103104 0.340864
14.3749 1.53158 -1.55721 0.176012 -0.419968 0.287347 0.842661 0.198383 0.125045 0.193568 -0.0744184 0.103104 0.340864
14.4097 1.55526 -1.49552 0.207322 -0.43667 0.290301 0.825871 0.240898 0.125045 0.193568 -0.0744184 0.103104 0.340864
14.4484 1.58 -1.41913 0.238311 -0.452694 0.292804 0.8078 0.283413 0.125045 0.193568 -0.0744184 0.103104 0.340864
14.4901 1.60435 -1.32752 0.268931 -0.468017 0.294854 0.788478 0.325928 0.125045 0.193568 -0.0744184 0.103104 0.340864
14.5341 1.62673 -1.22032 0.299134 -0.482615 0.296447 0.767933 0.368443 0.125045 0.193568 -0.0744184 0.103104 0.340864
14.5797 1.64552 -1.09735 0.328873 -0.496464 0.29758 0.746199 0.410959 0.125045 0.193568 -0.0744184 0.103104 0.340864
14.6261 1.65901 -0.9586 0.358102 -0.509544 0.298252 0.723307 0.453474 0.125045 0.193568 -0.0744184 0.103104 0.340864
14.6729 1.66544 -0.804272 0.386777 -0.521834 0.298462 0.699295 0.495989 0.125045 0.193568 -0.0744184 0.103104 0.340864
14.7028 1.66939 -0.689993 0.36297 -0.533957 0.323104 0.691915 0.199454 -0.872162 -0.135523 -0.170422 0.0136667 0.340864
14.7148 1.67401 -0.638799 0.34965 -0.51563 0.343002 0.703007 0.111034 -0.260059 -0.175261 0.0416382 0.0572091 0.340864
14.7201 1.67733 -0.616981 0.335969 -0.496771 0.362547 0.713374 0.022614 -0.260059 -0.175261 0.0416382 0.0572091 0.340864
14.7221 1.6785 -0.610078 0.35249 -0.491718 0.335951 0.721874 0.0201303 -0.00730484 0.11949 0.133862 -0.0714819 0.340864
14.7241 1.67924 -0.604026 0.36863 -0.486134 0.308992 0.729595 0.0176467 -0.00730484 0.11949 0.133862 -0.0714819 0.340864
14.7261 1.67963 -0.598834 0.384373 -0.480026 0.281701 0.73653 0.015163 -0.00730484 0.11949 0.133862 -0.0714819 0.340864
14.728 1.67974 -0.5945 0.399702 -0.473401 0.254106 0.742671 0.0126794 -0.00730484 0.11949 0.133862 -0.0714819 0.340864
14.7297 1.67965 -0.591014 0.4146 -0.466265 0.226237 0.748011 0.0101957 -0.00730484 0.11949 0.133862 -0.0714819 0.340864
14.7336 1.67892 -0.582999 0.404347 -0.502859 0.20562 0.73577 0.0422953 0.0944104 0.0900185 -0.158007 -0.191857 0.340864
14.7411 1.67628 -0.564835 0.393278 -0.538437 0.184587 0.722042 0.0743948 0.0944104 0.0900185 -0.158007 -0.191857 0.340864
14.7509 1.67064 -0.536257 0.381414 -0.572929 0.163183 0.706857 0.106494 0.0944104 0.0900185 -0.158007 -0.191857 0.340864
14.7616 1.66103 -0.497158 0.368781 -0.606263 0.141448 0.690245 0.138594 0.0944104 0.0900185 -0.158007 -0.191857 0.340864
14.7716 1.64665 -0.447594 0.355403 -0.638373 0.119428 0.672239 0.170693 0.0944104 0.0900185 -0.158007 -0.191857 0.340864
14.7792 1.62681 -0.387783 0.341307 -0.669195 0.0971668 0.652876 0.202793 0.0944104 0.0900185 -0.158007 -0.191857 0.340864
14.7828 1.60101 -0.318104 0.326522 -0.698665 0.0747094 0.632194 0.234893 0.0944104 0.0900185 -0.158007 -0.191857 0.340864
14.7806 1.56894 -0.239094 0.311078 -0.726724 0.0521012 0.610236 0.266992 0.0944104 0.0900185 -0.158007 -0.191857 0.340864
14.771 1.53046 -0.151444 0.295006 -0.753316 0.0293877 0.587045 0.299092 0.0944104 0.0900185 -0.158007 -0.191857 0.340864
14.7523 1.48561 -0.0559849 0.278338 -0.778387 0.00661495 0.56267 0.331191 0.0944104 0.0900185 -0.158007 -0.191857 0.340864
14.7294 1.44698 0.0307974 0.250775 -0.792753 0.0329663 0.554588 0.243769 -0.257125 -0.19815 -0.128806 -0.062209 0.340864
14.7103 1.42451 0.0920752 0.222779 -0.80575 0.0592607 0.545549 0.156346 -0.257125 -0.19815 -0.128806 -0.062209 0.340864
14.6978 1.41437 0.126828 0.194399 -0.817357 0.0854529 0.535569 0.0689234 -0.257125 -0.19815 -0.128806 -0.062209 0.340864
14.6924 1.41098 0.141252 0.205233 -0.805846 0.1212 0.542035 0.023805 -0.132701 -0.150959 0.0319329 0.174664 0.340864
14.6873 1.40769 0.155253 0.218608 -0.809193 0.118086 0.532422 0.0659517 0.123961 0.0714007 -0.0429474 0.056294 0.340864
14.6772 1.40048 0.182104 0.23192 -0.812303 0.114938 0.522653 0.108098 0.123961 0.0714007 -0.0429474 0.056294 0.340864
14.6618 1.38855 0.221469 0.245164 -0.815176 0.111757 0.512732 0.150245 0.123961 0.0714007 -0.0429474 0.056294 0.340864
14.641 1.37108 0.272978 0.258337 -0.81781 0.108543 0.50266 0.192392 0.123961 0.0714007 -0.0429474 0.056294 0.340864
14.6145 1.34728 0.336226 0.271434 -0.820206 0.105297 0.492442 0.234538 0.123961 0.0714007 -0.0429474 0.056294 0.340864
14.5823 1.31635 0.410778 0.284451 -0.822362 0.102021 0.48208 0.276685 0.123961 0.0714007 -0.0429474 0.056294 0.340864
14.5443 1.27751 0.496163 0.297386 -0.824277 0.0987142 0.471577 0.318832 0.123961 0.0714007 -0.0429474 0.056294 0.340864
14.5003 1.22999 0.591884 0.310233 -0.825952 0.095379 0.460936 0.360978 0.123961 0.0714007 -0.0429474 0.056294 0.340864
14.4503 1.17305 0.697411 0.32299 -0.827385 0.0920159 0.45016 0.403125 0.123961 0.0714007 -0.0429474 0.056294 0.340864
14.4157 1.13076 0.772894 0.318006 -0.819478 0.0684184 0.471855 0.145178 -0.758668 0.0561606 0.168695 -0.0834798 0.340864
14.4015 1.11218 0.806903 0.331413 -0.809987 0.0989595 0.473596 0.0975004 -0.140228 -0.117108 -0.0170023 0.166487 0.340864
14.3934 1.10125 0.827934 0.344421 -0.799519 0.129381 0.474766 0.0498228 -0.140228 -0.117108 -0.0170023 0.166487 0.340864
14.3895 1.09621 0.837905 0.334198 -0.81487 0.137872 0.45309 0.0199233 -0.0879397 -0.0128836 -0.169823 -0.0389784 0.340864
14.3825 1.08758 0.852688 0.369637 -0.82156 0.133604 0.412985 0.088925 0.202946 0.199273 -0.173021 0.177961 0.340864
14.366 1.065 0.88397 0.403995 -0.825846 0.128946 0.371671 0.157927 0.202946 0.199273 -0.173021 0.177961 0.340864
14.3398 1.02514 0.928736 0.43717 -0.827714 0.12391 0.32927 0.226928 0.202946 0.199273 -0.173021 0.177961 0.340864
14.3043 0.964966 0.983633 0.469065 -0.827159 0.118512 0.285904 0.29593 0.202946 0.199273 -0.173021 0.177961 0.340864
14.2604 0.881814 1.04505 0.499587 -0.824182 0.112766 0.241702 0.364932 0.202946 0.199273 -0.173021 0.177961 0.340864
14.2304 0.825585 1.08108 0.475985 -0.846471 0.095183 0.218781 0.0659163 -0.879457 0.133872 -0.106829 -0.189783 0.340864
14.2169 0.80143 1.0945 0.498471 -0.840055 0.0878198 0.195247 0.114927 0.144149 0.127927 -0.0757322 0.133653 0.340864
14.1974 0.762441 1.11304 0.520381 -0.832669 0.080355 0.171488 0.163937 0.144149 0.127927 -0.0757322 0.133653 0.340864
14.1728 0.707577 1.13512 0.54169 -0.824322 0.0727975 0.147531 0.212948 0.144149 0.127927 -0.0757322 0.133653 0.340864
14.155 0.662914 1.15107 0.560075 -0.812391 0.0462864 0.155546 0.084906 -0.376594 0.11388 0.141598 0.100743 0.340864
14.1457 0.636835 1.15923 0.567893 -0.811895 0.0493039 0.126065 0.0850235 0.000345632 0.0897386 -0.148263 0.0497923 0.340864
14.1364 0.610332 1.16613 0.575178 -0.810637 0.0522751 0.0964664 0.085141 0.000345632 0.0897386 -0.148263 0.0497923 0.340864
14.1272 0.583443 1.17176 0.581923 -0.808616 0.0551971 0.0667766 0.0852585 0.000345632 0.0897386 -0.148263 0.0497923 0.340864
14.1182 0.556212 1.17612 0.588121 -0.805836 0.0580673 0.0370242 0.085376 0.000345632 0.0897386 -0.148263 0.0497923 0.340864
14.1095 0.528679 1.1792 0.593766 -0.802299 0.0608829 0.00723693 0.0854935 0.000345632 0.0897386 -0.148263 0.0497923 0.340864
14.1011 0.500889 1.181 0.598853 -0.798008 0.0636413 -0.0225571 0.0856111 0.000345632 0.0897386 -0.148263 0.0497923 0.340864
14.0931 0.472886 1.18154 0.603378 -0.792967 0.06634 -0.05233 0.0857286 0.000345632 0.0897386 -0.148263 0.0497923 0.340864
14.0856 0.444715 1.18083 0.607335 -0.787181 0.0689762 -0.0820537 0.0858461 0.000345632 0.0897386 -0.148263 0.0497923 0.340864
14.0802 0.425434 1.1798 0.587446 -0.803604 0.0557284 -0.0776022 0.0321199 -0.158018 0.0617134 0.0678076 -0.146207 0.340864
14.0772 0.415101 1.17903 0.603725 -0.791561 0.0418646 -0.0848194 0.0313227 -0.00234458 0.0791045 0.0136317 0.127275 0.340864
14.0747 0.404935 1.17802 0.619609 -0.779001 0.0279734 -0.0919811 0.0305256 -0.00234458 0.0791045 0.0136317 0.127275 0.340864
14.0732 0.397982 1.17714 0.620283 -0.776288 0.0218067 -0.11023 0.0116667 -0.0554671 0.0939643 -0.0625059 0.019317 0.340864
14.0705 0.385355 1.17489 0.616599 -0.773618 0.0274604 -0.143412 0.0653544 0.157905 0.0973207 -0.17439 -0.00648693 0.340864
14.0645 0.355325 1.16825 0.612205 -0.770055 0.0330825 -0.176429 0.119042 0.157905 0.0973207 -0.17439 -0.00648693 0.340864
14.0555 0.308204 1.15567 0.607103 -0.765603 0.0386663 -0.209242 0.17273 0.157905 0.0973207 -0.17439 -0.00648693 0.340864
14.0441 0.244378 1.13565 0.601302 -0.760268 0.0442056 -0.241814 0.226417 0.157905 0.0973207 -0.17439 -0.00648693 0.340864
14.0367 0.200855 1.11993 0.602582 -0.761057 -0.00132694 -0.240178 0.0493279 -0.520851 0.196295 0.169883 0.0672973 0.340864
14.0349 0.191195 1.11616 0.596113 -0.770784 0.00126729 -0.224809 0.0125838 -0.108071 -0.0570333 0.0734075 -0.0669838 0.340864
14.034 0.18637 1.11439 0.61369 -0.756449 0.00488344 -0.226155 0.0180775 0.0161579 -0.035029 -0.037613 0.1252 0.340864
14.0332 0.179746 1.11204 0.630942 -0.741713 0.00849701 -0.227381 0.0235712 0.0161579 -0.035029 -0.037613 0.1252 0.340864
14.0325 0.171302 1.10917 0.64786 -0.726584 0.0121061 -0.228487 0.0290649 0.0161579 -0.035029 -0.037613 0.1252 0.340864
14.0321 0.161029 1.10581 0.664435 -0.711071 0.0157087 -0.229472 0.0345586 0.0161579 -0.035029 -0.037613 0.1252 0.340864
14.0322 0.14893 1.102 0.680658 -0.695182 0.0193031 -0.230336 0.0400523 0.0161579 -0.035029 -0.037613 0.1252 0.340864
14.0331 0.135018 1.09782 0.696521 -0.678924 0.0228872 -0.231078 0.045546 0.0161579 -0.035029 -0.037613 0.1252 0.340864
14.0347 0.119321 1.09329 0.712015 -0.662307 0.0264592 -0.231697 0.0510397 0.0161579 -0.035029 -0.037613 0.1252 0.340864
14.0373 0.101873 1.08849 0.727132 -0.64534 0.0300172 -0.232194 0.0565334 0.0161579 -0.035029 -0.037613 0.1252 0.340864
14.0411 0.0827245 1.08347 0.741865 -0.628031 0.0335594 -0.232567 0.0620271 0.0161579 -0.035029 -0.037613 0.1252 0.340864
14.0462 0.0619335 1.07829 0.756204 -0.61039 0.0370837 -0.232818 0.0675208 0.0161579 -0.035029 -0.037613 0.1252 0.340864
14.055 0.0289316 1.07037 0.752062 -0.609448 0.0501866 -0.24588 0.138791 0.209619 0.0165258 -0.107385 -0.025779 0.340864
14.07 -0.0269263 1.05719 0.747649 -0.608286 0.0632714 -0.258854 0.210062 0.209619 0.0165258 -0.107385 -0.025779 0.340864
14.091 -0.105688 1.03896 0.742967 -0.606905 0.0763334 -0.271734 0.281332 0.209619 0.0165258 -0.107385 -0.025779 0.340864
14.1181 -0.207403 1.01586 0.738017 -0.605306 0.0893679 -0.284516 0.352603 0.209619 0.0165258 -0.107385 -0.025779 0.340864
14.1512 -0.332121 0.988064 0.7328 -0.603488 0.10237 -0.297196 0.423873 0.209619 0.0165258 -0.107385 -0.025779 0.340864
14.1852 -0.477879 0.956381 0.716709 -0.625056 0.109066 -0.289375 0.476187 0.153865 -0.016369 0.0269213 -0.166534 0.340864
14.2085 -0.60968 0.92693 0.698416 -0.646565 0.105413 -0.288196 0.330065 -0.429769 0.0534053 0.0446182 -0.152493 0.340864
14.2188 -0.693997 0.906464 0.679557 -0.667548 0.101674 -0.286783 0.183944 -0.429769 0.0534053 0.0446182 -0.152493 0.340864
14.2213 -0.730388 0.896964 0.660146 -0.687989 0.0978528 -0.285137 0.0378222 -0.429769 0.0534053 0.0446182 -0.152493 0.340864
14.2215 -0.737259 0.894929 0.648527 -0.704746 0.0598572 -0.281359 0.00434338 -0.098467 0.168285 0.184309 -0.0505527 0.340864
