0 0 0 0 0 0 1 4.67717e-310 0 0 0 0 0
0.00896786 0.000289127 0.000324493 -0.0238531 -0.0275379 0.0236661 0.999056 0.0598647 0.199549 -0.159071 -0.183643 0.157823 0.3
0.194372 -0.0106292 0.0224055 0.0111424 -0.0787239 -0.0618384 0.994914 0.356353 0.329431 0.0855586 -0.116802 -0.185103 0.9
0.305559 -0.0214204 0.0440443 0.00974144 -0.121507 -0.0243869 0.992243 0.0990104 -0.514685 -0.0278473 -0.172517 0.146115 0.5
0.457288 -0.0365457 0.0921656 0.058288 -0.175604 -0.0528882 0.98131 0.434284 0.55879 0.168242 -0.186569 -0.0773305 0.6
0.767758 -0.0831294 0.238907 -0.010492 -0.269931 -0.0759493 0.959822 0.259981 -0.174303 -0.134691 -0.183157 -0.0828873 1
0.972251 -0.122526 0.342768 -0.0431833 -0.184681 -0.110561 0.975605 0.257818 -0.00240273 -0.0342666 0.196329 -0.0929101 0.9
1.03088 -0.135265 0.36804 -0.0171079 -0.20837 -0.102044 0.972562 0.176222 -0.271988 0.140803 -0.174624 0.092098 0.3
1.16654 -0.15768 0.434707 0.00685585 -0.235872 -0.0567202 0.970103 0.435222 0.518 0.0440798 -0.115783 0.197283 0.5
1.32472 -0.171995 0.512968 0.042307 -0.216618 -0.00870395 0.975301 0.155167 -0.46676 0.08046 0.0585871 0.184687 0.6
1.47125 -0.174326 0.581049 0.0270243 -0.215352 0.00610519 0.976143 0.491231 0.672128 -0.0725565 0.00369418 0.0447784 0.5
1.61134 -0.173327 0.643772 -0.0320927 -0.196573 0.00231373 0.979961 0.020445 -0.784643 -0.190483 0.0630217 -0.0531937 0.6
1.708 -0.164954 0.680999 -0.103989 -0.17862 0.0399674 0.977591 0.239427 0.273728 -0.195162 0.0454761 0.0555529 0.8
1.76919 -0.156424 0.704105 -0.110424 -0.189437 0.0508709 0.974337 0.4203 0.904366 -0.0814484 -0.102797 0.107652 0.2
2.09214 -0.0991368 0.817111 -0.15893 -0.162347 0.0700186 0.97133 0.447212 0.0336393 -0.131572 0.0637178 0.0165822 0.8
2.39369 -0.0297856 0.901393 -0.0695283 -0.12614 0.117666 0.982552 0.354772 -0.11555 0.196261 0.127307 0.135903 0.8
2.58583 0.0274722 0.954102 -0.0510523 -0.148371 0.146066 0.976752 0.474623 0.239703 0.0671538 -0.0737259 0.129891 0.5
2.86591 0.104719 1.01174 -0.103003 -0.0466531 0.0928258 0.989241 0.119018 -0.355605 -0.114433 0.182287 -0.133814 1
2.97717 0.123524 1.01102 -0.167942 0.0319282 0.0739993 0.982497 0.106929 -0.0120891 -0.14296 0.139158 -0.0583484 1
3.06887 0.135468 1.00168 -0.171309 0.0446638 0.0704649 0.981679 0.158629 0.0738569 -0.0128574 0.0334184 -0.015553 0.7
3.13965 0.144333 0.994537 -0.181607 0.0329594 0.0694498 0.980362 0.31935 0.535735 -0.0637119 -0.082208 0.01041 0.3
3.29339 0.167162 0.989246 -0.144022 -0.0393719 0.0849357 0.985136 0.0697552 -0.311993 0.108245 -0.164303 0.0669453 0.8
3.32948 0.174179 0.989077 -0.0907786 0.0387161 0.111191 0.988887 0.012034 -0.0641347 0.100887 0.190035 0.036495 0.9
3.46597 0.216435 0.964103 -0.180147 0.0766403 0.185063 0.963029 0.27831 0.266276 -0.184637 0.0707293 0.152283 1
3.67557 0.302776 0.894895 -0.169981 0.152734 0.238698 0.943823 0.249182 -0.0323651 -0.00810442 0.19206 0.0906246 0.9
3.79719 0.356029 0.835869 -0.154445 0.198052 0.210798 0.944715 0.332215 0.166066 -0.00105543 0.166494 -0.146564 0.5
4.00197 0.451366 0.736143 -0.173591 0.150987 0.256191 0.938848 0.491283 0.265114 -0.000274502 -0.134524 0.184081 0.6
4.24597 0.58217 0.6108 -0.221955 0.186543 0.280063 0.915152 0.184353 -0.341034 -0.122373 0.0638563 0.0658584 0.9
4.31981 0.627055 0.561588 -0.23775 0.205855 0.316322 0.895008 0.312997 0.32161 -0.0878864 0.125325 0.187496 0.4
4.36996 0.660505 0.525883 -0.256366 0.182449 0.329443 0.8902 0.0373341 -0.689156 -0.0385088 -0.113657 0.113328 0.4
4.39934 0.682095 0.505834 -0.2293 0.176984 0.344623 0.892935 0.240106 0.675906 0.195806 0.0496337 0.0605092 0.3
4.54813 0.777582 0.404804 -0.247459 0.20684 0.282792 0.903333 0.342174 0.145811 -0.100266 0.0125356 -0.178516 0.7
4.6703 0.84626 0.315398 -0.225007 0.241308 0.293793 0.897122 0.212063 -0.216851 0.0375863 0.138351 -0.0049322 0.6
4.8477 0.968762 0.160967 -0.173696 0.269258 0.332001 0.88719 0.451247 0.29898 0.112109 0.127963 0.0463499 0.8
4.92011 1.02488 0.0891279 -0.17351 0.301589 0.324853 0.879437 0.324991 -0.420852 -0.092289 0.197318 -0.0629046 0.3
5.00032 1.08234 0.013756 -0.143481 0.257178 0.289296 0.910813 0.0891391 -0.393087 0.11862 -0.149909 -0.142832 0.6
5.02722 1.10062 -0.00789737 -0.14062 0.259679 0.305245 0.905328 0.171405 0.274221 0.034647 0.0453702 0.100128 0.3
5.19223 1.21157 -0.144315 -0.117153 0.278447 0.28019 0.911173 0.431468 0.325078 0.024588 0.0477961 -0.0830234 0.8
5.25265 1.25105 -0.195113 -0.0964141 0.287668 0.276891 0.911747 0.451127 0.0982967 0.154631 0.136673 -0.10022 0.2
5.31065 1.28797 -0.243028 -0.0866735 0.28292 0.261134 0.918833 0.386941 -0.320931 0.0634637 -0.0519004 -0.186746 0.2
5.53842 1.43161 -0.433056 0.0380813 0.330976 0.228246 0.914827 0.272262 -0.114679 0.185443 0.150508 -0.137701 1
5.71387 1.5489 -0.594201 0.107834 0.371311 0.200807 0.900098 0.258855 -0.0134068 0.0922843 0.117626 -0.0866903 1
5.728 1.55871 -0.607766 0.110792 0.36562 0.207259 0.900606 0.179238 -0.796166 0.12293 -0.108263 0.0798802 0.1
5.88098 1.69758 -0.7592 0.159468 0.379603 0.278199 0.8678 0.46199 0.35344 0.176534 0.06714 0.136298 0.8
5.92329 1.74604 -0.804442 0.165949 0.396229 0.291442 0.854708 0.32453 -0.687299 0.0811486 0.190907 0.15328 0.2
5.98113 1.82626 -0.874772 0.187081 0.423963 0.327677 0.823337 0.161155 -0.32675 0.118236 0.145204 0.145454 0.5
6.01628 1.88315 -0.923846 0.193418 0.440505 0.30827 0.820679 0.391801 0.76882 -0.0528979 0.136375 -0.0980054 0.3
6.09092 2.03195 -1.05631 0.193259 0.516401 0.351253 0.756705 0.0343072 -0.357494 0.0155927 0.164531 0.139764 1
6.11794 2.14926 -1.16478 0.210714 0.567049 0.332034 0.723746 0.428805 0.563568 -0.0232653 0.186393 -0.00626603 0.7
6.13148 2.21588 -1.22892 0.197512 0.560381 0.328782 0.734074 0.194289 -0.781718 -0.0757494 -0.0958753 0.0019857 0.3
6.13386 2.22654 -1.23931 0.209149 0.560239 0.324319 0.732943 0.107183 -0.871069 0.126239 0.104744 -0.189059 0.1
6.13571 2.23521 -1.24756 0.210686 0.563784 0.338007 0.72354 0.0139789 -0.466018 0.0961302 0.055021 0.129628 0.2
6.15583 2.36346 -1.37101 0.215033 0.588605 0.321961 0.70968 0.384136 0.411286 -0.0252741 0.0680644 -0.00921755 0.9
6.1595 2.38795 -1.39466 0.22419 0.581602 0.322814 0.712228 0.300726 -0.834105 0.174157 -0.0741044 -0.142218 0.1
6.16628 2.45055 -1.45647 0.200512 0.612071 0.326126 0.691958 0.287695 -0.043438 -0.134907 0.167415 0.196759 0.3
6.17317 2.6877 -1.67662 0.266168 0.622947 0.328993 0.657917 0.359911 0.0722164 0.101025 0.0984873 -0.049886 1
6.1733 2.71889 -1.70292 0.263569 0.624765 0.331626 0.655915 0.455971 0.960602 -0.00270168 0.0177471 0.0898856 0.1
6.17303 2.77578 -1.75199 0.24287 0.624627 0.336719 0.661419 0.295334 -0.803186 -0.11801 -0.117362 0.144117 0.2
6.18036 2.9155 -1.87039 0.25184 0.582206 0.347216 0.690691 0.438105 0.285542 0.0786931 -0.183573 -0.0753128 0.5
6.18951 3.01128 -1.95168 0.263257 0.610492 0.311029 0.679159 0.191769 -0.61584 -0.100538 0.19672 -0.102605 0.4
6.19115 3.03323 -1.97094 0.278886 0.615305 0.31032 0.668823 0.100685 -0.455417 0.114073 0.146272 -0.0554166 0.2
6.19559 3.09269 -2.0184 0.326547 0.61323 0.302675 0.65246 0.280407 0.449305 0.161968 0.128069 -0.149765 0.4
6.20003 3.13887 -2.0538 0.331905 0.607303 0.286916 0.662345 0.0113628 -0.672611 -0.038013 -0.0158043 -0.0924855 0.4
6.20285 3.17166 -2.076 0.349703 0.598903 0.337021 0.636741 0.121027 0.182774 0.177189 -0.00513174 0.0898437 0.6
6.25257 3.43278 -2.23159 0.40623 0.544088 0.297505 0.671145 0.495703 0.374676 0.0375964 -0.0453435 -0.179828 1
6.29653 3.61749 -2.34221 0.392792 0.580359 0.293695 0.650108 0.132295 -0.519154 -0.038119 0.0952862 0.0735871 0.7
6.3219 3.84009 -2.50686 0.340989 0.637836 0.263032 0.638519 0.486213 0.393242 -0.141947 0.0910444 0.0803398 0.9
6.34841 4.07083 -2.67523 0.395815 0.587939 0.288445 0.643783 0.33424 -0.217104 0.178886 -0.0842638 -0.10623 0.7
6.38537 4.3237 -2.80562 0.462211 0.575719 0.333225 0.586404 0.240377 -0.0938636 0.190932 0.0546791 0.00301681 1
6.40463 4.42268 -2.84865 0.452916 0.536597 0.303442 0.644092 0.198525 -0.083703 -0.14504 -0.182115 -0.19787 0.5
6.44252 4.54931 -2.90754 0.436248 0.506812 0.321732 0.670312 0.380344 0.363637 -0.0150406 -0.186449 -0.0028884 0.5
6.45229 4.57918 -2.92124 0.437555 0.503368 0.317938 0.673856 0.305294 -0.750496 -0.0296919 -0.040574 -0.116968 0.1
6.5034 4.70584 -2.98388 0.391103 0.450324 0.299909 0.744514 0.0706515 -0.293303 -0.136309 -0.195815 -0.0862493 0.8
6.58083 4.91787 -3.08089 0.418119 0.494899 0.359017 0.671831 0.421412 0.350761 0.123817 0.102001 0.142417 1
6.62338 5.08627 -3.14867 0.399558 0.504382 0.38337 0.662555 0.200198 -0.36869 0.000187384 -0.0196177 0.109493 0.6
6.63415 5.13252 -3.16587 0.40449 0.474798 0.398797 0.672247 0.136525 -0.212242 0.123482 -0.191791 -0.0520266 0.3
6.63991 5.15602 -3.17415 0.385186 0.477262 0.404649 0.678315 0.0339409 -0.341949 -0.0909156 -0.0752731 0.0778477 0.3
6.68323 5.29631 -3.22477 0.407172 0.447542 0.377657 0.700923 0.3113 0.308177 0.0118918 -0.0259147 -0.109822 0.9
6.70791 5.36828 -3.2496 0.398546 0.439028 0.394461 0.702009 0.489117 0.889082 0.0424807 -0.165543 0.11763 0.2
6.7339 5.44179 -3.27297 0.417607 0.423534 0.389751 0.703077 0.324912 -0.821021 0.170013 -0.0194983 -0.182734 0.2
6.76972 5.53392 -3.30007 0.446816 0.426085 0.371253 0.693526 0.358455 0.111809 0.10466 0.166355 -0.137281 0.3
6.82324 5.66817 -3.34238 0.401492 0.423997 0.380991 0.716852 0.394537 0.0902048 -0.184737 -0.162896 0.0823974 0.4
6.87315 5.79651 -3.38409 0.379794 0.403652 0.406898 0.726124 0.324868 -0.174172 -0.00270821 -0.185969 0.0803738 0.4
6.94607 5.96456 -3.43935 0.368754 0.382556 0.379573 0.757361 0.313161 -0.0195119 -0.0744479 -0.0735014 -0.120403 0.6
7.04479 6.13337 -3.50157 0.356012 0.340629 0.339459 0.801246 0.371439 0.0971297 -0.0842916 -0.128738 -0.192259 0.6
7.12698 6.26288 -3.54451 0.386804 0.336839 0.37544 0.771988 0.265989 -0.210899 0.194624 0.018298 0.107752 0.5
7.2132 6.39922 -3.57735 0.43499 0.31177 0.353916 0.767025 0.282919 0.0282169 0.137681 0.0291332 -0.135679 0.6
7.2656 6.47088 -3.5956 0.440517 0.326113 0.298537 0.781326 0.0797769 -0.406285 -0.0973517 0.13043 -0.17219 0.5
7.36182 6.58686 -3.62433 0.465283 0.284238 0.316392 0.776284 0.303917 0.280176 0.0997845 -0.078899 -0.0276833 0.8
7.44703 6.68397 -3.64141 0.50384 0.274855 0.300164 0.761906 0.34773 0.109531 0.174946 0.0827909 -0.116906 0.4
7.52185 6.76824 -3.65531 0.504115 0.287739 0.30407 0.755391 0.409261 0.205104 0.00465524 0.0648167 0.0756551 0.3
7.66758 6.92801 -3.67766 0.486785 0.243472 0.310108 0.779484 0.46053 0.102538 -0.0401741 -0.194833 -0.0804169 0.5
7.82019 7.08376 -3.68979 0.484351 0.212799 0.316134 0.787515 0.26752 -0.321684 0.0172442 -0.0985269 -0.0404463 0.6
7.92189 7.17873 -3.70027 0.479701 0.233996 0.271249 0.800973 0.430499 0.407449 -0.132223 0.170573 -0.141793 0.4
8.13256 7.34637 -3.74861 0.434573 0.251096 0.193426 0.84302 0.178232 -0.280297 -0.176221 0.0644401 -0.122377 0.9
8.18457 7.38287 -3.76499 0.438427 0.2539 0.206765 0.836998 0.149855 -0.0709417 0.0433656 -0.00587919 0.0633054 0.4
8.21051 7.40175 -3.77382 0.42749 0.279287 0.194104 0.837601 0.0165198 -0.333338 -0.0894265 0.121945 0.0159294 0.4
8.26528 7.43994 -3.79786 0.428361 0.296105 0.161198 0.838358 0.338371 0.804627 -0.060255 0.140589 -0.103838 0.4
8.37734 7.5093 -3.8524 0.41721 0.295996 0.118621 0.851029 0.375015 0.0916119 -0.136878 0.0630083 -0.172469 0.4
8.4924 7.56984 -3.91415 0.421344 0.305637 0.0785516 0.850227 0.344822 -0.0754827 -0.0457682 0.128286 -0.156079 0.4
8.54468 7.59485 -3.94407 0.41895 0.306626 0.0696579 0.851827 0.307456 -0.186832 -0.0550534 0.0391181 -0.0653876 0.2
8.58435 7.61344 -3.96768 0.414707 0.320076 0.0613974 0.849588 0.0243007 -0.943851 -0.0409776 0.102063 0.000369301 0.3
8.60132 7.62164 -3.97911 0.395944 0.341789 0.0602323 0.850165 0.196211 0.859552 -0.178883 0.17596 0.139866 0.2
8.77838 7.70593 -4.10239 0.468234 0.339478 0.0235514 0.815449 0.382861 0.233312 0.157218 0.0720399 -0.136969 0.8
8.86627 7.74589 -4.15985 0.452726 0.314019 0.0423313 0.83345 0.178983 -0.509693 -0.0705175 -0.180201 0.0411791 0.4
8.95928 7.78741 -4.2142 0.429105 0.30177 0.0616006 0.849123 0.398304 0.548302 -0.101088 -0.124297 0.0863627 0.4
9.0195 7.81605 -4.24987 0.432652 0.32357 0.0680414 0.83874 0.357991 -0.201568 0.0806943 0.19101 0.14394 0.2
9.10661 7.85885 -4.30523 0.399403 0.327446 0.0630548 0.853979 0.200701 -0.393225 -0.181831 -0.00892468 0.0360891 0.4
9.36315 7.94883 -4.49274 0.403833 0.337768 -0.0448181 0.849013 0.460857 0.260156 -0.0605327 0.107821 -0.178623 1
9.52425 7.97658 -4.60775 0.385073 0.263561 -0.0791714 0.880901 0.206228 -0.424381 -0.145976 -0.19713 -0.171457 0.6
9.57298 7.97972 -4.63908 0.360159 0.277478 -0.0878833 0.886323 0.180583 -0.0854858 -0.168223 0.107736 0.0312092 0.3
9.71317 7.98732 -4.73902 0.34146 0.303555 -0.0924174 0.884714 0.311862 0.187542 -0.0427515 0.0766849 0.0297774 0.7
9.87328 8.00186 -4.85207 0.321637 0.290205 -0.0476882 0.900031 0.4745 0.325275 -0.0417135 -0.119662 0.169867 0.5
10.1764 8.02501 -5.03086 0.413668 0.215671 -0.089847 0.879939 0.309864 -0.182928 0.163785 -0.11605 -0.199613 0.9
10.3442 8.01586 -5.11006 0.379873 0.146339 -0.148873 0.901176 0.062183 -0.247681 -0.115153 -0.0763945 -0.143081 1
10.4396 7.99353 -5.157 0.380949 0.173923 -0.208087 0.883928 0.300295 0.396853 0.00988251 0.165845 -0.152149 0.6
10.6735 7.94322 -5.26138 0.377726 0.123996 -0.130332 0.908274 0.222492 -0.0778026 -0.0180054 -0.154869 0.110844 1
10.805 7.91953 -5.30911 0.390394 0.124376 -0.157036 0.898589 0.487248 0.66189 0.0595212 0.049915 -0.134743 0.4
11.0138 7.88275 -5.39083 0.429266 0.14239 -0.145246 0.879977 0.269967 -0.362135 0.155031 0.025994 0.0329081 0.6
11.1394 7.86918 -5.43752 0.452987 0.126685 -0.104426 0.87627 0.269177 -0.00158017 0.104029 -0.137097 0.101097 0.5
11.216 7.86325 -5.46598 0.472867 0.153107 -0.129014 0.858085 0.140667 -0.321277 0.126554 0.172651 -0.0699957 0.4
11.37 7.85808 -5.52617 0.507408 0.151775 -0.0883089 0.843625 0.272918 0.165314 0.106398 -0.0566112 0.0678961 0.8
11.4082 7.85828 -5.54018 0.505549 0.150725 -0.0873516 0.845028 0.133724 -0.695969 -0.0222814 -0.0142078 0.00680739 0.2
11.5601 7.85196 -5.58613 0.492133 0.0913861 -0.0936153 0.860633 0.396221 0.437495 -0.084568 -0.160629 -0.106425 0.6
11.9193 7.78753 -5.67776 0.450159 0.0436396 -0.174546 0.874635 0.441272 0.0500562 -0.122177 0.00308617 -0.195914 0.9
12.1407 7.72995 -5.73361 0.46468 0.055942 -0.155108 0.869991 0.231466 -0.299723 0.050827 -0.000919982 0.0602783 0.7
12.1917 7.71762 -5.74701 0.456501 0.0582844 -0.170172 0.87135 0.0394207 -0.480113 -0.0411394 0.0511558 -0.0567471 0.4
12.3136 7.69412 -5.78571 0.474917 0.106504 -0.142907 0.861794 0.480924 0.883007 0.120889 0.108032 0.172381 0.5
12.473 7.66463 -5.83942 0.490031 0.0831044 -0.170557 0.850807 0.202222 -0.557403 0.0478292 -0.0321042 -0.152526 0.5
12.5144 7.65511 -5.85363 0.487597 0.0897983 -0.179087 0.849773 0.0967025 -0.351733 -0.00754356 0.069178 -0.0263435 0.3
12.5563 7.644 -5.86814 0.46058 0.0747219 -0.194373 0.862845 0.131805 0.087756 -0.167062 -0.00847041 -0.0778853 0.4
12.6538 7.61205 -5.89986 0.429322 0.0596063 -0.211406 0.876035 0.405068 0.683158 -0.186332 -0.000536349 -0.0838212 0.4
12.7173 7.58841 -5.92035 0.429716 0.0557025 -0.228238 0.871865 0.302785 -0.511417 0.00306002 0.0397207 -0.173272 0.2
12.8 7.55793 -5.9486 0.413456 0.0856475 -0.208269 0.882237 0.067733 -0.470103 -0.0427551 0.0826629 0.134244 0.5
12.9873 7.49269 -6.01566 0.349398 0.0933443 -0.212681 0.907731 0.397422 0.366321 -0.146407 0.0439741 0.0224309 0.9
13.1775 7.40443 -6.08331 0.262428 0.0625112 -0.308985 0.912005 0.0440604 -0.353361 -0.192544 0.047658 -0.178859 1
13.2234 7.37262 -6.09894 0.231759 0.0635564 -0.321529 0.915897 0.342363 0.994342 -0.196385 0.0898704 -0.0536547 0.3
13.3138 7.30666 -6.12829 0.294764 0.0204247 -0.335336 0.894565 0.0434242 -0.498231 0.159853 -0.18422 -0.111805 0.6
13.4291 7.19952 -6.14308 0.249196 -0.102241 -0.379234 0.885229 0.30871 0.294762 -0.178442 -0.181293 -0.173057 0.9
13.5978 6.99018 -6.14187 0.230942 -0.132636 -0.451377 0.851664 0.289492 -0.0213531 -0.0265787 -0.0120998 -0.191426 0.9
13.6443 6.92207 -6.13896 0.230522 -0.149529 -0.438654 0.855619 0.260939 -0.0951775 -0.070561 -0.110754 0.0577648 0.3
13.7583 6.74315 -6.14467 0.256239 -0.094071 -0.488247 0.828919 0.44721 0.310452 0.199901 0.145535 -0.125194 0.6
13.9635 6.43904 -6.15948 0.287657 -0.150379 -0.41745 0.848749 0.471767 0.0306967 -0.033028 -0.196038 0.142463 0.8
14.0937 6.27694 -6.15576 0.253615 -0.127424 -0.39798 0.872384 0.221454 -0.417189 -0.0968334 0.105537 0.0929574 0.6
14.1558 6.20062 -6.15471 0.228163 -0.113302 -0.424285 0.868957 0.434382 0.70976 -0.082441 0.191278 -0.159865 0.3
14.3514 5.9074 -6.11738 0.174831 -0.22814 -0.462247 0.838876 0.276708 -0.157674 -0.168322 -0.144259 -0.156469 1
14.4366 5.7208 -6.05896 0.133542 -0.283559 -0.503605 0.805073 0.333429 0.0810302 -0.128473 -0.0797718 -0.198619 0.7
14.4462 5.69554 -6.04967 0.131416 -0.285313 -0.500195 0.806927 0.237898 -0.955313 -0.0761873 -0.00543056 0.0568441 0.1
14.4666 5.64095 -6.02975 0.128018 -0.278499 -0.509844 0.803809 0.172648 -0.217497 0.0255317 0.0505118 -0.0627976 0.3
14.4707 5.62933 -6.02566 0.133082 -0.280078 -0.513345 0.800202 0.0876093 -0.850391 0.0940402 -0.0881524 -0.0689102 0.1
14.4813 5.60026 -6.01528 0.103736 -0.266013 -0.514158 0.808775 0.129828 0.140729 -0.114525 0.192231 -0.0173132 0.3
14.5446 5.43504 -5.96346 0.184761 -0.272336 -0.498934 0.801724 0.484878 0.59175 0.196766 -0.167621 0.0987282 0.6
14.6052 5.27211 -5.918 0.198094 -0.288485 -0.507138 0.78762 0.413489 -0.178471 0.0373613 -0.109637 -0.0648417 0.4
14.6462 5.15316 -5.88019 0.188017 -0.321979 -0.493686 0.785655 0.462614 0.163748 -0.189467 -0.163382 0.000378237 0.3
14.7199 4.91366 -5.77981 0.153128 -0.371597 -0.492382 0.772028 0.437765 -0.0414152 -0.165989 -0.0880284 -0.0876086 0.6
14.8194 4.56742 -5.6205 0.214742 -0.38222 -0.46895 0.766733 0.350132 -0.0876326 0.0689319 -0.088255 0.0735581 1
14.838 4.50098 -5.59062 0.199538 -0.399936 -0.478501 0.755826 0.15126 -0.662907 -0.0931593 -0.0571483 -0.14704 0.3
14.8485 4.45223 -5.57011 0.251355 -0.40215 -0.51814 0.711778 0.00286062 -0.211999 0.179462 -0.103463 -0.087963 0.7
14.8545 4.40898 -5.55442 0.259978 -0.434756 -0.499598 0.70271 0.182721 0.359722 -0.0637521 -0.143972 0.0150879 0.5
14.8643 4.27498 -5.50113 0.237788 -0.465799 -0.52024 0.675158 0.395691 0.425939 -0.0598844 -0.0693888 -0.184032 0.5
14.8787 4.07062 -5.43071 0.339397 -0.43663 -0.496053 0.669398 0.146512 -0.311474 0.185065 -0.104211 0.16933 0.8
14.8877 3.91806 -5.39849 0.380973 -0.474995 -0.521731 0.597525 0.300135 0.219461 0.127062 -0.197358 -0.136518 0.7
14.8959 3.77824 -5.37889 0.394815 -0.404092 -0.526253 0.635522 0.171609 -0.214209 0.109908 0.183256 0.169221 0.6
14.9216 3.61787 -5.35332 0.416513 -0.451206 -0.44911 0.649022 0.194076 0.0249632 -0.105727 -0.14769 0.103033 0.9
14.9274 3.5884 -5.34731 0.448136 -0.454492 -0.448067 0.625977 0.0100606 -0.613385 0.187892 -0.181165 0.0215185 0.3
14.9437 3.40561 -5.30958 0.391474 -0.496083 -0.485625 0.604002 0.406586 0.440584 -0.0604846 0.0137869 -0.172969 0.9
14.9429 3.25947 -5.2699 0.33998 -0.541057 -0.485946 0.596261 0.199614 -0.413944 -0.199171 -0.0235048 -0.188568 0.5
14.9414 3.23161 -5.26022 0.340362 -0.54822 -0.467652 0.604078 0.0957318 -0.51941 -0.158104 -0.0644742 0.12479 0.2
14.9397 3.17505 -5.23773 0.306372 -0.538579 -0.466969 0.630879 0.107276 0.0192405 -0.0850953 0.120638 -0.0080238 0.6
14.9413 3.10563 -5.20716 0.320501 -0.532424 -0.438708 0.649107 0.272123 0.412117 -0.0450959 -0.00777901 0.179222 0.4
14.9428 3.06214 -5.18844 0.326158 -0.534313 -0.456252 0.632428 0.201628 -0.352477 0.175311 -0.0696612 -0.162999 0.2
14.9498 2.93795 -5.13046 0.341569 -0.556355 -0.384856 0.652446 0.256093 0.090775 -0.150112 -0.111989 0.184629 0.6
14.961 2.8449 -5.08267 0.34564 -0.536767 -0.387023 0.665303 0.445308 0.630718 0.0467265 0.127384 0.08327 0.3
14.9849 2.64162 -4.96624 0.314226 -0.593814 -0.34054 0.657784 0.0783761 -0.407702 -0.145333 -0.102103 -0.0190532 0.9
14.9875 2.58585 -4.93186 0.350203 -0.596767 -0.363195 0.623952 0.184036 0.21132 0.187064 -0.108717 -0.0239616 0.5
14.9898 2.50773 -4.88468 0.328706 -0.6049 -0.349113 0.635742 0.272465 0.221073 -0.14452 0.024193 -0.0130448 0.4
14.9903 2.47294 -4.86228 0.31949 -0.611358 -0.355916 0.630469 0.141305 -0.655799 -0.0226499 -0.0184254 -0.138631 0.2
14.9921 2.39088 -4.80766 0.306053 -0.59775 -0.352698 0.651637 0.187368 0.0767701 -0.0411995 0.0842635 0.0189879 0.6
14.9785 2.13432 -4.64215 0.303395 -0.634847 -0.386338 0.596376 0.492384 0.338907 0.0493893 -0.102257 -0.1209 0.9
14.9739 2.0943 -4.6177 0.306274 -0.6259 -0.38985 0.602048 0.449939 -0.424451 0.113649 0.177803 0.092797 0.1
14.9702 2.05951 -4.59678 0.303768 -0.626453 -0.394662 0.599602 0.365352 -0.845868 0.0407274 0.0117309 -0.111769 0.1
14.9522 1.93984 -4.52511 0.274675 -0.637109 -0.425564 0.580983 0.103583 -0.436282 0.0112218 0.00938956 -0.15786 0.6
14.9289 1.84551 -4.4688 0.2486 -0.638168 -0.45653 0.567909 0.270778 0.278657 0.0257391 0.0355342 -0.134901 0.6
14.8773 1.6791 -4.36572 0.196506 -0.631661 -0.491365 0.566525 0.179159 -0.101798 -0.00898313 0.0783964 -0.115725 0.9
14.8602 1.62777 -4.33448 0.226584 -0.62547 -0.492257 0.561364 0.237368 0.194029 0.144427 -0.0957274 0.114514 0.3
14.8456 1.58311 -4.30825 0.214317 -0.630541 -0.491192 0.561442 0.121496 -0.386242 -0.0671118 0.0199987 -0.0545706 0.3
14.8341 1.5508 -4.28926 0.229106 -0.642197 -0.494903 0.538669 0.0352718 -0.172448 0.039199 -0.109507 -0.0257733 0.5
14.8115 1.50025 -4.2614 0.254375 -0.693076 -0.467283 0.486401 0.119719 0.105559 -0.0433757 -0.199741 -0.0160638 0.8
14.7399 1.35798 -4.17888 0.25637 -0.72017 -0.426523 0.483433 0.278968 0.176943 -0.0871137 -0.058993 0.0287442 0.9
14.654 1.21669 -4.0795 0.179088 -0.749508 -0.428206 0.472021 0.203826 -0.0939266 -0.114474 0.0275133 -0.172347 0.8
14.6032 1.14251 -4.01773 0.181712 -0.735586 -0.422094 0.497726 0.159824 -0.0733368 -0.00661497 0.0787419 0.0611827 0.6
14.5091 0.97366 -3.90551 0.261517 -0.70435 -0.453611 0.479309 0.337578 0.197504 0.176778 -0.0577696 0.0910615 0.9
14.4782 0.912379 -3.874 0.275411 -0.701751 -0.463903 0.465283 0.417928 0.401749 0.187572 -0.122447 -0.0082903 0.2
14.3869 0.741214 -3.77653 0.201538 -0.702899 -0.466201 0.497968 0.20279 -0.30734 -0.120969 0.163908 -0.10887 0.7
14.3211 0.633589 -3.69269 0.152229 -0.716155 -0.456043 0.505937 0.403219 0.400858 -0.157996 0.079801 -0.114284 0.5
14.2801 0.570658 -3.63971 0.136687 -0.691425 -0.499408 0.503825 0.0564756 -0.866858 0.174044 0.123496 -0.151416 0.4
14.2351 0.508598 -3.58709 0.124492 -0.713981 -0.490482 0.4839 0.4084 0.879811 -0.104307 -0.101369 -0.0848578 0.4
14.1854 0.442464 -3.53025 0.111934 -0.687352 -0.521064 0.493468 0.0936385 -0.786904 0.138184 0.148468 -0.0788075 0.4
14.0912 0.290165 -3.4222 0.186943 -0.67107 -0.510685 0.503903 0.371425 0.308652 0.0827431 -0.0556998 0.14223 0.9
13.998 0.103999 -3.31017 0.191477 -0.627428 -0.536978 0.530402 0.304202 -0.0960332 0.106524 0.121135 0.0328333 0.7
13.881 -0.175595 -3.15644 0.158016 -0.563851 -0.587712 0.558298 0.375593 0.0713909 0.0858866 0.158037 -0.0415608 1
13.8222 -0.321149 -3.08103 0.141687 -0.53973 -0.619847 0.551731 0.204929 -0.284439 0.0807476 0.0814887 -0.0906828 0.6
13.7773 -0.409487 -3.03225 0.0741979 -0.569354 -0.648384 0.499929 0.0408293 -0.182333 -0.073123 0.00349944 -0.196909 0.9
13.7316 -0.498596 -2.96727 0.059201 -0.560994 -0.585297 0.582416 0.258023 0.271492 -0.110495 0.140726 0.193117 0.8
13.7136 -0.540336 -2.93361 0.0313398 -0.55602 -0.59359 0.580957 0.119088 -0.463118 -0.0571838 0.125865 -0.14015 0.3
13.688 -0.593346 -2.88629 0.0520387 -0.617758 -0.543892 0.565551 0.132712 0.0227076 -0.172775 -0.194485 0.0977844 0.6
13.6062 -0.725974 -2.71747 -0.0814145 -0.628924 -0.528042 0.564798 0.327842 0.19513 -0.183155 0.130355 -0.14939 1
13.5751 -0.771635 -2.63773 -0.111974 -0.630669 -0.494002 0.587946 0.157354 -0.426219 -0.188608 0.162476 0.061886 0.4
13.5719 -0.776811 -2.62796 -0.0993567 -0.628242 -0.494648 0.592253 0.0731584 -0.84196 0.190132 -0.0432558 0.188664 0.1
13.4988 -0.902896 -2.42653 -0.0314208 -0.642508 -0.487717 0.590193 0.424212 0.351054 0.0572859 -0.0853864 0.0944444 1
13.461 -0.969355 -2.32425 -0.0674826 -0.629647 -0.49899 0.591608 0.42727 0.0101933 -0.0515032 0.1716 -0.196969 0.3
13.409 -1.07041 -2.17268 -0.0926393 -0.558192 -0.560659 0.604567 0.114106 -0.447377 0.173072 0.168342 -0.145034 0.7
13.4012 -1.08736 -2.14905 -0.109436 -0.563778 -0.564482 0.592906 0.0365481 -0.193896 -0.0611722 -0.00411757 -0.0885435 0.4
13.3902 -1.11033 -2.11373 -0.0708917 -0.617194 -0.486591 0.614227 0.060196 0.0262754 -0.108816 -0.0732067 0.190998 0.9
13.3747 -1.14999 -2.04378 -0.0531451 -0.640658 -0.406163 0.649434 0.103657 0.0434606 -0.0954591 0.00877878 0.158525 1
13.3654 -1.17909 -1.99517 0.0283429 -0.65066 -0.403663 0.642568 0.0878821 -0.0262908 0.156485 -0.14636 0.172103 0.6
13.357 -1.20369 -1.95647 0.0402188 -0.68467 -0.352392 0.636733 0.14518 0.143244 -0.196589 -0.159592 0.186888 0.4
13.3357 -1.28042 -1.80059 -0.0306743 -0.661898 -0.305184 0.683968 0.205467 0.0602874 -0.142913 0.14008 -0.00183983 1
13.3344 -1.28852 -1.7801 -0.0545673 -0.657059 -0.306531 0.686538 0.0152576 -0.951047 -0.138959 0.122631 -0.161019 0.2
13.334 -1.29948 -1.74826 -0.0507407 -0.651722 -0.265517 0.70865 0.0970246 0.136278 -0.0716228 0.0642148 0.123907 0.6
13.3339 -1.30484 -1.73102 -0.0770969 -0.659695 -0.271512 0.69652 0.0232899 -0.245782 -0.116705 -0.0457482 -0.161632 0.3
13.3345 -1.32212 -1.65061 -0.0830622 -0.671123 -0.197614 0.709679 0.159571 0.151424 -0.122326 0.0178791 0.115645 0.9
13.335 -1.32764 -1.61245 -0.0913854 -0.685898 -0.169716 0.701704 0.0975819 -0.206631 -0.188113 -0.0791841 0.0924435 0.3
13.3498 -1.33304 -1.42974 -0.202987 -0.636231 -0.157852 0.727386 0.269745 0.172163 -0.151743 0.145364 -0.137165 1
13.361 -1.33048 -1.34955 -0.223817 -0.634016 -0.173238 0.719666 0.27032 0.00191869 -0.0438748 -0.0209044 -0.174103 0.3
13.3662 -1.32921 -1.30859 -0.225899 -0.638244 -0.183878 0.712603 0.142783 -0.63769 0.0293529 -0.0954198 -0.0925488 0.2
13.3674 -1.32903 -1.29845 -0.218956 -0.638793 -0.191008 0.712403 0.0615181 -0.812645 0.187046 -0.0681282 -0.0112472 0.1
13.4073 -1.30872 -1.09071 -0.319642 -0.596083 -0.162875 0.718321 0.364042 0.302524 -0.160837 0.119453 -0.105218 1
13.465 -1.28173 -0.89323 -0.359649 -0.547228 -0.195406 0.730075 0.229001 -0.192917 0.00677265 0.109286 -0.174199 0.7
13.5458 -1.24158 -0.685225 -0.435292 -0.531208 -0.160001 0.709041 0.338369 0.13671 -0.19784 0.0693386 -0.0636238 0.8
13.5804 -1.216 -0.595767 -0.420197 -0.573052 -0.142995 0.688911 0.158216 -0.450381 -0.0689709 -0.17695 0.175426 0.4
13.5972 -1.2017 -0.550699 -0.450637 -0.541236 -0.14612 0.694723 0.0926685 -0.16387 -0.0609595 0.141489 -0.160723 0.4
13.6305 -1.18074 -0.480438 -0.43755 -0.50659 -0.13913 0.729767 0.175909 0.138735 0.0872493 0.147643 0.00482475 0.6
13.7373 -1.13082 -0.298823 -0.379934 -0.478765 -0.0881287 0.786554 0.442848 0.381341 0.128577 0.181368 0.177816 0.7
13.7892 -1.1077 -0.217228 -0.351887 -0.488769 -0.0621578 0.795875 0.0542809 -0.971418 0.0614472 0.019952 0.192441 0.4
13.8076 -1.09751 -0.189887 -0.38874 -0.473179 -0.0126997 0.790456 0.044349 -0.0141884 -0.155653 0.084209 0.044394 0.7
13.8115 -1.095 -0.184358 -0.391588 -0.479847 -0.0200346 0.78486 0.0281118 -0.0811864 -0.0104029 -0.107342 -0.0462436 0.2
13.8183 -1.09069 -0.174286 -0.443423 -0.489532 -0.0759833 0.746968 0.00871709 -0.0277067 -0.0825831 -0.133461 -0.188091 0.7
13.8714 -1.06618 -0.115386 -0.519132 -0.377677 -0.0765566 0.76289 0.157504 0.148787 -0.0816764 0.19429 -0.172291 1
13.9082 -1.0514 -0.083151 -0.544707 -0.357635 -0.0586174 0.756278 0.183669 0.0872152 -0.187938 0.160463 -0.0459058 0.3
14.0182 -1.01055 -0.005978 -0.58798 -0.294121 -0.0447664 0.752176 0.217911 0.0489173 -0.103511 0.162018 -0.113939 0.7
14.0515 -0.998821 0.0144554 -0.607108 -0.307087 -0.0491984 0.73123 0.0541319 -0.54593 -0.173226 -0.117776 -0.0151544 0.3
14.0868 -0.985968 0.0346599 -0.645898 -0.274718 -0.0384023 0.711246 0.0677829 0.0195014 -0.120689 0.0743112 -0.0704719 0.7
14.1061 -0.979284 0.0437083 -0.655182 -0.233018 -0.00570473 0.718614 0.00665242 -0.101884 -0.030768 0.177284 -0.0198282 0.6
