0 0 0 0 0 0 1 4.65368e-310 0 0 0 0 0
0.00189405 -6.16817e-05 4.89617e-05 0.0310436 -0.0199355 -0.0239474 0.999032 0.0111523 0.0328009 0.182668 -0.117306 -0.140912 0.340864
0.00755414 -0.000501694 0.000379509 0.0620271 -0.0398325 -0.0478484 0.996131 0.0223046 0.0328009 0.182668 -0.117306 -0.140912 0.340864
0.0169144 -0.00171835 0.00123782 0.0928906 -0.0596524 -0.0716567 0.991301 0.0334569 0.0328009 0.182668 -0.117306 -0.140912 0.340864
0.0388811 -0.00465776 0.00338125 0.0665682 -0.0487859 -0.0554663 0.995044 0.0975271 0.188442 -0.156665 0.066938 0.0927052 0.340864
0.0796999 -0.00959274 0.00817111 0.0703505 -0.0736336 -0.0558389 0.993233 0.145992 0.142544 0.0148492 -0.147062 -0.0114178 0.340864
0.136338 -0.0167512 0.0176488 0.0740881 -0.0984345 -0.0561761 0.990791 0.194457 0.142544 0.0148492 -0.147062 -0.0114178 0.340864
0.208372 -0.0262974 0.0333795 0.0777787 -0.123173 -0.0564777 0.987719 0.242922 0.142544 0.0148492 -0.147062 -0.0114178 0.340864
0.295259 -0.0384052 0.056895 0.0814199 -0.147833 -0.0567433 0.984021 0.291386 0.142544 0.0148492 -0.147062 -0.0114178 0.340864
0.343175 -0.0450328 0.0713311 0.0601155 -0.152517 -0.052864 0.985053 0.00556267 -0.840658 -0.128759 -0.0209617 0.0020301 0.340864
0.34597 -0.0452771 0.0722736 0.0397987 -0.171901 -0.0189034 0.984128 0.0118515 0.0184967 -0.153943 -0.11888 0.171468 0.340864
0.350729 -0.0453377 0.0740979 0.0194046 -0.190951 0.015094 0.981292 0.0181404 0.0184967 -0.153943 -0.11888 0.171468 0.340864
0.357365 -0.0448962 0.0769461 -0.00102723 -0.209631 0.049062 0.976548 0.0244293 0.0184967 -0.153943 -0.11888 0.171468 0.340864
0.365754 -0.0436319 0.0809295 -0.0214571 -0.227903 0.0829347 0.969908 0.0307181 0.0184967 -0.153943 -0.11888 0.171468 0.340864
0.373272 -0.0424541 0.0849011 -0.0103134 -0.253917 0.0481438 0.965972 0.0197921 -0.0321354 0.122455 -0.152706 -0.178411 0.340864
0.377447 -0.042131 0.0873878 0.00085118 -0.279418 0.0132554 0.960078 0.00886605 -0.0321354 0.122455 -0.152706 -0.178411 0.340864
0.385489 -0.0417729 0.0927536 -0.00551769 -0.296422 0.021641 0.954796 0.048044 0.115229 -0.0484023 -0.10526 0.0372193 0.340864
0.396142 -0.0409936 0.100527 -0.0112013 -0.325422 0.0362585 0.944807 0.0296818 -0.0540064 -0.0540528 -0.180579 0.0744154 0.340864
0.401497 -0.040373 0.104944 -0.0168716 -0.354036 0.0508329 0.933697 0.0113196 -0.0540064 -0.0540528 -0.180579 0.0744154 0.340864
0.405926 -0.0395867 0.10881 -0.0267716 -0.347396 0.0717861 0.934583 0.0235765 0.0360498 -0.0999172 0.0374372 0.0935499 0.340864
0.411737 -0.0382635 0.113974 -0.0361356 -0.361014 0.0845282 0.928018 0.0228102 -0.00225393 -0.0728067 -0.0902366 0.0558363 0.340864
0.417174 -0.0367538 0.119102 -0.0454823 -0.374459 0.0972299 0.921009 0.0220439 -0.00225393 -0.0728067 -0.0902366 0.0558363 0.340864
0.422241 -0.0350736 0.124174 -0.0548072 -0.387725 0.109885 0.913559 0.0212775 -0.00225393 -0.0728067 -0.0902366 0.0558363 0.340864
0.426945 -0.0332395 0.129171 -0.0641059 -0.400806 0.122488 0.905672 0.0205112 -0.00225393 -0.0728067 -0.0902366 0.0558363 0.340864
0.431292 -0.031268 0.134075 -0.0733739 -0.413695 0.135031 0.897351 0.0197449 -0.00225393 -0.0728067 -0.0902366 0.0558363 0.340864
0.435289 -0.0291763 0.138868 -0.0826068 -0.426385 0.147511 0.888601 0.0189785 -0.00225393 -0.0728067 -0.0902366 0.0558363 0.340864
0.441928 -0.0254696 0.147604 -0.0992911 -0.452903 0.125981 0.877011 0.0491562 0.088758 -0.0158372 -0.192669 -0.131474 0.340864
0.453674 -0.0189157 0.164811 -0.115818 -0.478706 0.104253 0.864036 0.0793339 0.088758 -0.0158372 -0.192669 -0.131474 0.340864
0.46968 -0.00988053 0.191128 -0.132163 -0.503752 0.0823604 0.849696 0.109512 0.088758 -0.0158372 -0.192669 -0.131474 0.340864
0.489013 0.00133271 0.227111 -0.148299 -0.528003 0.0603374 0.834014 0.139689 0.088758 -0.0158372 -0.192669 -0.131474 0.340864
0.510667 0.0144882 0.273227 -0.1642 -0.55142 0.0382191 0.817015 0.169867 0.088758 -0.0158372 -0.192669 -0.131474 0.340864
0.533576 0.0294207 0.329847 -0.179842 -0.573966 0.0160405 0.798726 0.200045 0.088758 -0.0158372 -0.192669 -0.131474 0.340864
0.552876 0.0428343 0.381487 -0.15859 -0.573451 0.0370392 0.802889 0.133708 -0.195107 0.0333166 0.0407007 0.169503 0.340864
0.564461 0.0512257 0.412534 -0.137193 -0.572415 0.0580041 0.806322 0.0673718 -0.195107 0.0333166 0.0407007 0.169503 0.340864
0.574191 0.0574316 0.437736 -0.100541 -0.561902 0.0531744 0.819347 0.0957018 0.0833234 0.197082 0.102355 0.0875999 0.340864
0.588257 0.0639351 0.471719 -0.0637241 -0.550465 0.0482572 0.831023 0.124032 0.0833234 0.197082 0.102355 0.0875999 0.340864
0.60722 0.0698116 0.514299 -0.026802 -0.53812 0.0432605 0.84133 0.152362 0.0833234 0.197082 0.102355 0.0875999 0.340864
0.626676 0.0743177 0.559274 -0.0100033 -0.558489 0.0420691 0.828384 0.137141 -0.0447668 0.0900628 -0.137715 0.0537922 0.340864
0.642117 0.0774053 0.600397 0.00680399 -0.578373 0.0408414 0.814721 0.12192 -0.0447668 0.0900628 -0.137715 0.0537922 0.340864
0.653989 0.0792427 0.637354 0.0236054 -0.597757 0.0395782 0.800352 0.106699 -0.0447668 0.0900628 -0.137715 0.0537922 0.340864
0.66275 0.0800224 0.669872 0.0403864 -0.616623 0.0382808 0.785289 0.0914788 -0.0447668 0.0900628 -0.137715 0.0537922 0.340864
0.668865 0.0799599 0.69772 0.0571324 -0.634955 0.0369502 0.769547 0.076258 -0.0447668 0.0900628 -0.137715 0.0537922 0.340864
0.672809 0.0792913 0.720713 0.0738289 -0.652737 0.0355876 0.753138 0.0610373 -0.0447668 0.0900628 -0.137715 0.0537922 0.340864
0.686048 0.0767328 0.796195 0.0927789 -0.634007 0.0590277 0.765469 0.390041 0.967657 -0.0153284 0.12414 0.182201 0.340864
0.706417 0.074981 0.900361 0.0630377 -0.632365 0.0492431 0.770529 0.234401 -0.457764 -0.100775 0.0212825 -0.155863 0.340864
0.726904 0.0728171 1.00991 0.0755383 -0.64117 0.04233 0.762498 0.421324 0.549772 0.0879084 -0.0636039 0.0142279 0.340864
0.745514 0.0662137 1.12171 0.11938 -0.649585 0.0439709 0.74957 0.246589 -0.513924 0.198365 -0.0763409 0.172256 0.340864
0.753327 0.0601089 1.17492 0.162964 -0.656594 0.0455168 0.73502 0.0718549 -0.513924 0.198365 -0.0763409 0.172256 0.340864
0.756461 0.0550066 1.20558 0.174398 -0.680042 0.042078 0.710885 0.111932 0.117873 0.0921523 -0.188282 0.0132808 0.340864
0.758212 0.0463291 1.24955 0.185609 -0.702623 0.0385856 0.685843 0.152009 0.117873 0.0921523 -0.188282 0.0132808 0.340864
0.759519 0.0330593 1.3206 0.157363 -0.696954 0.0400007 0.698492 0.273244 0.356573 -0.134924 0.0672078 -0.107734 0.340864
0.763424 0.0171639 1.43292 0.128961 -0.690593 0.0413761 0.710449 0.394479 0.356573 -0.134924 0.0672078 -0.107734 0.340864
0.771449 0.00307121 1.54782 0.119522 -0.670971 0.0248271 0.731366 0.288228 -0.312502 0.00713928 0.177266 -0.0977291 0.340864
0.781351 -0.00707766 1.62648 0.109941 -0.650553 0.0082486 0.751415 0.181977 -0.312502 0.00713928 0.177266 -0.0977291 0.340864
0.795575 -0.0222971 1.72893 0.114243 -0.662268 -0.00373567 0.740497 0.433026 0.73838 0.0725114 -0.0856094 -0.0435577 0.340864
0.812165 -0.039951 1.84856 0.121809 -0.651359 0.018923 0.748689 0.285048 -0.43523 -0.0605918 0.0640466 0.135698 0.340864
0.826236 -0.0549741 1.94781 0.145678 -0.660279 0.0181444 0.736533 0.311218 0.0769689 0.117824 -0.0826566 0.0830002 0.340864
0.83903 -0.0752362 2.05543 0.169431 -0.668672 0.0173513 0.723789 0.337387 0.0769689 0.117824 -0.0826566 0.0830002 0.340864
0.850276 -0.101425 2.17112 0.193049 -0.676531 0.0165443 0.710467 0.363556 0.0769689 0.117824 -0.0826566 0.0830002 0.340864
0.860303 -0.127996 2.27737 0.202737 -0.670975 0.018443 0.712987 0.283397 -0.235763 0.0295281 0.0320377 0.0525532 0.340864
0.866502 -0.141285 2.32833 0.201668 -0.652615 0.00271787 0.730353 0.0285303 -0.749608 0.0348872 0.164205 -0.050166 0.340864
0.869478 -0.146418 2.34808 0.187365 -0.655113 0.00269723 0.731925 0.0928022 0.189035 -0.0631954 -0.00490258 -0.0579866 0.340864
0.875351 -0.156265 2.38898 0.173022 -0.657471 0.002676 0.73334 0.157074 0.189035 -0.0631954 -0.00490258 -0.0579866 0.340864
0.883864 -0.170033 2.45124 0.158642 -0.659689 0.00265421 0.734599 0.221346 0.189035 -0.0631954 -0.00490258 -0.0579866 0.340864
0.894785 -0.186911 2.53505 0.144229 -0.661766 0.00263185 0.735701 0.285618 0.189035 -0.0631954 -0.00490258 -0.0579866 0.340864
0.907904 -0.20608 2.64056 0.129784 -0.663702 0.00260894 0.736647 0.34989 0.189035 -0.0631954 -0.00490258 -0.0579866 0.340864
0.916592 -0.216995 2.70294 0.119107 -0.645505 -0.0142305 0.754277 0.0261871 -0.952066 0.00573782 0.160404 -0.10105 0.340864
0.921526 -0.224272 2.7353 0.128315 -0.655709 -0.0497323 0.742366 0.171071 0.426128 0.183199 -0.0664146 -0.130735 0.340864
0.931197 -0.247278 2.81422 0.137319 -0.664869 -0.0851549 0.729274 0.315954 0.426128 0.183199 -0.0664146 -0.130735 0.340864
0.942074 -0.292178 2.9379 0.146105 -0.672972 -0.120442 0.715022 0.460838 0.426128 0.183199 -0.0664146 -0.130735 0.340864
0.949882 -0.347801 3.06637 0.14389 -0.671268 -0.164488 0.708265 0.364073 -0.284603 0.172116 0.0198457 -0.197412 0.340864
0.953469 -0.396339 3.16201 0.141388 -0.668226 -0.208205 0.700095 0.267308 -0.284603 0.172116 0.0198457 -0.197412 0.340864
0.954027 -0.43388 3.22627 0.138604 -0.663853 -0.251507 0.690531 0.170543 -0.284603 0.172116 0.0198457 -0.197412 0.340864
0.95314 -0.456813 3.26088 0.135545 -0.658155 -0.294309 0.679589 0.0737775 -0.284603 0.172116 0.0198457 -0.197412 0.340864
0.951878 -0.482633 3.29905 0.146365 -0.666088 -0.256349 0.684973 0.197422 0.36366 -0.121762 -0.059883 0.196688 0.340864
0.952162 -0.529984 3.36692 0.15125 -0.63722 -0.287554 0.698847 0.28949 0.270788 0.173596 0.19024 -0.0608386 0.340864
0.957029 -0.600651 3.45631 0.155829 -0.607062 -0.318178 0.711306 0.381557 0.270788 0.173596 0.19024 -0.0608386 0.340864
0.96845 -0.697408 3.56417 0.160093 -0.575676 -0.348157 0.722326 0.473625 0.270788 0.173596 0.19024 -0.0608386 0.340864
0.980016 -0.791857 3.65961 0.156354 -0.566598 -0.375916 0.716384 0.319209 -0.454166 0.102316 0.0522592 -0.13425 0.340864
0.985445 -0.851744 3.71576 0.152474 -0.557009 -0.403337 0.709797 0.164792 -0.454166 0.102316 0.0522592 -0.13425 0.340864
0.986821 -0.874118 3.73537 0.148456 -0.546918 -0.430393 0.702569 0.0103755 -0.454166 0.102316 0.0522592 -0.13425 0.340864
0.98697 -0.877232 3.73787 0.14449 -0.525509 -0.449917 0.707487 0.0131597 0.00818887 0.0963445 0.13141 -0.0623141 0.340864
0.987208 -0.881186 3.74084 0.140396 -0.503638 -0.469046 0.711782 0.0159439 0.00818887 0.0963445 0.13141 -0.0623141 0.340864
0.987544 -0.886016 3.7442 0.13618 -0.481323 -0.487763 0.715451 0.0187281 0.00818887 0.0963445 0.13141 -0.0623141 0.340864
0.987984 -0.891754 3.74789 0.131843 -0.458586 -0.50605 0.718491 0.0215123 0.00818887 0.0963445 0.13141 -0.0623141 0.340864
0.98968 -0.906242 3.7566 0.135741 -0.433822 -0.500839 0.736568 0.0784268 0.167395 0.0621213 0.137803 0.105573 0.340864
0.995178 -0.937441 3.7744 0.139505 -0.408633 -0.495136 0.753922 0.135341 0.167395 0.0621213 0.137803 0.105573 0.340864
1.00652 -0.985456 3.80021 0.143132 -0.383042 -0.488946 0.770535 0.192256 0.167395 0.0621213 0.137803 0.105573 0.340864
1.02395 -1.04375 3.83264 0.136704 -0.390402 -0.457859 0.786933 0.213371 0.0621049 -0.134188 -0.00409962 0.167421 0.340864
1.04672 -1.10521 3.87134 0.130094 -0.397243 -0.426163 0.802283 0.234487 0.0621049 -0.134188 -0.00409962 0.167421 0.340864
1.07531 -1.16895 3.91672 0.12331 -0.403556 -0.3939 0.816566 0.255603 0.0621049 -0.134188 -0.00409962 0.167421 0.340864
1.1101 -1.23398 3.96911 0.116362 -0.409331 -0.361112 0.829763 0.276718 0.0621049 -0.134188 -0.00409962 0.167421 0.340864
1.15144 -1.29928 4.02881 0.10926 -0.414561 -0.327844 0.841855 0.297834 0.0621049 -0.134188 -0.00409962 0.167421 0.340864
1.19955 -1.36375 4.09603 0.102012 -0.41924 -0.29414 0.852826 0.31895 0.0621049 -0.134188 -0.00409962 0.167421 0.340864
1.24876 -1.41789 4.16119 0.0807959 -0.410915 -0.257083 0.870936 0.257556 -0.180571 -0.194356 0.100931 0.169971 0.340864
1.29155 -1.45474 4.21369 0.0594003 -0.401678 -0.219455 0.887111 0.196162 -0.180571 -0.194356 0.100931 0.169971 0.340864
1.32548 -1.47721 4.2525 0.0378728 -0.391549 -0.18134 0.901316 0.134768 -0.180571 -0.194356 0.100931 0.169971 0.340864
1.34837 -1.48851 4.27698 0.0162612 -0.380551 -0.142822 0.91352 0.0733735 -0.180571 -0.194356 0.100931 0.169971 0.340864
1.3583 -1.49201 4.28697 -0.00538652 -0.368707 -0.103987 0.923695 0.0119795 -0.180571 -0.194356 0.100931 0.169971 0.340864
1.39061 -1.50018 4.32081 -0.0388322 -0.394653 -0.106123 0.911855 0.267493 0.751509 -0.193403 -0.146318 -0.0905948 0.340864
1.42212 -1.50738 4.35418 -0.0377657 -0.375558 -0.0911253 0.921535 0.00577096 -0.769769 -0.0149671 0.12767 0.0846124 0.340864
1.45021 -1.5148 4.38283 -0.0327052 -0.379328 -0.124678 0.91624 0.234298 0.672139 0.0983777 -0.0423093 -0.172738 0.340864
1.52939 -1.54309 4.46632 -0.0276057 -0.382646 -0.158082 0.909852 0.462826 0.672139 0.0983777 -0.0423093 -0.172738 0.340864
1.60656 -1.57352 4.54718 -0.0513446 -0.367636 -0.161746 0.914355 0.218638 -0.718198 -0.104131 0.111964 -0.0713013 0.340864
1.67074 -1.59419 4.60945 -0.0751568 -0.350683 -0.134684 0.923706 0.321343 0.302074 -0.167691 0.142273 0.0978625 0.340864
1.76419 -1.61493 4.69243 -0.0988431 -0.333143 -0.107396 0.93151 0.424048 0.302074 -0.167691 0.142273 0.0978625 0.340864
1.83968 -1.62602 4.75336 -0.0913369 -0.309989 -0.0748197 0.94338 0.150493 -0.804575 -0.00118073 0.164382 0.187305 0.340864
1.8969 -1.63293 4.7965 -0.109419 -0.308221 -0.0919332 0.940519 0.272957 0.360187 -0.0699062 0.00335855 -0.130164 0.340864
1.98675 -1.64617 4.86477 -0.127433 -0.306258 -0.108989 0.937064 0.39542 0.360187 -0.0699062 0.00335855 -0.130164 0.340864
2.10194 -1.6607 4.95753 -0.151764 -0.332609 -0.0926538 0.92615 0.478949 0.245673 -0.18867 -0.137107 0.0589804 0.340864
2.21779 -1.67287 5.05379 -0.127762 -0.324623 -0.0931335 0.932536 0.409967 -0.202888 0.14177 0.0424958 0.0407026 0.340864
2.31697 -1.68565 5.13314 -0.103673 -0.316416 -0.0935499 0.938286 0.340985 -0.202888 0.14177 0.0424958 0.0407026 0.340864
2.39901 -1.69803 5.19619 -0.079513 -0.307994 -0.0939025 0.943398 0.272003 -0.202888 0.14177 0.0424958 0.0407026 0.340864
2.46341 -1.70905 5.24363 -0.0552992 -0.299362 -0.0941912 0.947867 0.203021 -0.202888 0.14177 0.0424958 0.0407026 0.340864
2.5097 -1.71782 5.27624 -0.0310477 -0.290526 -0.0944158 0.951691 0.134039 -0.202888 0.14177 0.0424958 0.0407026 0.340864
2.53739 -1.72353 5.29486 -0.00677509 -0.281492 -0.0945761 0.954867 0.0650566 -0.202888 0.14177 0.0424958 0.0407026 0.340864
2.56642 -1.73094 5.31345 0.000117766 -0.27119 -0.123695 0.954545 0.142382 0.227428 0.0926658 0.0523395 -0.152759 0.340864
2.61689 -1.74742 5.34457 0.0070105 -0.260618 -0.15269 0.953265 0.219708 0.227428 0.0926658 0.0523395 -0.152759 0.340864
2.68836 -1.77597 5.3869 0.0138962 -0.249784 -0.181532 0.951032 0.297033 0.227428 0.0926658 0.0523395 -0.152759 0.340864
2.78007 -1.81951 5.43901 0.020768 -0.2387 -0.210192 0.947845 0.374359 0.227428 0.0926658 0.0523395 -0.152759 0.340864
2.8841 -1.87275 5.49736 0.0411508 -0.246431 -0.204209 0.946508 0.393977 0.0577016 0.0958557 -0.0709226 0.0593905 0.340864
2.99307 -1.92851 5.55951 0.0615125 -0.254036 -0.19812 0.944685 0.413596 0.0577016 0.0958557 -0.0709226 0.0593905 0.340864
3.10694 -1.98682 5.62552 0.0818426 -0.26151 -0.19193 0.942378 0.433215 0.0577016 0.0958557 -0.0709226 0.0593905 0.340864
3.22564 -2.0477 5.69547 0.102131 -0.268851 -0.185641 0.939588 0.452833 0.0577016 0.0958557 -0.0709226 0.0593905 0.340864
3.34267 -2.10598 5.76849 0.104933 -0.289993 -0.167374 0.936418 0.428113 -0.0727061 -0.0345892 -0.13592 0.0892404 0.340864
3.45142 -2.15683 5.84309 0.107651 -0.310904 -0.148974 0.9325 0.403393 -0.0727061 -0.0345892 -0.13592 0.0892404 0.340864
3.55173 -2.20072 5.91847 0.110284 -0.331567 -0.130454 0.927837 0.378673 -0.0727061 -0.0345892 -0.13592 0.0892404 0.340864
3.64352 -2.23816 5.99385 0.112828 -0.351965 -0.111831 0.922434 0.353953 -0.0727061 -0.0345892 -0.13592 0.0892404 0.340864
3.72678 -2.26967 6.06843 0.115282 -0.372082 -0.0931177 0.916294 0.329233 -0.0727061 -0.0345892 -0.13592 0.0892404 0.340864
3.80156 -2.29575 6.14145 0.117644 -0.391902 -0.0743304 0.909422 0.304513 -0.0727061 -0.0345892 -0.13592 0.0892404 0.340864
3.86801 -2.31693 6.21216 0.119912 -0.411408 -0.0554837 0.901824 0.279793 -0.0727061 -0.0345892 -0.13592 0.0892404 0.340864
3.93929 -2.34281 6.28973 0.125935 -0.402469 -0.0963171 0.9016 0.358489 0.23146 0.133881 0.0737374 -0.195866 0.340864
4.02804 -2.38527 6.38251 0.131732 -0.392812 -0.136979 0.899768 0.437185 0.23146 0.133881 0.0737374 -0.195866 0.340864
4.09933 -2.42201 6.45551 0.141482 -0.394003 -0.118111 0.900441 0.200758 -0.695374 0.00652335 -0.0272206 0.122019 0.340864
4.12391 -2.43468 6.48012 0.150548 -0.381595 -0.144117 0.900528 0.0170896 -0.540201 0.11686 0.0812741 -0.106363 0.340864
4.13438 -2.44065 6.48944 0.177456 -0.355779 -0.152514 0.904804 0.0725051 0.162987 0.179532 0.131013 0.0424177 0.340864
4.15883 -2.45481 6.50847 0.204102 -0.329435 -0.160685 0.907742 0.127921 0.162987 0.179532 0.131013 0.0424177 0.340864
4.19834 -2.47794 6.53498 0.230446 -0.302605 -0.168619 0.909336 0.183336 0.162987 0.179532 0.131013 0.0424177 0.340864
4.25387 -2.51057 6.56658 0.256449 -0.275327 -0.176303 0.909586 0.238752 0.162987 0.179532 0.131013 0.0424177 0.340864
4.32622 -2.55299 6.60077 0.282073 -0.247641 -0.183727 0.908489 0.294167 0.162987 0.179532 0.131013 0.0424177 0.340864
4.41605 -2.60527 6.63498 0.307279 -0.219589 -0.190879 0.906049 0.349583 0.162987 0.179532 0.131013 0.0424177 0.340864
4.52382 -2.66719 6.6666 0.332031 -0.191213 -0.197748 0.902269 0.404998 0.162987 0.179532 0.131013 0.0424177 0.340864
4.64984 -2.73832 6.69297 0.356292 -0.162553 -0.204325 0.897153 0.460414 0.162987 0.179532 0.131013 0.0424177 0.340864
4.75441 -2.80019 6.70973 0.325845 -0.155858 -0.237901 0.90163 0.261154 -0.586058 -0.129956 0.146628 -0.186964 0.340864
4.79982 -2.83036 6.71627 0.294707 -0.148833 -0.270974 0.904195 0.0618944 -0.586058 -0.129956 0.146628 -0.186964 0.340864
4.83329 -2.85411 6.72247 0.272813 -0.175399 -0.259225 0.909731 0.182329 0.35422 -0.178717 -0.121945 0.00609084 0.340864
4.89928 -2.90028 6.74013 0.25055 -0.201727 -0.247126 0.914035 0.302764 0.35422 -0.178717 -0.121945 0.00609084 0.340864
4.99693 -2.96734 6.77467 0.227947 -0.227781 -0.234692 0.917102 0.423199 0.35422 -0.178717 -0.121945 0.00609084 0.340864
5.06955 -3.01861 6.80414 0.211017 -0.234217 -0.255544 0.913954 0.127737 -0.869004 -0.0680663 0.0123955 -0.148168 0.340864
5.12152 -3.05467 6.82579 0.180369 -0.22124 -0.235745 0.928948 0.265602 0.405484 -0.191209 0.111956 0.102899 0.340864
5.21331 -3.11057 6.86299 0.149409 -0.20788 -0.215538 0.942341 0.403467 0.405484 -0.191209 0.111956 0.102899 0.340864
5.31953 -3.17577 6.90736 0.171396 -0.228163 -0.236571 0.928762 0.374876 -0.0840891 0.133845 -0.138459 -0.124776 0.340864
5.41328 -3.24217 6.9501 0.193121 -0.248098 -0.257244 0.913771 0.346286 -0.0840891 0.133845 -0.138459 -0.124776 0.340864
5.49502 -3.30868 6.99051 0.214553 -0.267656 -0.277525 0.897389 0.317696 -0.0840891 0.133845 -0.138459 -0.124776 0.340864
5.56528 -3.37423 7.02797 0.235658 -0.286806 -0.297384 0.879642 0.289106 -0.0840891 0.133845 -0.138459 -0.124776 0.340864
5.62472 -3.43776 7.06201 0.256405 -0.30552 -0.316791 0.860556 0.260515 -0.0840891 0.133845 -0.138459 -0.124776 0.340864
5.65839 -3.47686 7.08158 0.248399 -0.294249 -0.332384 0.860951 0.0641591 -0.577518 0.00790705 0.0962118 -0.0755889 0.340864
5.67562 -3.49707 7.09108 0.250333 -0.288409 -0.330445 0.86311 0.101746 0.110549 0.0147046 0.0266947 0.0259203 0.340864
5.70104 -3.52629 7.1045 0.252256 -0.282557 -0.328491 0.865229 0.139332 0.110549 0.0147046 0.0266947 0.0259203 0.340864
5.73487 -3.5644 7.12162 0.254168 -0.276691 -0.326522 0.867308 0.176919 0.110549 0.0147046 0.0266947 0.0259203 0.340864
5.77735 -3.61131 7.14219 0.256067 -0.270812 -0.324538 0.869348 0.214506 0.110549 0.0147046 0.0266947 0.0259203 0.340864
5.82869 -3.6669 7.16598 0.257955 -0.264921 -0.322539 0.871346 0.252093 0.110549 0.0147046 0.0266947 0.0259203 0.340864
5.88911 -3.73106 7.19273 0.259831 -0.259018 -0.320525 0.873305 0.289679 0.110549 0.0147046 0.0266947 0.0259203 0.340864
5.94229 -3.78664 7.21581 0.270076 -0.263308 -0.314016 0.871276 0.18278 -0.314411 0.0377249 -0.0543954 0.0386665 0.340864
5.97156 -3.81686 7.22859 0.280275 -0.267553 -0.307453 0.869099 0.0758798 -0.314411 0.0377249 -0.0543954 0.0386665 0.340864
6.00069 -3.84667 7.24059 0.311565 -0.264071 -0.304791 0.860404 0.179241 0.304004 0.176441 -0.0568701 0.0528797 0.340864
6.05399 -3.9009 7.26017 0.34252 -0.260305 -0.301802 0.850786 0.282603 0.304004 0.176441 -0.0568701 0.0528797 0.340864
6.13202 -3.97961 7.28532 0.373108 -0.25626 -0.298489 0.840253 0.385964 0.304004 0.176441 -0.0568701 0.0528797 0.340864
6.23542 -4.08266 7.31408 0.403295 -0.251939 -0.294855 0.828819 0.489326 0.304004 0.176441 -0.0568701 0.0528797 0.340864
6.34415 -4.18542 7.33828 0.42842 -0.229362 -0.281506 0.827407 0.402281 -0.256013 0.145251 0.032742 0.153464 0.340864
6.43603 -4.26429 7.35278 0.45298 -0.206482 -0.267785 0.824903 0.315237 -0.256013 0.145251 0.032742 0.153464 0.340864
6.50874 -4.32079 7.36013 0.476941 -0.183329 -0.253711 0.821309 0.228192 -0.256013 0.145251 0.032742 0.153464 0.340864
6.56011 -4.35677 7.36275 0.500271 -0.159934 -0.239301 0.81663 0.141148 -0.256013 0.145251 0.032742 0.153464 0.340864
6.5882 -4.37445 7.36297 0.522941 -0.136328 -0.224575 0.810872 0.0541031 -0.256013 0.145251 0.032742 0.153464 0.340864
6.64165 -4.40658 7.36347 0.541399 -0.161267 -0.217314 0.796024 0.312761 0.760759 0.0949681 -0.177616 -0.0469078 0.340864
6.74486 -4.46735 7.36563 0.514404 -0.142622 -0.212727 0.81841 0.391969 0.232965 -0.178263 0.128472 0.0838869 0.340864
6.87344 -4.53804 7.36712 0.486586 -0.12375 -0.2078 0.839487 0.471177 0.232965 -0.178263 0.128472 0.0838869 0.340864
7.01211 -4.61267 7.36232 0.491266 -0.0953483 -0.229944 0.834681 0.455832 -0.0451332 0.0877193 0.194459 -0.0305332 0.340864
7.14477 -4.68592 7.3467 0.495286 -0.0668189 -0.251779 0.828755 0.440487 -0.0451332 0.0877193 0.194459 -0.0305332 0.340864
7.2708 -4.75737 7.32108 0.498641 -0.0381997 -0.273277 0.821716 0.425141 -0.0451332 0.0877193 0.194459 -0.0305332 0.340864
7.38968 -4.82665 7.28636 0.501327 -0.00952928 -0.294408 0.813575 0.409796 -0.0451332 0.0877193 0.194459 -0.0305332 0.340864
7.4999 -4.89058 7.24978 0.514393 -0.0134794 -0.285632 0.808476 0.370012 -0.117013 0.0702391 -0.0677015 0.0222529 0.340864
7.60004 -4.94646 7.21786 0.52731 -0.0174257 -0.276773 0.803142 0.330227 -0.117013 0.0702391 -0.0677015 0.0222529 0.340864
7.68982 -4.99466 7.19046 0.540075 -0.0213669 -0.267834 0.797576 0.290443 -0.117013 0.0702391 -0.0677015 0.0222529 0.340864
7.76893 -5.03552 7.16739 0.552683 -0.0253019 -0.258818 0.79178 0.250659 -0.117013 0.0702391 -0.0677015 0.0222529 0.340864
7.83712 -5.0694 7.14845 0.565131 -0.0292296 -0.249727 0.785754 0.210874 -0.117013 0.0702391 -0.0677015 0.0222529 0.340864
7.89411 -5.09665 7.13343 0.577416 -0.0331489 -0.240563 0.779501 0.17109 -0.117013 0.0702391 -0.0677015 0.0222529 0.340864
7.93966 -5.1176 7.12206 0.589534 -0.0370585 -0.23133 0.773022 0.131306 -0.117013 0.0702391 -0.0677015 0.0222529 0.340864
7.9898 -5.14149 7.10922 0.567907 -0.0342458 -0.252608 0.782623 0.204034 0.213908 -0.123189 0.118121 -0.0786647 0.340864
8.05999 -5.1784 7.08947 0.545701 -0.0313981 -0.273628 0.791424 0.276763 0.213908 -0.123189 0.118121 -0.0786647 0.340864
8.14903 -5.22999 7.0622 0.522937 -0.0285183 -0.294369 0.799419 0.349491 0.213908 -0.123189 0.118121 -0.0786647 0.340864
8.25562 -5.29788 7.02703 0.49964 -0.0256095 -0.31481 0.806597 0.42222 0.213908 -0.123189 0.118121 -0.0786647 0.340864
8.37838 -5.38368 6.9837 0.475834 -0.0226745 -0.334929 0.812952 0.494949 0.213908 -0.123189 0.118121 -0.0786647 0.340864
8.49437 -5.46657 6.94499 0.494574 -0.0450192 -0.316101 0.808362 0.374143 -0.355309 0.0559437 -0.197131 0.0209579 0.340864
8.58025 -5.52533 6.92156 0.512709 -0.0673087 -0.296885 0.802782 0.253338 -0.355309 0.0559437 -0.197131 0.0209579 0.340864
8.63416 -5.56086 6.90999 0.530215 -0.0895157 -0.277305 0.796217 0.132533 -0.355309 0.0559437 -0.197131 0.0209579 0.340864
8.65464 -5.57394 6.90668 0.547071 -0.111613 -0.257384 0.788676 0.011728 -0.355309 0.0559437 -0.197131 0.0209579 0.340864
8.70713 -5.60347 6.89945 0.570267 -0.0886969 -0.232185 0.782955 0.345168 0.980705 0.144218 -0.0136615 0.197278 0.340864
8.80967 -5.65494 6.88283 0.567215 -0.059502 -0.224813 0.790054 0.336869 -0.0244063 -0.00184524 0.117624 0.140012 0.340864
8.91126 -5.70037 6.86261 0.563615 -0.0302497 -0.217224 0.79639 0.328571 -0.0244063 -0.00184524 0.117624 0.140012 0.340864
9.01145 -5.73993 6.83894 0.559469 -0.000968066 -0.209425 0.801956 0.320273 -0.0244063 -0.00184524 0.117624 0.140012 0.340864
9.1098 -5.77383 6.81197 0.554784 0.0283145 -0.201424 0.806748 0.311975 -0.0244063 -0.00184524 0.117624 0.140012 0.340864
9.20591 -5.80229 6.78189 0.549562 0.0575697 -0.193228 0.810759 0.303677 -0.0244063 -0.00184524 0.117624 0.140012 0.340864
9.2994 -5.82554 6.74891 0.543809 0.0867692 -0.184845 0.813987 0.295379 -0.0244063 -0.00184524 0.117624 0.140012 0.340864
9.38991 -5.84386 6.71321 0.53753 0.115885 -0.176284 0.816429 0.287081 -0.0244063 -0.00184524 0.117624 0.140012 0.340864
9.47713 -5.85751 6.67505 0.530732 0.144889 -0.167552 0.818081 0.278782 -0.0244063 -0.00184524 0.117624 0.140012 0.340864
9.58861 -5.87504 6.62576 0.518236 0.124311 -0.175072 0.827846 0.445622 0.490706 -0.117324 -0.0715632 -0.0801656 0.340864
9.71761 -5.89447 6.56701 0.535342 0.155392 -0.169534 0.812724 0.3962 -0.14536 0.1655 0.127948 0.0936574 0.340864
9.82954 -5.90495 6.50948 0.551636 0.186237 -0.163739 0.796369 0.346777 -0.14536 0.1655 0.127948 0.0936574 0.340864
9.92449 -5.90806 6.45508 0.567092 0.2168 -0.157696 0.778804 0.297355 -0.14536 0.1655 0.127948 0.0936574 0.340864
10.0028 -5.90549 6.40559 0.581688 0.247034 -0.151413 0.760058 0.247932 -0.14536 0.1655 0.127948 0.0936574 0.340864
10.065 -5.89903 6.36257 0.5954 0.276892 -0.144901 0.740158 0.19851 -0.14536 0.1655 0.127948 0.0936574 0.340864
10.1117 -5.89057 6.32739 0.608209 0.306331 -0.138168 0.719134 0.149087 -0.14536 0.1655 0.127948 0.0936574 0.340864
10.1438 -5.88205 6.30121 0.620094 0.335304 -0.131226 0.697018 0.0996646 -0.14536 0.1655 0.127948 0.0936574 0.340864
10.1819 -5.87074 6.26965 0.627264 0.320082 -0.134112 0.69721 0.199014 0.292205 0.0112565 -0.0577971 -0.0813552 0.340864
10.2469 -5.85345 6.2184 0.634251 0.304767 -0.136959 0.697198 0.298364 0.292205 0.0112565 -0.0577971 -0.0813552 0.340864
10.3398 -5.8315 6.14855 0.641053 0.289363 -0.139767 0.696983 0.397714 0.292205 0.0112565 -0.0577971 -0.0813552 0.340864
10.4618 -5.80627 6.06123 0.647668 0.273875 -0.142533 0.696565 0.497064 0.292205 0.0112565 -0.0577971 -0.0813552 0.340864
10.5661 -5.78591 5.99138 0.666046 0.25766 -0.129911 0.687835 0.251214 -0.723087 0.115316 -0.11589 -0.0469909 0.340864
10.6028 -5.77864 5.96896 0.683867 0.241229 -0.11718 0.67853 0.00536405 -0.723087 0.115316 -0.11589 -0.0469909 0.340864
10.6363 -5.76981 5.94888 0.687855 0.277853 -0.102394 0.662698 0.229852 0.66026 0.125872 0.106447 0.189831 0.340864
10.7298 -5.73633 5.88852 0.690587 0.313969 -0.0874208 0.645655 0.454341 0.66026 0.125872 0.106447 0.189831 0.340864
10.8179 -5.70118 5.83183 0.719536 0.295279 -0.0892198 0.622188 0.195692 -0.760732 0.192397 -0.0352361 -0.148336 0.340864
10.9078 -5.67002 5.77885 0.715448 0.269403 -0.0946716 0.637647 0.444821 0.732732 -0.10346 -0.0963477 -0.114277 0.340864
11.0244 -5.6332 5.70967 0.725256 0.275727 -0.113143 0.620626 0.381591 -0.185969 0.0826841 0.122981 -0.0677014 0.340864
11.1213 -5.60257 5.64787 0.734508 0.281839 -0.131527 0.603129 0.318362 -0.185969 0.0826841 0.122981 -0.0677014 0.340864
11.1992 -5.57782 5.59465 0.743197 0.287734 -0.14981 0.58517 0.255132 -0.185969 0.0826841 0.122981 -0.0677014 0.340864
11.2585 -5.55872 5.5512 0.751316 0.293409 -0.167979 0.566761 0.191903 -0.185969 0.0826841 0.122981 -0.0677014 0.340864
11.3001 -5.54509 5.51869 0.758858 0.298859 -0.186018 0.547918 0.128673 -0.185969 0.0826841 0.122981 -0.0677014 0.340864
11.3246 -5.53685 5.49821 0.765819 0.30408 -0.203915 0.528654 0.065444 -0.185969 0.0826841 0.122981 -0.0677014 0.340864
11.333 -5.53396 5.49083 0.772192 0.309068 -0.221656 0.508985 0.00221448 -0.185969 0.0826841 0.122981 -0.0677014 0.340864
11.3395 -5.5314 5.48418 0.756241 0.337123 -0.235022 0.509129 0.0548509 0.154813 -0.0361348 0.165281 0.116626 0.340864
11.357 -5.52368 5.4643 0.739368 0.364767 -0.248101 0.508651 0.107487 0.154813 -0.0361348 0.165281 0.116626 0.340864
11.3835 -5.51027 5.42983 0.721593 0.391965 -0.260878 0.507552 0.160124 0.154813 -0.0361348 0.165281 0.116626 0.340864
11.4169 -5.49082 5.37961 0.702937 0.418686 -0.273336 0.505835 0.21276 0.154813 -0.0361348 0.165281 0.116626 0.340864
11.4551 -5.46507 5.31265 0.683424 0.444895 -0.285461 0.5035 0.265397 0.154813 -0.0361348 0.165281 0.116626 0.340864
11.4958 -5.43294 5.2281 0.663077 0.470562 -0.297237 0.50055 0.318033 0.154813 -0.0361348 0.165281 0.116626 0.340864
11.5366 -5.39451 5.12534 0.64192 0.495655 -0.308651 0.49699 0.37067 0.154813 -0.0361348 0.165281 0.116626 0.340864
11.5752 -5.34998 5.00393 0.619981 0.520143 -0.319688 0.492824 0.423306 0.154813 -0.0361348 0.165281 0.116626 0.340864
11.609 -5.29971 4.86362 0.597284 0.543996 -0.330335 0.488056 0.475942 0.154813 -0.0361348 0.165281 0.116626 0.340864
11.6353 -5.26308 4.75133 0.610046 0.506027 -0.344438 0.503133 0.236056 -0.705549 -0.135286 -0.132544 -0.185491 0.340864
11.6554 -5.23942 4.66347 0.577647 0.525493 -0.363387 0.508066 0.312176 0.223882 -0.130595 0.17662 0.120243 0.340864
11.6732 -5.21332 4.54868 0.544201 0.544006 -0.381677 0.512079 0.388295 0.223882 -0.130595 0.17662 0.120243 0.340864
11.6851 -5.18711 4.40665 0.50977 0.561534 -0.399275 0.515164 0.464415 0.223882 -0.130595 0.17662 0.120243 0.340864
11.6879 -5.16463 4.2716 0.499613 0.578079 -0.415677 0.493381 0.341223 -0.362329 0.0192241 0.195165 -0.0177056 0.340864
11.6837 -5.14842 4.17803 0.488896 0.593976 -0.431613 0.471045 0.218031 -0.362329 0.0192241 0.195165 -0.0177056 0.340864
11.6781 -5.13899 4.126 0.477631 0.609208 -0.447066 0.448182 0.0948392 -0.362329 0.0192241 0.195165 -0.0177056 0.340864
11.6716 -5.13201 4.08019 0.450945 0.608246 -0.443941 0.479167 0.180413 0.251688 -0.148782 -0.0521897 0.182703 0.340864
11.6619 -5.12501 4.00526 0.423501 0.606261 -0.440069 0.509346 0.265987 0.251688 -0.148782 -0.0521897 0.182703 0.340864
11.6498 -5.12132 3.90105 0.395344 0.603256 -0.435457 0.538668 0.351561 0.251688 -0.148782 -0.0521897 0.182703 0.340864
11.6409 -5.12297 3.82487 0.355556 0.605204 -0.444793 0.556298 0.0998461 -0.740338 -0.195275 0.067264 0.16135 0.340864
11.6319 -5.12582 3.76591 0.342362 0.632694 -0.428491 0.546701 0.251396 0.445734 0.10688 0.124576 0.132726 0.340864
11.6108 -5.12809 3.65673 0.328728 0.659369 -0.411638 0.536399 0.402945 0.445734 0.10688 0.124576 0.132726 0.340864
11.5846 -5.12924 3.5153 0.338002 0.646284 -0.401364 0.554057 0.443317 0.118741 0.00328378 -0.152119 0.0139017 0.340864
11.5638 -5.13045 3.3591 0.347048 0.632762 -0.390819 0.571341 0.483689 0.118741 0.00328378 -0.152119 0.0139017 0.340864
11.5456 -5.12897 3.20528 0.336884 0.656387 -0.366145 0.567101 0.427589 -0.165002 0.120671 0.0681969 0.159273 0.340864
11.5263 -5.12311 3.07095 0.326285 0.679167 -0.341 0.562129 0.371488 -0.165002 0.120671 0.0681969 0.159273 0.340864
11.5067 -5.11433 2.95619 0.315266 0.701071 -0.315416 0.556434 0.315387 -0.165002 0.120671 0.0681969 0.159273 0.340864
11.4876 -5.10403 2.86094 0.303841 0.722073 -0.289426 0.550022 0.259286 -0.165002 0.120671 0.0681969 0.159273 0.340864
11.4699 -5.09352 2.78506 0.292024 0.742144 -0.263062 0.542902 0.203185 -0.165002 0.120671 0.0681969 0.159273 0.340864
11.4548 -5.084 2.72827 0.279831 0.761259 -0.23636 0.535082 0.147085 -0.165002 0.120671 0.0681969 0.159273 0.340864
11.4432 -5.07655 2.69021 0.267278 0.779394 -0.209353 0.526572 0.0909839 -0.165002 0.120671 0.0681969 0.159273 0.340864
11.4195 -5.06472 2.61668 0.231086 0.777321 -0.21914 0.54254 0.368949 0.817544 -0.184686 -0.0196732 0.152059 0.340864
11.3808 -5.04885 2.50285 0.243402 0.783535 -0.230066 0.523353 0.344482 -0.0719624 0.0234443 0.106549 -0.107482 0.340864
11.3473 -5.03245 2.40476 0.243107 0.783686 -0.192753 0.538127 0.272731 -0.211032 0.150159 -0.120685 0.13648 0.340864
11.3241 -5.01715 2.32919 0.24242 0.782576 -0.15513 0.552035 0.20098 -0.211032 0.150159 -0.120685 0.13648 0.340864
11.3095 -5.00454 2.27648 0.241342 0.780205 -0.117256 0.565054 0.129229 -0.211032 0.150159 -0.120685 0.13648 0.340864
11.3021 -4.99628 2.24674 0.239876 0.776577 -0.0791942 0.577162 0.0574785 -0.211032 0.150159 -0.120685 0.13648 0.340864
11.2986 -4.99105 2.2305 0.244942 0.766734 -0.045917 0.591619 0.0449427 -0.03687 0.144264 -0.148812 0.0827012 0.340864
11.2965 -4.98658 2.21833 0.249656 0.755788 -0.0125737 0.605226 0.0324069 -0.03687 0.144264 -0.148812 0.0827012 0.340864
11.2954 -4.98319 2.21019 0.254011 0.743754 0.0207877 0.617961 0.019871 -0.03687 0.144264 -0.148812 0.0827012 0.340864
11.295 -4.98124 2.20602 0.258 0.730651 0.0541192 0.629807 0.00733524 -0.03687 0.144264 -0.148812 0.0827012 0.340864
11.2948 -4.98016 2.20387 0.243016 0.719149 0.0808587 0.645933 0.00683765 -0.00146349 0.0386107 -0.157302 0.140905 0.340864
11.2947 -4.97913 2.20188 0.227709 0.70669 0.107491 0.661198 0.00634007 -0.00146349 0.0386107 -0.157302 0.140905 0.340864
11.2947 -4.97816 2.20005 0.212098 0.69329 0.133979 0.675583 0.00584248 -0.00146349 0.0386107 -0.157302 0.140905 0.340864
11.2947 -4.97724 2.19839 0.196205 0.678967 0.160289 0.689068 0.00534489 -0.00146349 0.0386107 -0.157302 0.140905 0.340864
11.2948 -4.97639 2.19688 0.180051 0.663739 0.186386 0.701635 0.0048473 -0.00146349 0.0386107 -0.157302 0.140905 0.340864
11.2956 -4.96871 2.18458 0.190463 0.652397 0.209718 0.702937 0.0805846 0.222757 0.145146 -0.0651982 0.0422062 0.340864
11.2983 -4.9459 2.1515 0.200727 0.640544 0.232885 0.703688 0.156322 0.222757 0.145146 -0.0651982 0.0422062 0.340864
11.3033 -4.90586 2.09925 0.210833 0.628189 0.25587 0.703888 0.232059 0.222757 0.145146 -0.0651982 0.0422062 0.340864
11.311 -4.84662 2.02959 0.220774 0.615342 0.278654 0.703537 0.307797 0.222757 0.145146 -0.0651982 0.0422062 0.340864
11.3229 -4.76958 1.94475 0.239564 0.606487 0.269844 0.708497 0.370015 0.182994 0.0539458 -0.0123574 -0.124113 0.340864
11.3413 -4.67725 1.84609 0.258225 0.597308 0.260889 0.713078 0.432233 0.182994 0.0539458 -0.0123574 -0.124113 0.340864
11.3676 -4.56953 1.73418 0.276749 0.587811 0.251795 0.717278 0.49445 0.182994 0.0539458 -0.0123574 -0.124113 0.340864
11.3898 -4.49347 1.65444 0.258737 0.573095 0.24824 0.736881 0.166881 -0.963439 -0.098424 -0.150784 -0.00571367 0.340864
11.4026 -4.4563 1.61647 0.277704 0.553891 0.263955 0.739197 0.154623 -0.0360541 0.159739 -0.0872853 -0.0284362 0.340864
11.4157 -4.42024 1.58368 0.296399 0.534144 0.279412 0.740788 0.142364 -0.0360541 0.159739 -0.0872853 -0.0284362 0.340864
11.4289 -4.3857 1.5558 0.314803 0.513873 0.294594 0.741652 0.130106 -0.0360541 0.159739 -0.0872853 -0.0284362 0.340864
11.442 -4.35308 1.53255 0.332899 0.493097 0.309488 0.741789 0.117848 -0.0360541 0.159739 -0.0872853 -0.0284362 0.340864
11.4547 -4.32271 1.51357 0.350668 0.471838 0.324078 0.741198 0.105589 -0.0360541 0.159739 -0.0872853 -0.0284362 0.340864
11.4667 -4.29492 1.49852 0.368092 0.450116 0.33835 0.73988 0.0933309 -0.0360541 0.159739 -0.0872853 -0.0284362 0.340864
11.489 -4.2422 1.47184 0.384426 0.468828 0.328936 0.724029 0.278217 0.543784 0.0432492 0.176326 -0.0121578 0.340864
11.5308 -4.13641 1.41762 0.400392 0.48709 0.319207 0.707486 0.463104 0.543784 0.0432492 0.176326 -0.0121578 0.340864
11.5779 -4.02255 1.35358 0.399866 0.49496 0.277225 0.719908 0.353843 -0.321355 -0.166569 0.0950793 -0.178058 0.340864
11.6156 -3.94411 1.30096 0.398548 0.501851 0.234694 0.730906 0.244582 -0.321355 -0.166569 0.0950793 -0.178058 0.340864
11.6413 -3.89774 1.26409 0.396442 0.507748 0.191699 0.740458 0.135321 -0.321355 -0.166569 0.0950793 -0.178058 0.340864
11.6528 -3.87955 1.24709 0.393551 0.51264 0.148325 0.748544 0.0260603 -0.321355 -0.166569 0.0950793 -0.178058 0.340864
11.664 -3.86284 1.23067 0.406132 0.50504 0.16336 0.743845 0.126918 0.296639 0.118251 -0.0431273 0.0147719 0.340864
11.6905 -3.82257 1.19446 0.418524 0.497206 0.178319 0.738801 0.227775 0.296639 0.118251 -0.0431273 0.0147719 0.340864
11.7326 -3.75701 1.1408 0.430722 0.489141 0.193195 0.733414 0.328632 0.296639 0.118251 -0.0431273 0.0147719 0.340864
11.7781 -3.67984 1.07936 0.410751 0.514402 0.201925 0.72519 0.310365 -0.053728 -0.0689268 0.0878519 0.168506 0.340864
11.8149 -3.60619 1.01852 0.390295 0.539057 0.210416 0.716109 0.292097 -0.053728 -0.0689268 0.0878519 0.168506 0.340864
11.8439 -3.53656 0.958798 0.369378 0.563075 0.218658 0.706184 0.273829 -0.053728 -0.0689268 0.0878519 0.168506 0.340864
11.8655 -3.47136 0.900677 0.348025 0.586428 0.226642 0.695424 0.255562 -0.053728 -0.0689268 0.0878519 0.168506 0.340864
11.8805 -3.41095 0.844622 0.326261 0.609088 0.234359 0.683843 0.237294 -0.053728 -0.0689268 0.0878519 0.168506 0.340864
11.8897 -3.35559 0.791075 0.304112 0.63103 0.241799 0.671454 0.219027 -0.053728 -0.0689268 0.0878519 0.168506 0.340864
11.8937 -3.30547 0.740445 0.281604 0.652226 0.248953 0.658273 0.200759 -0.053728 -0.0689268 0.0878519 0.168506 0.340864
11.8934 -3.26072 0.693112 0.258763 0.672652 0.255813 0.644314 0.182492 -0.053728 -0.0689268 0.0878519 0.168506 0.340864
11.8895 -3.22136 0.649418 0.235617 0.692283 0.262372 0.629595 0.164224 -0.053728 -0.0689268 0.0878519 0.168506 0.340864
11.8829 -3.18737 0.609667 0.212192 0.711098 0.26862 0.614132 0.145957 -0.053728 -0.0689268 0.0878519 0.168506 0.340864
11.872 -3.14809 0.564398 0.204774 0.711891 0.303963 0.59907 0.2124 0.195421 0.138618 0.0100341 0.183539 0.340864
11.8536 -3.09243 0.504959 0.197043 0.711594 0.338839 0.583092 0.278843 0.195421 0.138618 0.0100341 0.183539 0.340864
11.8254 -3.01986 0.43289 0.18901 0.710207 0.373197 0.56622 0.345286 0.195421 0.138618 0.0100341 0.183539 0.340864
11.7854 -2.93014 0.349781 0.180687 0.707733 0.406983 0.548481 0.411729 0.195421 0.138618 0.0100341 0.183539 0.340864
11.7314 -2.82333 0.257248 0.172088 0.704174 0.440146 0.529902 0.478172 0.195421 0.138618 0.0100341 0.183539 0.340864
11.6906 -2.74537 0.187603 0.143239 0.69916 0.426957 0.555307 0.182174 -0.870583 -0.157334 -0.182255 0.0075356 0.340864
11.6779 -2.71969 0.162486 0.141987 0.694416 0.420427 0.566452 0.041885 -0.412614 -0.0284225 -0.0589781 -0.0481721 0.340864
11.6735 -2.71051 0.153799 0.174771 0.705861 0.413173 0.548181 0.0368595 -0.0147808 0.0665808 0.199957 -0.103367 0.340864
11.6695 -2.70219 0.146672 0.207276 0.716183 0.405262 0.529038 0.0318341 -0.0147808 0.0665808 0.199957 -0.103367 0.340864
11.6659 -2.69483 0.140991 0.239452 0.725364 0.396705 0.509052 0.0268086 -0.0147808 0.0665808 0.199957 -0.103367 0.340864
11.6628 -2.68852 0.136629 0.271246 0.733391 0.387517 0.488256 0.0217831 -0.0147808 0.0665808 0.199957 -0.103367 0.340864
11.6603 -2.68336 0.13345 0.302609 0.740249 0.377712 0.466683 0.0167577 -0.0147808 0.0665808 0.199957 -0.103367 0.340864
11.6477 -2.65291 0.11694 0.326325 0.71441 0.386038 0.483843 0.200047 0.539086 0.12826 -0.107812 -0.164579 0.340864
11.636 -2.62201 0.100613 0.326738 0.717217 0.378191 0.485607 0.0167613 -0.539075 -0.041562 0.0165756 -0.0226924 0.340864
11.6282 -2.59852 0.0884924 0.343679 0.697756 0.382128 0.498999 0.145405 0.378363 0.0825718 -0.0819823 -0.127437 0.340864
11.6112 -2.53623 0.0582531 0.360324 0.677694 0.385737 0.511961 0.274048 0.378363 0.0825718 -0.0819823 -0.127437 0.340864
11.5982 -2.47677 0.0300433 0.36194 0.657954 0.3859 0.535889 0.120612 -0.451283 -0.000411286 -0.151537 -0.102102 0.340864
11.5885 -2.40841 -0.00135117 0.385292 0.63709 0.381069 0.548135 0.325651 0.603057 0.0762173 -0.049881 -0.177862 0.340864
11.5806 -2.30135 -0.0457675 0.410732 0.605344 0.388183 0.56051 0.357939 0.0949645 0.151851 -0.107863 -0.172146 0.340864
11.5806 -2.18156 -0.0884209 0.435409 0.572473 0.394575 0.571843 0.390227 0.0949645 0.151851 -0.107863 -0.172146 0.340864
11.5899 -2.0495 -0.127818 0.459277 0.538537 0.400234 0.582112 0.422515 0.0949645 0.151851 -0.107863 -0.172146 0.340864
11.6097 -1.90582 -0.162409 0.482291 0.503601 0.405149 0.5913 0.454803 0.0949645 0.151851 -0.107863 -0.172146 0.340864
11.6363 -1.76081 -0.190679 0.491226 0.484601 0.412361 0.594826 0.428347 -0.077811 0.0877249 -0.075708 -0.0636948 0.340864
11.6649 -1.62434 -0.212498 0.499912 0.465356 0.419364 0.598052 0.401892 -0.077811 0.0877249 -0.075708 -0.0636948 0.340864
11.6949 -1.49664 -0.228386 0.508345 0.445875 0.426156 0.600976 0.375436 -0.077811 0.0877249 -0.075708 -0.0636948 0.340864
11.7258 -1.37789 -0.238891 0.516522 0.42617 0.432732 0.603595 0.34898 -0.077811 0.0877249 -0.075708 -0.0636948 0.340864
11.757 -1.26824 -0.244583 0.524437 0.406249 0.43909 0.60591 0.322524 -0.077811 0.0877249 -0.075708 -0.0636948 0.340864
11.8006 -1.13601 -0.250125 0.522808 0.3892 0.423809 0.628952 0.4973 0.514045 -0.0693827 -0.0729076 -0.162712 0.340864
11.8443 -1.02308 -0.256491 0.53183 0.379414 0.401237 0.642037 0.216151 -0.826907 -0.0341457 0.0257476 -0.166902 0.340864
11.8641 -0.97993 -0.259155 0.535797 0.350944 0.3881 0.662675 0.0635347 -0.448873 -0.0117112 -0.103144 -0.19629 0.340864
11.8996 -0.913833 -0.26279 0.547168 0.343018 0.37363 0.665843 0.378435 0.926177 0.0225638 0.0341301 -0.112101 0.340864
11.9673 -0.794115 -0.269501 0.527395 0.327668 0.379372 0.685977 0.431525 0.156148 -0.0969389 -0.162714 -0.031272 0.340864
12.0457 -0.659778 -0.277251 0.507062 0.31197 0.384711 0.70538 0.484615 0.156148 -0.0969389 -0.162714 -0.031272 0.340864
12.1324 -0.522989 -0.286551 0.527906 0.309634 0.353272 0.70756 0.469544 -0.0443276 0.0275871 0.127284 -0.180649 0.340864
12.2238 -0.39581 -0.298133 0.547995 0.306854 0.321326 0.708726 0.454473 -0.0443276 0.0275871 0.127284 -0.180649 0.340864
12.3191 -0.278307 -0.312187 0.567298 0.303634 0.28892 0.708876 0.439401 -0.0443276 0.0275871 0.127284 -0.180649 0.340864
12.4173 -0.170471 -0.328848 0.585788 0.29998 0.256099 0.70801 0.42433 -0.0443276 0.0275871 0.127284 -0.180649 0.340864
12.5175 -0.0722232 -0.348199 0.603438 0.295895 0.222912 0.70613 0.409258 -0.0443276 0.0275871 0.127284 -0.180649 0.340864
12.6189 0.0165802 -0.370276 0.620223 0.291386 0.189405 0.703237 0.394187 -0.0443276 0.0275871 0.127284 -0.180649 0.340864
12.7167 0.0949569 -0.391787 0.630062 0.278401 0.180613 0.702064 0.353745 -0.118947 0.0443812 -0.00866439 -0.0993057 0.340864
12.8063 0.162156 -0.409678 0.639684 0.265321 0.171758 0.700649 0.313303 -0.118947 0.0443812 -0.00866439 -0.0993057 0.340864
12.887 0.218747 -0.424294 0.649086 0.252149 0.162845 0.698992 0.272862 -0.118947 0.0443812 -0.00866439 -0.0993057 0.340864
12.9582 0.265341 -0.435967 0.658264 0.23889 0.153876 0.697095 0.23242 -0.118947 0.0443812 -0.00866439 -0.0993057 0.340864
13.0193 0.302581 -0.44502 0.667216 0.225549 0.144853 0.694959 0.191978 -0.118947 0.0443812 -0.00866439 -0.0993057 0.340864
13.0698 0.331148 -0.451759 0.675939 0.212131 0.135781 0.692583 0.151536 -0.118947 0.0443812 -0.00866439 -0.0993057 0.340864
13.1091 0.351755 -0.456479 0.684428 0.198639 0.126662 0.689969 0.111094 -0.118947 0.0443812 -0.00866439 -0.0993057 0.340864
13.1368 0.365146 -0.459459 0.692683 0.185079 0.1175 0.687117 0.0706525 -0.118947 0.0443812 -0.00866439 -0.0993057 0.340864
13.1582 0.375355 -0.461974 0.675969 0.200087 0.118832 0.69922 0.0698641 -0.00231906 -0.125805 0.0305049 0.076376 0.340864
13.1791 0.385876 -0.46512 0.658815 0.214965 0.120087 0.710867 0.0690756 -0.00231906 -0.125805 0.0305049 0.076376 0.340864
13.1995 0.396664 -0.468896 0.64123 0.229701 0.121264 0.72205 0.0682871 -0.00231906 -0.125805 0.0305049 0.076376 0.340864
13.2193 0.407672 -0.4733 0.623227 0.244288 0.122361 0.732761 0.0674986 -0.00231906 -0.125805 0.0305049 0.076376 0.340864
13.2385 0.418855 -0.478326 0.604817 0.258716 0.123379 0.742994 0.0667101 -0.00231906 -0.125805 0.0305049 0.076376 0.340864
13.2572 0.43017 -0.483967 0.586012 0.272975 0.124316 0.752742 0.0659217 -0.00231906 -0.125805 0.0305049 0.076376 0.340864
13.2753 0.441572 -0.490213 0.566824 0.287055 0.125172 0.761999 0.0651332 -0.00231906 -0.125805 0.0305049 0.076376 0.340864
13.2883 0.450465 -0.494892 0.556056 0.293687 0.159445 0.761004 0.0317661 -0.0981384 0.00804041 -0.0908192 0.194693 0.340864
13.339 0.487878 -0.512546 0.547725 0.2938 0.164324 0.765948 0.352967 0.944708 -0.0451432 -0.0318069 0.0319699 0.340864
13.4295 0.551859 -0.544236 0.553959 0.285131 0.143089 0.768996 0.325004 -0.0822428 -0.0100514 0.0301182 -0.137344 0.340864
13.5148 0.606532 -0.574367 0.559876 0.276297 0.121771 0.771603 0.297042 -0.0822428 -0.0100514 0.0301182 -0.137344 0.340864
13.5944 0.652523 -0.602757 0.56547 0.267305 0.100384 0.773766 0.269079 -0.0822428 -0.0100514 0.0301182 -0.137344 0.340864
13.6678 0.690497 -0.629221 0.570741 0.25816 0.0789387 0.775485 0.241117 -0.0822428 -0.0100514 0.0301182 -0.137344 0.340864
13.7343 0.721151 -0.653568 0.575683 0.248866 0.0574483 0.776759 0.213154 -0.0822428 -0.0100514 0.0301182 -0.137344 0.340864
13.7937 0.745212 -0.675607 0.580295 0.239429 0.0359249 0.777587 0.185191 -0.0822428 -0.0100514 0.0301182 -0.137344 0.340864
13.8454 0.763436 -0.695144 0.584573 0.229855 0.0143808 0.777968 0.157229 -0.0822428 -0.0100514 0.0301182 -0.137344 0.340864
13.9403 0.7945 -0.734607 0.580211 0.248759 -0.000483238 0.775548 0.474422 0.93292 -0.0333431 0.140536 0.00308318 0.340864
14.069 0.836707 -0.793955 0.58569 0.260514 -0.0146184 0.767389 0.395619 -0.231774 0.0321928 0.113805 -0.032405 0.340864
14.1729 0.870669 -0.846215 0.590914 0.272157 -0.0287471 0.758897 0.316816 -0.231774 0.0321928 0.113805 -0.032405 0.340864
14.2524 0.896697 -0.889715 0.595882 0.283681 -0.0428634 0.750075 0.238013 -0.231774 0.0321928 0.113805 -0.032405 0.340864
14.3083 0.915064 -0.922821 0.60059 0.295083 -0.0569611 0.740927 0.15921 -0.231774 0.0321928 0.113805 -0.032405 0.340864
14.3414 0.926003 -0.943938 0.605038 0.306355 -0.071034 0.731457 0.0804066 -0.231774 0.0321928 0.113805 -0.032405 0.340864
14.3525 0.929709 -0.951517 0.609223 0.317495 -0.085076 0.721669 0.00160362 -0.231774 0.0321928 0.113805 -0.032405 0.340864
