0 0 0 0 0 0 1 4.6642e-310 0 0 0 0 0
0.00517951 2.81948e-05 -0.000205328 -0.0102679 0.0296788 0.00430856 0.999497 0.0304951 0.0896915 -0.0604095 0.17461 0.0253487 0.340864
0.0206621 0.000212648 -0.00164248 -0.0205255 0.0593278 0.00861279 0.99799 0.0609903 0.0896915 -0.0604095 0.17461 0.0253487 0.340864
0.0462805 0.000673585 -0.00553841 -0.0307624 0.0889171 0.0129084 0.99548 0.0914854 0.0896915 -0.0604095 0.17461 0.0253487 0.340864
0.081757 0.00149099 -0.0131058 -0.0409685 0.118417 0.017191 0.991969 0.121981 0.0896915 -0.0604095 0.17461 0.0253487 0.340864
0.126705 0.00270384 -0.0255333 -0.0511333 0.147798 0.0214563 0.987462 0.152476 0.0896915 -0.0604095 0.17461 0.0253487 0.340864
0.180634 0.00430957 -0.0439759 -0.0612468 0.17703 0.0257 0.981962 0.182971 0.0896915 -0.0604095 0.17461 0.0253487 0.340864
0.242948 0.00626389 -0.0695452 -0.0712987 0.206085 0.029918 0.975474 0.213466 0.0896915 -0.0604095 0.17461 0.0253487 0.340864
0.341608 0.0125742 -0.111819 -0.0680116 0.191681 0.0555664 0.97752 0.419101 0.60481 0.0533551 -0.0738053 0.148891 0.340864
0.477703 0.0221151 -0.163902 -0.0834123 0.1652 0.0387562 0.981962 0.440068 0.0616658 -0.0970976 -0.169072 -0.0701681 0.340864
0.623527 0.0270079 -0.210478 -0.0987096 0.138514 0.0218979 0.985186 0.461034 0.0616658 -0.0970976 -0.169072 -0.0701681 0.340864
0.778749 0.0269906 -0.250456 -0.113884 0.111656 0.00501238 0.987187 0.482 0.0616658 -0.0970976 -0.169072 -0.0701681 0.340864
0.886859 0.0243949 -0.271976 -0.132411 0.0809168 -0.00645046 0.987865 0.16671 -0.927326 -0.11378 -0.187218 -0.0338315 0.340864
0.943135 0.0225622 -0.279485 -0.140235 0.0547698 -0.00750822 0.988574 0.167473 0.00224683 -0.0464121 -0.152822 0.017972 0.340864
0.999994 0.020972 -0.284055 -0.147954 0.028582 -0.00856037 0.988544 0.168237 0.00224683 -0.0464121 -0.152822 0.017972 0.340864
1.05728 0.0196754 -0.28565 -0.155562 0.00237284 -0.00960613 0.987777 0.169001 0.00224683 -0.0464121 -0.152822 0.017972 0.340864
1.11484 0.0187231 -0.284243 -0.163054 -0.0238381 -0.0106447 0.986272 0.169765 0.00224683 -0.0464121 -0.152822 0.017972 0.340864
1.17251 0.0181656 -0.279816 -0.170425 -0.0500313 -0.0116754 0.98403 0.170529 0.00224683 -0.0464121 -0.152822 0.017972 0.340864
1.23013 0.0180526 -0.272362 -0.177668 -0.0761871 -0.0126973 0.981055 0.171293 0.00224683 -0.0464121 -0.152822 0.017972 0.340864
1.28755 0.0184333 -0.261881 -0.184779 -0.102286 -0.0137097 0.977347 0.172057 0.00224683 -0.0464121 -0.152822 0.017972 0.340864
1.34459 0.0193558 -0.248382 -0.191752 -0.128309 -0.014712 0.972909 0.172821 0.00224683 -0.0464121 -0.152822 0.017972 0.340864
1.40109 0.0208673 -0.231885 -0.198582 -0.154235 -0.0157032 0.967745 0.173585 0.00224683 -0.0464121 -0.152822 0.017972 0.340864
1.4569 0.0230139 -0.21242 -0.205263 -0.180047 -0.0166827 0.961859 0.174349 0.00224683 -0.0464121 -0.152822 0.017972 0.340864
1.53103 0.0280556 -0.185206 -0.183182 -0.175572 0.00931374 0.967229 0.291163 0.343571 0.104343 0.0602388 0.165631 0.340864
1.64262 0.0404224 -0.146235 -0.16088 -0.170885 0.0352989 0.971427 0.407977 0.343571 0.104343 0.0602388 0.165631 0.340864
1.74042 0.0551302 -0.112419 -0.186622 -0.178852 0.0494033 0.964751 0.206887 -0.591441 -0.165965 -0.0442388 0.0636564 0.340864
1.77398 0.0614683 -0.100556 -0.212183 -0.186645 0.0634599 0.957139 0.00579715 -0.591441 -0.165965 -0.0442388 0.0636564 0.340864
1.77963 0.0625034 -0.0987707 -0.194394 -0.151608 0.0489911 0.967898 0.0296288 0.0700931 0.116428 0.197721 -0.109713 0.340864
1.79321 0.0643215 -0.09535 -0.176241 -0.116288 0.0344307 0.976847 0.0534604 0.0700931 0.116428 0.197721 -0.109713 0.340864
1.81498 0.0662079 -0.0913002 -0.157759 -0.0807499 0.019806 0.983971 0.0772921 0.0700931 0.116428 0.197721 -0.109713 0.340864
1.84506 0.0674959 -0.0876926 -0.138983 -0.0450613 0.0051442 0.989256 0.101124 0.0700931 0.116428 0.197721 -0.109713 0.340864
1.88343 0.0675769 -0.085648 -0.119946 -0.00928841 -0.00952717 0.992691 0.124955 0.0700931 0.116428 0.197721 -0.109713 0.340864
1.92992 0.0659099 -0.0863199 -0.100685 0.0265018 -0.0241807 0.994271 0.148787 0.0700931 0.116428 0.197721 -0.109713 0.340864
1.98422 0.0620308 -0.0908783 -0.0812363 0.0622425 -0.0387891 0.993993 0.172619 0.0700931 0.116428 0.197721 -0.109713 0.340864
2.04586 0.0555596 -0.100492 -0.0616355 0.0978668 -0.053325 0.991857 0.19645 0.0700931 0.116428 0.197721 -0.109713 0.340864
2.11426 0.046208 -0.116314 -0.0419195 0.133308 -0.0677612 0.987866 0.220282 0.0700931 0.116428 0.197721 -0.109713 0.340864
2.18869 0.0337847 -0.139458 -0.0221251 0.168501 -0.0820707 0.98203 0.244114 0.0700931 0.116428 0.197721 -0.109713 0.340864
2.24654 0.02521 -0.160078 -0.0194438 0.173106 -0.0474186 0.983569 0.120732 -0.362886 0.0522703 0.028302 0.1977 0.340864
2.31297 0.0194936 -0.184584 -0.0549011 0.179553 -0.023502 0.981934 0.297114 0.518771 -0.179237 0.0516055 0.17334 0.340864
2.43517 0.0132198 -0.231362 -0.0902556 0.185663 0.000458609 0.978459 0.473496 0.518771 -0.179237 0.0516055 0.17334 0.340864
2.56627 0.0113192 -0.285564 -0.0589733 0.204596 0.0164648 0.97693 0.361219 -0.330229 0.19672 0.119253 0.0479269 0.340864
2.66043 0.0142206 -0.328957 -0.0275968 0.223202 0.0324448 0.973841 0.248941 -0.330229 0.19672 0.119253 0.0479269 0.340864
2.71874 0.0188699 -0.358514 0.0038237 0.241452 0.048373 0.969199 0.136663 -0.330229 0.19672 0.119253 0.0479269 0.340864
2.74258 0.0219714 -0.371613 0.0352381 0.259316 0.064224 0.96301 0.024385 -0.330229 0.19672 0.119253 0.0479269 0.340864
2.75628 0.0238392 -0.379618 0.0571983 0.264787 0.0355876 0.961951 0.069623 0.133053 0.0788877 0.046848 -0.194226 0.340864
2.78312 0.0262088 -0.39566 0.0790822 0.269905 0.00690367 0.959609 0.114861 0.133053 0.0788877 0.046848 -0.194226 0.340864
2.82292 0.0277805 -0.42013 0.100861 0.274662 -0.0217894 0.955988 0.160099 0.133053 0.0788877 0.046848 -0.194226 0.340864
2.87533 0.0272921 -0.453463 0.122505 0.279054 -0.0504535 0.951092 0.205337 0.133053 0.0788877 0.046848 -0.194226 0.340864
2.93991 0.0235328 -0.496139 0.143985 0.283073 -0.0790503 0.944928 0.250575 0.133053 0.0788877 0.046848 -0.194226 0.340864
3.01607 0.0153564 -0.548673 0.165274 0.286715 -0.107542 0.937504 0.295813 0.133053 0.0788877 0.046848 -0.194226 0.340864
3.10308 0.00169364 -0.611616 0.186342 0.289975 -0.13589 0.92883 0.341051 0.133053 0.0788877 0.046848 -0.194226 0.340864
3.20012 -0.0184352 -0.685541 0.207162 0.292848 -0.164056 0.918918 0.386289 0.133053 0.0788877 0.046848 -0.194226 0.340864
3.28772 -0.0424726 -0.755432 0.198069 0.292761 -0.19569 0.914749 0.28803 -0.288998 -0.0986674 0.0540467 -0.159483 0.340864
3.34783 -0.0644386 -0.805419 0.188757 0.292352 -0.227107 0.909573 0.18977 -0.288998 -0.0986674 0.0540467 -0.159483 0.340864
3.38194 -0.0801762 -0.835 0.179238 0.291622 -0.258275 0.903396 0.0915108 -0.288998 -0.0986674 0.0540467 -0.159483 0.340864
3.41634 -0.097578 -0.86491 0.141319 0.295657 -0.238255 0.914249 0.195519 0.305908 -0.172528 0.0393391 0.192244 0.340864
3.47689 -0.126695 -0.915585 0.103122 0.299109 -0.217764 0.923298 0.299528 0.305908 -0.172528 0.0393391 0.192244 0.340864
3.56457 -0.166572 -0.986346 0.0647208 0.30197 -0.196844 0.930525 0.403537 0.305908 -0.172528 0.0393391 0.192244 0.340864
3.64923 -0.200202 -1.0581 0.0764462 0.339893 -0.162038 0.92324 0.27891 -0.366548 0.172773 0.193781 0.175775 0.340864
3.70096 -0.21569 -1.10812 0.0879543 0.37685 -0.126771 0.913333 0.154284 -0.366548 0.172773 0.193781 0.175775 0.340864
3.72187 -0.219856 -1.13098 0.0992127 0.412737 -0.091145 0.900831 0.0296579 -0.366548 0.172773 0.193781 0.175775 0.340864
3.73088 -0.221585 -1.1419 0.0915125 0.415351 -0.127848 0.895971 0.0542543 0.0723424 -0.125706 0.0512096 -0.176917 0.340864
3.74467 -0.225887 -1.15931 0.0836808 0.417367 -0.164367 0.889823 0.0788507 0.0723424 -0.125706 0.0512096 -0.176917 0.340864
3.76274 -0.233894 -1.18318 0.0757289 0.418784 -0.20065 0.882397 0.103447 0.0723424 -0.125706 0.0512096 -0.176917 0.340864
3.78446 -0.246686 -1.21338 0.0676682 0.419599 -0.236645 0.873703 0.128044 0.0723424 -0.125706 0.0512096 -0.176917 0.340864
3.80915 -0.265282 -1.24972 0.0595102 0.419812 -0.2723 0.863753 0.15264 0.0723424 -0.125706 0.0512096 -0.176917 0.340864
3.836 -0.290625 -1.29191 0.0512667 0.419421 -0.307563 0.852562 0.177236 0.0723424 -0.125706 0.0512096 -0.176917 0.340864
3.86416 -0.323574 -1.33958 0.0429496 0.418427 -0.342385 0.840147 0.201833 0.0723424 -0.125706 0.0512096 -0.176917 0.340864
3.89269 -0.364887 -1.39228 0.0345707 0.416832 -0.376715 0.826524 0.226429 0.0723424 -0.125706 0.0512096 -0.176917 0.340864
3.92059 -0.415218 -1.4495 0.0261422 0.414639 -0.410503 0.811713 0.251026 0.0723424 -0.125706 0.0512096 -0.176917 0.340864
3.94681 -0.475102 -1.51064 0.0176761 0.411849 -0.443701 0.795737 0.275622 0.0723424 -0.125706 0.0512096 -0.176917 0.340864
3.97583 -0.556139 -1.59121 0.00809431 0.438061 -0.440733 0.783449 0.41798 0.418699 0.0320363 0.177188 0.00776399 0.340864
4.00357 -0.642966 -1.68289 0.0366495 0.447538 -0.446515 0.773945 0.342551 -0.221848 0.141746 -0.00558936 -0.124436 0.340864
4.02307 -0.709843 -1.75962 0.0651669 0.456555 -0.451837 0.763645 0.267123 -0.221848 0.141746 -0.00558936 -0.124436 0.340864
4.03579 -0.757927 -1.81969 0.0936173 0.465103 -0.456694 0.752559 0.191695 -0.221848 0.141746 -0.00558936 -0.124436 0.340864
4.04309 -0.788579 -1.86149 0.121971 0.473171 -0.461082 0.740699 0.116267 -0.221848 0.141746 -0.00558936 -0.124436 0.340864
4.04624 -0.803352 -1.88352 0.1502 0.480753 -0.464995 0.728077 0.0408384 -0.221848 0.141746 -0.00558936 -0.124436 0.340864
4.04936 -0.823939 -1.91753 0.146315 0.509109 -0.458703 0.713436 0.19377 0.4498 0.091669 0.167944 0.0229461 0.340864
4.05265 -0.869011 -1.99751 0.142273 0.536919 -0.451919 0.69803 0.346702 0.4498 0.091669 0.167944 0.0229461 0.340864
4.05124 -0.935704 -2.12497 0.138078 0.564153 -0.444649 0.681875 0.499634 0.4498 0.091669 0.167944 0.0229461 0.340864
4.04968 -0.986912 -2.23158 0.150489 0.566237 -0.416456 0.695193 0.19624 -0.892337 0.137999 -0.0912162 0.108451 0.340864
4.05028 -1.02176 -2.30942 0.157987 0.563893 -0.425025 0.690231 0.305472 0.321271 0.000767733 -0.0038386 -0.0742522 0.340864
4.05003 -1.07177 -2.42117 0.165459 0.561458 -0.433527 0.685158 0.414704 0.321271 0.000767733 -0.0038386 -0.0742522 0.340864
4.05226 -1.11118 -2.51514 0.190051 0.554007 -0.404867 0.702168 0.185027 -0.675519 0.158259 -0.176869 0.0704331 0.340864
4.05675 -1.13112 -2.56818 0.215262 0.535002 -0.403936 0.71012 0.149333 -0.104983 0.0530241 -0.165527 -0.0806333 0.340864
4.06219 -1.14618 -2.60991 0.240245 0.515429 -0.402576 0.71732 0.113639 -0.104983 0.0530241 -0.165527 -0.0806333 0.340864
4.07197 -1.16538 -2.66321 0.238614 0.500681 -0.392502 0.733706 0.224544 0.326191 -0.0344277 -0.122301 0.0654198 0.340864
4.09243 -1.19777 -2.75035 0.236842 0.485636 -0.382197 0.749659 0.335449 0.326191 -0.0344277 -0.122301 0.0654198 0.340864
4.11395 -1.23251 -2.84067 0.221046 0.499208 -0.390906 0.741028 0.247762 -0.257902 -0.0520014 0.132163 0.00621782 0.340864
4.13077 -1.26172 -2.92291 0.248399 0.513411 -0.38079 0.727809 0.275173 0.08062 0.198823 0.0246863 -0.0481626 0.340864
4.1481 -1.28808 -3.01591 0.275446 0.526985 -0.370207 0.713697 0.302584 0.08062 0.198823 0.0246863 -0.0481626 0.340864
4.1658 -1.31029 -3.11961 0.302156 0.539912 -0.35917 0.698709 0.329994 0.08062 0.198823 0.0246863 -0.0481626 0.340864
4.18375 -1.32706 -3.23384 0.328495 0.552176 -0.347691 0.682864 0.357405 0.08062 0.198823 0.0246863 -0.0481626 0.340864
4.20185 -1.3371 -3.35828 0.35443 0.563763 -0.335787 0.666182 0.384816 0.08062 0.198823 0.0246863 -0.0481626 0.340864
4.22006 -1.33913 -3.49251 0.379931 0.574658 -0.32347 0.648681 0.412227 0.08062 0.198823 0.0246863 -0.0481626 0.340864
4.23837 -1.33192 -3.63596 0.404966 0.584848 -0.310756 0.630385 0.439638 0.08062 0.198823 0.0246863 -0.0481626 0.340864
4.25678 -1.31426 -3.78794 0.429504 0.594321 -0.297661 0.611316 0.467048 0.08062 0.198823 0.0246863 -0.0481626 0.340864
4.2712 -1.29404 -3.93152 0.427984 0.598226 -0.319267 0.597515 0.39011 -0.22629 -0.0392983 0.119553 -0.0866863 0.340864
4.28135 -1.27997 -4.03125 0.441274 0.587403 -0.304334 0.606313 0.205401 -0.543261 0.0567865 -0.131568 -0.00500641 0.340864
4.28676 -1.27397 -4.06882 0.454301 0.576231 -0.289221 0.614752 0.0206925 -0.543261 0.0567865 -0.131568 -0.00500641 0.340864
4.28999 -1.27133 -4.08863 0.435875 0.569637 -0.313898 0.622089 0.0983849 0.228507 -0.181133 0.0485865 -0.0319254 0.340864
4.29678 -1.26798 -4.13466 0.416994 0.562447 -0.338247 0.628775 0.176077 0.228507 -0.181133 0.0485865 -0.0319254 0.340864
4.30628 -1.2672 -4.20709 0.397676 0.554669 -0.362242 0.634805 0.25377 0.228507 -0.181133 0.0485865 -0.0319254 0.340864
4.31757 -1.27231 -4.30579 0.377943 0.546311 -0.385858 0.64017 0.331462 0.228507 -0.181133 0.0485865 -0.0319254 0.340864
4.32969 -1.28656 -4.43028 0.357814 0.537382 -0.409071 0.644865 0.409154 0.228507 -0.181133 0.0485865 -0.0319254 0.340864
4.34165 -1.31316 -4.57975 0.337311 0.52789 -0.431855 0.648887 0.486847 0.228507 -0.181133 0.0485865 -0.0319254 0.340864
4.35446 -1.34171 -4.71064 0.338273 0.509018 -0.422454 0.669331 0.3049 -0.535137 -0.0556501 -0.156643 0.047392 0.340864
4.36525 -1.3583 -4.78062 0.338944 0.489705 -0.412688 0.689198 0.122954 -0.535137 -0.0556501 -0.156643 0.047392 0.340864
4.37995 -1.38057 -4.86145 0.315688 0.487928 -0.421965 0.695854 0.377817 0.749597 -0.138604 0.0485775 0.0419964 0.340864
4.3911 -1.4021 -4.93694 0.331088 0.50187 -0.445563 0.66331 0.0886537 -0.850479 0.0903746 0.156122 -0.195748 0.340864
4.40084 -1.42003 -5.00898 0.3383 0.501334 -0.416342 0.678879 0.351855 0.774121 0.0826952 -0.123888 0.132513 0.340864
4.41527 -1.44615 -5.11011 0.308143 0.506325 -0.427385 0.68266 0.268431 -0.245363 -0.148325 0.104631 0.0640382 0.340864
4.42367 -1.46873 -5.18332 0.277656 0.510773 -0.437971 0.685711 0.185008 -0.245363 -0.148325 0.104631 0.0640382 0.340864
4.42771 -1.48517 -5.229 0.246871 0.514675 -0.448088 0.688027 0.101585 -0.245363 -0.148325 0.104631 0.0640382 0.340864
4.43345 -1.51364 -5.29843 0.219853 0.516155 -0.438863 0.701889 0.341163 0.704642 -0.0976693 0.0218464 0.157843 0.340864
4.44792 -1.565 -5.41996 0.222684 0.503847 -0.423401 0.719223 0.439664 0.28971 0.00444494 -0.130767 0.0840877 0.340864
4.46791 -1.61993 -5.56248 0.234021 0.524333 -0.402809 0.712779 0.466573 0.0791425 0.168486 0.0505722 0.0643119 0.340864
4.48764 -1.66893 -5.71688 0.24512 0.544288 -0.38181 0.705612 0.493481 0.0791425 0.168486 0.0505722 0.0643119 0.340864
4.51087 -1.71039 -5.87811 0.249488 0.549363 -0.343947 0.719483 0.495502 0.00594381 0.130788 -0.087776 0.181694 0.340864
4.54133 -1.74315 -6.04086 0.253439 0.553521 -0.305509 0.732153 0.497523 0.00594381 0.130788 -0.087776 0.181694 0.340864
4.57855 -1.76666 -6.20451 0.256967 0.556753 -0.266561 0.743599 0.499544 0.00594381 0.130788 -0.087776 0.181694 0.340864
4.61066 -1.78231 -6.32416 0.274593 0.525625 -0.288443 0.751743 0.23506 -0.777894 -0.0557002 -0.157441 -0.187775 0.340864
4.6257 -1.79029 -6.37255 0.243461 0.519101 -0.273938 0.772152 0.0667286 -0.495093 -0.136888 -0.0625734 0.184538 0.340864
4.63443 -1.79561 -6.39735 0.218859 0.501788 -0.280894 0.788294 0.0911183 0.0717345 -0.184037 -0.0783401 0.0447533 0.340864
4.64683 -1.80439 -6.42902 0.193992 0.483866 -0.287509 0.80348 0.115508 0.0717345 -0.184037 -0.0783401 0.0447533 0.340864
4.66337 -1.8174 -6.46699 0.168889 0.465356 -0.293775 0.81769 0.139898 0.0717345 -0.184037 -0.0783401 0.0447533 0.340864
4.6845 -1.83537 -6.51063 0.143581 0.446281 -0.299685 0.830907 0.164288 0.0717345 -0.184037 -0.0783401 0.0447533 0.340864
4.71067 -1.85893 -6.5592 0.118099 0.426665 -0.30523 0.843116 0.188677 0.0717345 -0.184037 -0.0783401 0.0447533 0.340864
4.74232 -1.88865 -6.6119 0.0924733 0.40653 -0.310405 0.854301 0.213067 0.0717345 -0.184037 -0.0783401 0.0447533 0.340864
4.77988 -1.92502 -6.66785 0.0667354 0.385902 -0.315204 0.864449 0.237457 0.0717345 -0.184037 -0.0783401 0.0447533 0.340864
4.82374 -1.96844 -6.7261 0.0409166 0.364806 -0.319619 0.873548 0.261846 0.0717345 -0.184037 -0.0783401 0.0447533 0.340864
4.87428 -2.01922 -6.78565 0.015048 0.343266 -0.323647 0.881586 0.286236 0.0717345 -0.184037 -0.0783401 0.0447533 0.340864
4.90811 -2.05333 -6.82147 0.00992612 0.31774 -0.331343 0.888344 0.0663118 -0.646836 -0.09131 -0.135606 -0.018968 0.340864
4.92217 -2.06713 -6.83534 -0.0045541 0.327227 -0.314388 0.891102 0.0754079 0.0267534 -0.0256494 0.0716597 0.121607 0.340864
4.93828 -2.08217 -6.85125 -0.0190316 0.336519 -0.297246 0.89333 0.0845041 0.0267534 -0.0256494 0.0716597 0.121607 0.340864
4.95647 -2.09834 -6.86927 -0.0334978 0.345611 -0.279927 0.895026 0.0936003 0.0267534 -0.0256494 0.0716597 0.121607 0.340864
4.97675 -2.1155 -6.88946 -0.0479441 0.354498 -0.262441 0.896191 0.102696 0.0267534 -0.0256494 0.0716597 0.121607 0.340864
4.99913 -2.13352 -6.91191 -0.0623618 0.363173 -0.244799 0.896822 0.111793 0.0267534 -0.0256494 0.0716597 0.121607 0.340864
5.0236 -2.15228 -6.93668 -0.0767425 0.371633 -0.227012 0.89692 0.120889 0.0267534 -0.0256494 0.0716597 0.121607 0.340864
5.05015 -2.17164 -6.96387 -0.0910775 0.379872 -0.209089 0.896484 0.129985 0.0267534 -0.0256494 0.0716597 0.121607 0.340864
5.07874 -2.19149 -6.99355 -0.105358 0.387885 -0.191043 0.895515 0.139081 0.0267534 -0.0256494 0.0716597 0.121607 0.340864
5.10935 -2.21169 -7.02579 -0.119577 0.395667 -0.172882 0.894014 0.148177 0.0267534 -0.0256494 0.0716597 0.121607 0.340864
5.14191 -2.23213 -7.06069 -0.133724 0.403213 -0.154619 0.891981 0.157273 0.0267534 -0.0256494 0.0716597 0.121607 0.340864
5.17715 -2.2557 -7.09765 -0.145107 0.38863 -0.1911 0.889602 0.17361 0.0480502 -0.161434 -0.0892419 -0.155148 0.340864
5.21557 -2.28578 -7.13554 -0.156247 0.373395 -0.227259 0.885729 0.189948 0.0480502 -0.161434 -0.0892419 -0.155148 0.340864
5.25681 -2.32294 -7.17366 -0.167124 0.357532 -0.263038 0.88037 0.206285 0.0480502 -0.161434 -0.0892419 -0.155148 0.340864
5.30041 -2.36766 -7.21126 -0.177721 0.34107 -0.298374 0.873533 0.222622 0.0480502 -0.161434 -0.0892419 -0.155148 0.340864
5.34583 -2.42032 -7.24755 -0.18802 0.324034 -0.33321 0.865229 0.238959 0.0480502 -0.161434 -0.0892419 -0.155148 0.340864
5.39324 -2.48039 -7.28284 -0.211569 0.319988 -0.344963 0.856648 0.256759 0.0523525 -0.159699 0.0289241 -0.02728 0.340864
5.44308 -2.5472 -7.3176 -0.234952 0.315692 -0.356446 0.847397 0.274558 0.0523525 -0.159699 0.0289241 -0.02728 0.340864
5.49524 -2.62091 -7.35127 -0.258151 0.311148 -0.367651 0.837483 0.292358 0.0523525 -0.159699 0.0289241 -0.02728 0.340864
5.54961 -2.70159 -7.38328 -0.281149 0.306361 -0.378567 0.826913 0.310158 0.0523525 -0.159699 0.0289241 -0.02728 0.340864
5.60607 -2.78929 -7.41304 -0.303926 0.301334 -0.389187 0.815696 0.327958 0.0523525 -0.159699 0.0289241 -0.02728 0.340864
5.66453 -2.88402 -7.43995 -0.326465 0.296071 -0.399503 0.803841 0.345758 0.0523525 -0.159699 0.0289241 -0.02728 0.340864
5.72489 -2.98573 -7.46342 -0.348749 0.290576 -0.409506 0.791356 0.363558 0.0523525 -0.159699 0.0289241 -0.02728 0.340864
5.78706 -3.09432 -7.48284 -0.37076 0.284854 -0.419188 0.778252 0.381357 0.0523525 -0.159699 0.0289241 -0.02728 0.340864
5.85097 -3.20965 -7.49759 -0.392481 0.278909 -0.428543 0.764539 0.399157 0.0523525 -0.159699 0.0289241 -0.02728 0.340864
5.89903 -3.30379 -7.50728 -0.397169 0.29981 -0.445597 0.744187 0.225338 -0.511232 -0.0433716 0.0998506 -0.168599 0.340864
5.91792 -3.34668 -7.51163 -0.401395 0.320362 -0.462133 0.722968 0.0515197 -0.511232 -0.0433716 0.0998506 -0.168599 0.340864
5.92968 -3.37667 -7.514 -0.429325 0.324141 -0.462629 0.704689 0.138519 0.255879 -0.15263 0.125298 -0.00808715 0.340864
5.95192 -3.43436 -7.51659 -0.456771 0.327554 -0.462602 0.685615 0.225518 0.255879 -0.15263 0.125298 -0.00808715 0.340864
5.98446 -3.51984 -7.51741 -0.483701 0.330598 -0.462053 0.665767 0.312516 0.255879 -0.15263 0.125298 -0.00808715 0.340864
6.02725 -3.63302 -7.51448 -0.510085 0.333268 -0.460982 0.645167 0.399515 0.255879 -0.15263 0.125298 -0.00808715 0.340864
6.08037 -3.7737 -7.50582 -0.535894 0.335562 -0.459392 0.623839 0.486514 0.255879 -0.15263 0.125298 -0.00808715 0.340864
6.13224 -3.90068 -7.49741 -0.518349 0.314347 -0.445378 0.658892 0.322024 -0.483795 0.145264 -0.150335 0.178459 0.340864
6.16722 -3.97425 -7.49438 -0.499673 0.292445 -0.430393 0.692507 0.157534 -0.483795 0.145264 -0.150335 0.178459 0.340864
6.199 -4.0309 -7.49339 -0.523508 0.293188 -0.395179 0.695567 0.224714 0.197587 -0.025647 0.161658 0.19007 0.340864
6.24679 -4.10456 -7.49388 -0.546391 0.293399 -0.359247 0.697363 0.291893 0.197587 -0.025647 0.161658 0.19007 0.340864
6.31275 -4.19333 -7.49716 -0.568281 0.293075 -0.322661 0.697892 0.359073 0.197587 -0.025647 0.161658 0.19007 0.340864
6.39874 -4.29514 -7.50475 -0.589138 0.29222 -0.28549 0.697151 0.426252 0.197587 -0.025647 0.161658 0.19007 0.340864
6.50631 -4.40774 -7.51835 -0.608924 0.290832 -0.247799 0.695143 0.493432 0.197587 -0.025647 0.161658 0.19007 0.340864
6.5952 -4.49351 -7.53092 -0.621499 0.28495 -0.236411 0.6904 0.236976 -0.754283 -0.057508 0.0431829 0.0822379 0.340864
6.67628 -4.56463 -7.54302 -0.61975 0.27099 -0.21069 0.705751 0.401515 0.483938 0.0869417 0.00917898 0.173942 0.340864
6.78206 -4.65435 -7.56147 -0.609147 0.283865 -0.21367 0.709017 0.421587 0.0590346 0.0671346 0.0242389 -0.0721671 0.340864
6.89048 -4.75066 -7.5839 -0.598363 0.296656 -0.216587 0.712072 0.441659 0.0590346 0.0671346 0.0242389 -0.0721671 0.340864
7.00124 -4.85362 -7.61062 -0.587401 0.309358 -0.219439 0.714916 0.46173 0.0590346 0.0671346 0.0242389 -0.0721671 0.340864
7.11401 -4.96329 -7.64194 -0.576263 0.321968 -0.222226 0.717546 0.481802 0.0590346 0.0671346 0.0242389 -0.0721671 0.340864
7.19431 -5.03895 -7.66754 -0.566679 0.316615 -0.188831 0.736867 0.184589 -0.874155 0.16224 0.0414968 0.166253 0.340864
7.24748 -5.08463 -7.68423 -0.574683 0.297071 -0.196303 0.736854 0.239325 0.160987 -0.0703689 -0.100715 0.047655 0.340864
7.31596 -5.14148 -7.70156 -0.582399 0.277378 -0.203677 0.736471 0.29406 0.160987 -0.0703689 -0.100715 0.047655 0.340864
7.40023 -5.20908 -7.71797 -0.589822 0.257545 -0.210949 0.735718 0.348796 0.160987 -0.0703689 -0.100715 0.047655 0.340864
7.50069 -5.28699 -7.73189 -0.596949 0.237584 -0.218114 0.734596 0.403532 0.160987 -0.0703689 -0.100715 0.047655 0.340864
7.61763 -5.37466 -7.74177 -0.603777 0.217503 -0.225171 0.733106 0.458267 0.160987 -0.0703689 -0.100715 0.047655 0.340864
7.71661 -5.44604 -7.74472 -0.601154 0.1886 -0.235093 0.740119 0.259853 -0.583572 -0.0147606 -0.17236 0.0658071 0.340864
7.76744 -5.48087 -7.74449 -0.611826 0.182849 -0.223198 0.73649 0.10264 -0.462392 -0.0540542 0.0358137 0.0789502 0.340864
7.83635 -5.52505 -7.74656 -0.613823 0.194453 -0.19742 0.739212 0.379044 0.812953 0.044113 0.142757 0.0756485 0.340864
7.95366 -5.59381 -7.75813 -0.601605 0.202934 -0.153507 0.757182 0.424012 0.132259 0.178161 0.160758 0.167287 0.340864
8.08719 -5.66162 -7.78258 -0.5879 0.210913 -0.109215 0.773279 0.46898 0.132259 0.178161 0.160758 0.167287 0.340864
8.23526 -5.72405 -7.81261 -0.566479 0.172504 -0.0948014 0.800223 0.492904 0.0703651 0.18391 -0.172135 0.189211 0.340864
8.38503 -5.77613 -7.84539 -0.561482 0.184851 -0.0542544 0.804751 0.459847 -0.097227 0.0866704 0.185906 0.147219 0.340864
8.52439 -5.81656 -7.88601 -0.55545 0.196858 -0.0136076 0.807798 0.42679 -0.097227 0.0866704 0.185906 0.147219 0.340864
8.65237 -5.84631 -7.93271 -0.548395 0.208501 0.0270644 0.809356 0.393733 -0.097227 0.0866704 0.185906 0.147219 0.340864
8.76825 -5.86643 -7.98373 -0.54033 0.219761 0.0676864 0.809424 0.360676 -0.097227 0.0866704 0.185906 0.147219 0.340864
8.87157 -5.87808 -8.03733 -0.53127 0.230616 0.108184 0.808 0.327618 -0.097227 0.0866704 0.185906 0.147219 0.340864
8.96209 -5.8825 -8.09181 -0.521231 0.241046 0.148482 0.805089 0.294561 -0.097227 0.0866704 0.185906 0.147219 0.340864
9.03981 -5.88096 -8.14555 -0.510233 0.251033 0.188507 0.800694 0.261504 -0.097227 0.0866704 0.185906 0.147219 0.340864
9.11518 -5.87273 -8.19768 -0.499865 0.203509 0.205375 0.816419 0.280026 0.0544775 0.173715 -0.185017 0.189432 0.340864
9.1982 -5.85555 -8.24746 -0.48805 0.155397 0.221649 0.829778 0.298549 0.0544775 0.173715 -0.185017 0.189432 0.340864
9.24866 -5.84122 -8.27562 -0.468778 0.142514 0.247486 0.835875 0.0517194 -0.725969 0.152015 0.0308542 0.137559 0.340864
9.28788 -5.82741 -8.29575 -0.460546 0.110766 0.244143 0.846181 0.220053 0.4951 0.112338 -0.162009 0.0492149 0.340864
9.38421 -5.79371 -8.33989 -0.464073 0.100938 0.229576 0.849554 0.43411 0.629578 -0.00379928 -0.0956467 -0.0484325 0.340864
9.51713 -5.74594 -8.40003 -0.478533 0.0957574 0.249304 0.836471 0.468939 0.10244 -0.0892774 0.0162042 0.139002 0.340864
9.64446 -5.6994 -8.45574 -0.4882 0.0801261 0.231155 0.83774 0.393318 -0.222415 -0.0312947 -0.142908 -0.0417228 0.340864
9.7521 -5.66299 -8.49692 -0.49754 0.0644413 0.212851 0.838449 0.317697 -0.222415 -0.0312947 -0.142908 -0.0417228 0.340864
9.83871 -5.63586 -8.5255 -0.506547 0.0487133 0.194404 0.838597 0.242076 -0.222415 -0.0312947 -0.142908 -0.0417228 0.340864
9.90313 -5.61716 -8.54348 -0.515215 0.0329528 0.175828 0.838184 0.166455 -0.222415 -0.0312947 -0.142908 -0.0417228 0.340864
9.94435 -5.60607 -8.55297 -0.523539 0.0171702 0.157134 0.83721 0.0908335 -0.222415 -0.0312947 -0.142908 -0.0417228 0.340864
9.96156 -5.60175 -8.55616 -0.531513 0.00137616 0.138335 0.835677 0.0152123 -0.222415 -0.0312947 -0.142908 -0.0417228 0.340864
10.0065 -5.5909 -8.56156 -0.529181 -0.0214095 0.126492 0.838754 0.258778 0.716369 0.0395331 -0.14718 0.0105025 0.340864
10.1096 -5.5692 -8.57033 -0.559991 -0.0220254 0.093802 0.822877 0.362918 0.306295 -0.196934 -0.129771 -0.151494 0.340864
10.1982 -5.55083 -8.57884 -0.539961 -0.0109999 0.132137 0.83118 0.172002 -0.561519 0.113295 0.19184 0.147304 0.340864
10.2687 -5.53519 -8.58537 -0.53592 -0.0291573 0.101584 0.837628 0.25451 0.242673 0.0563413 -0.182302 -0.0964808 0.340864
10.3675 -5.51659 -8.58802 -0.53117 -0.0472762 0.0708971 0.842969 0.337019 0.242673 0.0563413 -0.182302 -0.0964808 0.340864
10.4944 -5.49695 -8.58318 -0.525719 -0.0653326 0.0401164 0.847196 0.419528 0.242673 0.0563413 -0.182302 -0.0964808 0.340864
10.6231 -5.47543 -8.57465 -0.542853 -0.0790009 0.0649307 0.833579 0.349572 -0.205752 -0.133835 -0.000655059 0.162595 0.340864
10.7272 -5.45177 -8.56859 -0.55929 -0.092568 0.0896619 0.818893 0.279616 -0.205752 -0.133835 -0.000655059 0.162595 0.340864
10.807 -5.42875 -8.5648 -0.575011 -0.106016 0.114278 0.803158 0.209661 -0.205752 -0.133835 -0.000655059 0.162595 0.340864
10.8631 -5.40911 -8.56289 -0.589995 -0.119329 0.138748 0.786394 0.139705 -0.205752 -0.133835 -0.000655059 0.162595 0.340864
10.9523 -5.37618 -8.55855 -0.572452 -0.124432 0.120965 0.801363 0.420292 0.825257 0.149773 -0.0605061 -0.0644657 0.340864
11.0421 -5.34171 -8.55409 -0.538699 -0.120043 0.157663 0.818862 0.146499 -0.805275 0.188134 0.181173 0.170547 0.340864
11.1132 -5.31156 -8.55316 -0.534937 -0.10976 0.167778 0.820759 0.307726 0.474197 0.00745134 0.0864198 0.0170363 0.340864
11.2344 -5.25931 -8.5549 -0.531055 -0.0994515 0.177856 0.82247 0.468953 0.474197 0.00745134 0.0864198 0.0170363 0.340864
11.3324 -5.21564 -8.55932 -0.520073 -0.087067 0.198904 0.826063 0.162307 -0.901898 0.0390873 0.139276 0.0658185 0.340864
11.3869 -5.18914 -8.5624 -0.494058 -0.10094 0.210313 0.837548 0.194972 0.0960735 0.17197 0.00381011 0.0977837 0.340864
11.4504 -5.15551 -8.56423 -0.467483 -0.114699 0.221483 0.848085 0.227637 0.0960735 0.17197 0.00381011 0.0977837 0.340864
11.5223 -5.11422 -8.56409 -0.44038 -0.128329 0.232403 0.857663 0.260302 0.0960735 0.17197 0.00381011 0.0977837 0.340864
11.6023 -5.06481 -8.56124 -0.412779 -0.141813 0.243061 0.86627 0.292967 0.0960735 0.17197 0.00381011 0.0977837 0.340864
11.6898 -5.0069 -8.55485 -0.38471 -0.155137 0.253443 0.873898 0.325632 0.0960735 0.17197 0.00381011 0.0977837 0.340864
11.7844 -4.94021 -8.54409 -0.356207 -0.168285 0.263538 0.880537 0.358297 0.0960735 0.17197 0.00381011 0.0977837 0.340864
11.8737 -4.87509 -8.53112 -0.340692 -0.172675 0.265131 0.885335 0.295929 -0.183437 0.0956457 0.00940099 0.0253694 0.340864
11.9454 -4.82212 -8.51915 -0.32508 -0.177015 0.266648 0.88988 0.23356 -0.183437 0.0956457 0.00940099 0.0253694 0.340864
12 -4.78148 -8.50885 -0.309376 -0.181305 0.268089 0.894172 0.171192 -0.183437 0.0956457 0.00940099 0.0253694 0.340864
12.0375 -4.75329 -8.50095 -0.293583 -0.185543 0.269454 0.898208 0.108823 -0.183437 0.0956457 0.00940099 0.0253694 0.340864
12.0582 -4.73762 -8.49613 -0.277706 -0.189729 0.270741 0.901987 0.0464544 -0.183437 0.0956457 0.00940099 0.0253694 0.340864
12.1075 -4.70032 -8.48551 -0.273079 -0.169622 0.277469 0.905355 0.32263 0.812282 -0.00947854 0.12881 0.00265259 0.340864
12.2072 -4.62781 -8.46929 -0.287315 -0.144293 0.269287 0.907807 0.408726 0.253223 -0.105068 0.100977 -0.102489 0.340864
12.3339 -4.54198 -8.45665 -0.301288 -0.118831 0.260857 0.909428 0.494822 0.253223 -0.105068 0.100977 -0.102489 0.340864
12.467 -4.45732 -8.4477 -0.283824 -0.107452 0.252678 0.918723 0.43449 -0.177447 0.0981634 0.0796827 -0.0659859 0.340864
12.5846 -4.38651 -8.44067 -0.266193 -0.0960089 0.24435 0.927479 0.374158 -0.177447 0.0981634 0.0796827 -0.0659859 0.340864
12.6862 -4.32871 -8.43545 -0.248406 -0.0845098 0.235879 0.935689 0.313827 -0.177447 0.0981634 0.0796827 -0.0659859 0.340864
12.776 -4.27699 -8.43151 -0.226721 -0.0805014 0.254988 0.936535 0.296202 -0.0518358 0.105547 0.0805056 0.108942 0.340864
12.8588 -4.22529 -8.42829 -0.204843 -0.0764244 0.27388 0.936584 0.278578 -0.0518358 0.105547 0.0805056 0.108942 0.340864
12.9348 -4.17402 -8.42558 -0.18279 -0.0722823 0.292538 0.935834 0.260954 -0.0518358 0.105547 0.0805056 0.108942 0.340864
12.9734 -4.14568 -8.42378 -0.167296 -0.0870667 0.319601 0.928594 0.0208126 -0.706298 0.0914629 -0.0287093 0.183957 0.340864
12.9814 -4.13878 -8.42297 -0.144687 -0.104618 0.345312 0.921347 0.041821 0.0617894 0.13623 -0.0317865 0.182965 0.340864
12.9942 -4.12654 -8.42094 -0.121856 -0.12201 0.370493 0.912688 0.0628294 0.0617894 0.13623 -0.0317865 0.182965 0.340864
13.0109 -4.10848 -8.41711 -0.0988384 -0.139214 0.395107 0.90263 0.0838378 0.0617894 0.13623 -0.0317865 0.182965 0.340864
13.0309 -4.0842 -8.41086 -0.0756694 -0.156205 0.419115 0.891188 0.104846 0.0617894 0.13623 -0.0317865 0.182965 0.340864
13.0534 -4.05408 -8.40243 -0.0663676 -0.158974 0.437056 0.882782 0.121737 0.0496796 0.0353655 0.00867972 0.124566 0.340864
13.0778 -4.01852 -8.39239 -0.0570334 -0.161666 0.454785 0.873946 0.138628 0.0496796 0.0353655 0.00867972 0.124566 0.340864
13.1036 -3.97735 -8.38065 -0.0476715 -0.164279 0.472292 0.864685 0.155519 0.0496796 0.0353655 0.00867972 0.124566 0.340864
13.1305 -3.93044 -8.36707 -0.0382864 -0.166812 0.489569 0.855003 0.17241 0.0496796 0.0353655 0.00867972 0.124566 0.340864
13.1562 -3.88029 -8.35392 -0.0309455 -0.141749 0.5185 0.842679 0.168044 -0.0128412 -0.0664377 0.141651 0.182612 0.340864
13.1787 -3.82968 -8.34337 -0.023553 -0.11645 0.546565 0.828946 0.163678 -0.0128412 -0.0664377 0.141651 0.182612 0.340864
13.198 -3.77892 -8.33523 -0.016121 -0.0909564 0.573717 0.813828 0.159312 -0.0128412 -0.0664377 0.141651 0.182612 0.340864
13.2139 -3.7283 -8.32927 -0.00866217 -0.0653106 0.59991 0.79735 0.154946 -0.0128412 -0.0664377 0.141651 0.182612 0.340864
13.2266 -3.6781 -8.32528 -0.00118883 -0.0395557 0.625101 0.77954 0.15058 -0.0128412 -0.0664377 0.141651 0.182612 0.340864
13.234 -3.64713 -8.32311 0.0169722 -0.0368786 0.609296 0.791903 0.0370979 -0.333772 0.0772081 0.0818315 -0.113745 0.340864
13.2395 -3.62883 -8.32113 0.039784 -0.046498 0.58288 0.810251 0.0760831 0.114662 0.144678 0.0435794 -0.184871 0.340864
13.2509 -3.59874 -8.31646 0.0625302 -0.0560407 0.555504 0.827263 0.115068 0.114662 0.144678 0.0435794 -0.184871 0.340864
13.2695 -3.55781 -8.30812 0.0851735 -0.0654912 0.527213 0.842913 0.154054 0.114662 0.144678 0.0435794 -0.184871 0.340864
13.297 -3.50722 -8.29521 0.107676 -0.0748337 0.498054 0.857174 0.193039 0.114662 0.144678 0.0435794 -0.184871 0.340864
13.3364 -3.43697 -8.27865 0.0962618 -0.0425017 0.514564 0.850971 0.290863 0.28772 -0.155656 0.116424 0.116903 0.340864
13.3886 -3.33516 -8.26275 0.0847042 -0.0101064 0.530309 0.843502 0.388688 0.28772 -0.155656 0.116424 0.116903 0.340864
13.4511 -3.20066 -8.25183 0.0730206 0.0223038 0.545265 0.834779 0.486513 0.28772 -0.155656 0.116424 0.116903 0.340864
13.4996 -3.08259 -8.24217 0.0834549 -0.0121829 0.571441 0.816298 0.266716 -0.646462 0.173291 -0.144753 0.171699 0.340864
13.5168 -3.03273 -8.23457 0.0936951 -0.0466413 0.596288 0.795918 0.0469188 -0.646462 0.173291 -0.144753 0.171699 0.340864
13.5218 -3.01582 -8.23079 0.102983 -0.0679008 0.602652 0.788413 0.0590499 0.03568 0.120457 -0.0725302 0.0469538 0.340864
13.5274 -2.99516 -8.22516 0.112205 -0.0891171 0.608632 0.780407 0.0711811 0.03568 0.120457 -0.0725302 0.0469538 0.340864
13.5335 -2.97084 -8.21733 0.121357 -0.110277 0.614226 0.771905 0.0833123 0.03568 0.120457 -0.0725302 0.0469538 0.340864
13.5399 -2.943 -8.20696 0.130431 -0.131367 0.61943 0.762913 0.0954435 0.03568 0.120457 -0.0725302 0.0469538 0.340864
13.5463 -2.91178 -8.19373 0.139422 -0.152373 0.624241 0.753437 0.107575 0.03568 0.120457 -0.0725302 0.0469538 0.340864
13.5525 -2.87736 -8.17734 0.148325 -0.173282 0.628655 0.743482 0.119706 0.03568 0.120457 -0.0725302 0.0469538 0.340864
13.5584 -2.83995 -8.15749 0.157133 -0.194082 0.63267 0.733055 0.131837 0.03568 0.120457 -0.0725302 0.0469538 0.340864
13.5636 -2.79975 -8.13392 0.165842 -0.214758 0.636283 0.722163 0.143968 0.03568 0.120457 -0.0725302 0.0469538 0.340864
13.5679 -2.75704 -8.10638 0.174446 -0.235298 0.639492 0.710812 0.156099 0.03568 0.120457 -0.0725302 0.0469538 0.340864
13.5711 -2.71206 -8.07466 0.182938 -0.255688 0.642295 0.699009 0.168231 0.03568 0.120457 -0.0725302 0.0469538 0.340864
13.5757 -2.6559 -8.03405 0.184653 -0.241073 0.630989 0.713891 0.240403 0.21227 -0.0471839 0.101134 -0.084418 0.340864
13.5861 -2.57927 -7.9806 0.186263 -0.226321 0.619325 0.728369 0.312574 0.21227 -0.0471839 0.101134 -0.084418 0.340864
13.6041 -2.48202 -7.91528 0.187768 -0.211441 0.607311 0.742435 0.384746 0.21227 -0.0471839 0.101134 -0.084418 0.340864
13.632 -2.36412 -7.83917 0.189166 -0.196441 0.594954 0.75608 0.456918 0.21227 -0.0471839 0.101134 -0.084418 0.340864
13.6623 -2.23049 -7.75862 0.158473 -0.198168 0.614061 0.747359 0.478246 0.0627289 -0.142876 -0.146472 0.0781326 0.340864
13.6862 -2.08607 -7.67991 0.127559 -0.19962 0.632317 0.737601 0.499574 0.0627289 -0.142876 -0.146472 0.0781326 0.340864
13.7112 -1.94387 -7.59999 0.148711 -0.221391 0.599966 0.754262 0.471514 -0.0825283 0.198316 0.0280614 -0.19391 0.340864
13.7441 -1.81711 -7.51616 0.16953 -0.242666 0.566267 0.76923 0.443455 -0.0825283 0.198316 0.0280614 -0.19391 0.340864
13.7833 -1.70599 -7.43005 0.189967 -0.263396 0.531297 0.78247 0.415395 -0.0825283 0.198316 0.0280614 -0.19391 0.340864
13.8273 -1.61045 -7.34322 0.209978 -0.283534 0.495133 0.793953 0.387335 -0.0825283 0.198316 0.0280614 -0.19391 0.340864
13.8747 -1.53011 -7.25718 0.229517 -0.303035 0.457858 0.803653 0.359276 -0.0825283 0.198316 0.0280614 -0.19391 0.340864
13.9239 -1.4644 -7.17333 0.248541 -0.321856 0.419555 0.811548 0.331216 -0.0825283 0.198316 0.0280614 -0.19391 0.340864
13.9735 -1.41246 -7.09296 0.267007 -0.339954 0.380309 0.817621 0.303157 -0.0825283 0.198316 0.0280614 -0.19391 0.340864
14.0236 -1.36539 -7.00962 0.254472 -0.363474 0.379609 0.811805 0.33229 0.0856851 0.00286464 -0.151711 -0.0523721 0.340864
14.0744 -1.31503 -6.91587 0.241748 -0.386724 0.378626 0.805385 0.361422 0.0856851 0.00286464 -0.151711 -0.0523721 0.340864
14.1251 -1.26148 -6.81146 0.228843 -0.409685 0.377361 0.798365 0.390555 0.0856851 0.00286464 -0.151711 -0.0523721 0.340864
14.1749 -1.20483 -6.69622 0.215768 -0.432342 0.375815 0.790751 0.419688 0.0856851 0.00286464 -0.151711 -0.0523721 0.340864
14.2229 -1.14512 -6.57001 0.202533 -0.454676 0.37399 0.782548 0.448821 0.0856851 0.00286464 -0.151711 -0.0523721 0.340864
14.2682 -1.0824 -6.43279 0.189147 -0.476672 0.371886 0.773762 0.477954 0.0856851 0.00286464 -0.151711 -0.0523721 0.340864
14.3018 -1.03203 -6.32251 0.193759 -0.471039 0.382093 0.771093 0.262053 -0.635004 -0.0169779 0.0168866 0.0715015 0.340864
14.3156 -1.01049 -6.27677 0.19834 -0.465329 0.392237 0.768297 0.0461511 -0.635004 -0.0169779 0.0168866 0.0715015 0.340864
14.3237 -0.994438 -6.24391 0.192852 -0.482787 0.416399 0.74588 0.174264 0.376802 -0.0245102 -0.181152 0.125556 0.340864
14.3356 -0.958564 -6.17226 0.18709 -0.499558 0.439968 0.722403 0.302376 0.376802 -0.0245102 -0.181152 0.125556 0.340864
14.3449 -0.901921 -6.06172 0.181062 -0.51562 0.462913 0.6979 0.430489 0.376802 -0.0245102 -0.181152 0.125556 0.340864
14.3527 -0.841586 -5.95301 0.151912 -0.495565 0.458356 0.721975 0.302465 -0.37654 -0.186156 0.0808563 -0.151364 0.340864
14.3616 -0.794103 -5.86959 0.158324 -0.509642 0.438456 0.723156 0.26462 -0.111309 0.122152 -0.0212759 -0.0815911 0.340864
14.3699 -0.756212 -5.79562 0.164635 -0.523395 0.418278 0.723876 0.226775 -0.111309 0.122152 -0.0212759 -0.0815911 0.340864
14.3773 -0.726977 -5.73171 0.170841 -0.536815 0.397833 0.724135 0.18893 -0.111309 0.122152 -0.0212759 -0.0815911 0.340864
14.3836 -0.705421 -5.67845 0.176939 -0.549893 0.377135 0.723934 0.151085 -0.111309 0.122152 -0.0212759 -0.0815911 0.340864
14.3886 -0.690526 -5.63636 0.182924 -0.56262 0.356197 0.723271 0.11324 -0.111309 0.122152 -0.0212759 -0.0815911 0.340864
14.3922 -0.68124 -5.60589 0.188792 -0.57499 0.335032 0.722148 0.0753946 -0.111309 0.122152 -0.0212759 -0.0815911 0.340864
14.3944 -0.676485 -5.58742 0.19454 -0.586994 0.313653 0.720565 0.0375495 -0.111309 0.122152 -0.0212759 -0.0815911 0.340864
14.3957 -0.673481 -5.57314 0.214462 -0.604235 0.32027 0.697375 0.0486229 0.0325688 0.11997 -0.123996 0.119915 0.340864
14.3965 -0.670391 -5.555 0.234111 -0.620707 0.326478 0.673296 0.0596963 0.0325688 0.11997 -0.123996 0.119915 0.340864
14.3963 -0.667547 -5.53301 0.25346 -0.636386 0.33227 0.648358 0.0707697 0.0325688 0.11997 -0.123996 0.119915 0.340864
14.3949 -0.665302 -5.50721 0.272487 -0.651253 0.337638 0.622592 0.0818431 0.0325688 0.11997 -0.123996 0.119915 0.340864
14.3919 -0.664028 -5.47768 0.291166 -0.66529 0.342575 0.596032 0.0929165 0.0325688 0.11997 -0.123996 0.119915 0.340864
14.3872 -0.664109 -5.44454 0.309473 -0.678478 0.347075 0.568712 0.10399 0.0325688 0.11997 -0.123996 0.119915 0.340864
14.3819 -0.664015 -5.41497 0.283918 -0.678745 0.370798 0.56675 0.0728508 -0.0915855 -0.176091 -0.104109 -0.0191114 0.340864
14.3777 -0.662806 -5.39598 0.258016 -0.678184 0.394069 0.564095 0.0417118 -0.0915855 -0.176091 -0.104109 -0.0191114 0.340864
14.3756 -0.661754 -5.38742 0.2318 -0.676796 0.41686 0.560753 0.0105727 -0.0915855 -0.176091 -0.104109 -0.0191114 0.340864
14.3697 -0.659272 -5.36937 0.241017 -0.694536 0.428474 0.5253 0.102086 0.269158 0.0760348 -0.192952 0.137792 0.340864
14.3583 -0.655781 -5.33536 0.277652 -0.677886 0.435319 0.523332 0.109878 0.0229174 0.046072 0.126074 0.199449 0.340864
14.3475 -0.653389 -5.2983 0.313824 -0.660104 0.441438 0.52049 0.11767 0.0229174 0.046072 0.126074 0.199449 0.340864
14.3375 -0.652189 -5.25821 0.349471 -0.641219 0.44682 0.516778 0.125462 0.0229174 0.046072 0.126074 0.199449 0.340864
14.3287 -0.652242 -5.21513 0.384535 -0.621264 0.451455 0.512204 0.133254 0.0229174 0.046072 0.126074 0.199449 0.340864
14.3214 -0.653583 -5.1691 0.418957 -0.600271 0.455336 0.506774 0.141046 0.0229174 0.046072 0.126074 0.199449 0.340864
14.3158 -0.656215 -5.12021 0.452678 -0.578275 0.458457 0.500497 0.148838 0.0229174 0.046072 0.126074 0.199449 0.340864
14.3125 -0.66011 -5.06854 0.485644 -0.555313 0.460813 0.493385 0.15663 0.0229174 0.046072 0.126074 0.199449 0.340864
14.3115 -0.665206 -5.01422 0.517799 -0.531424 0.462398 0.485449 0.164422 0.0229174 0.046072 0.126074 0.199449 0.340864
14.3134 -0.670453 -4.94002 0.50938 -0.511687 0.467743 0.509829 0.273321 0.320291 -0.168726 0.0934132 -0.017254 0.340864
14.3195 -0.672045 -4.82878 0.500409 -0.491395 0.472581 0.533657 0.38222 0.320291 -0.168726 0.0934132 -0.017254 0.340864
14.3298 -0.669512 -4.70027 0.509429 -0.47559 0.479311 0.53344 0.376296 -0.0174242 -0.0344385 0.0542552 0.0943303 0.340864
14.342 -0.665181 -4.57401 0.518257 -0.459606 0.48586 0.533022 0.370371 -0.0174242 -0.0344385 0.0542552 0.0943303 0.340864
14.3563 -0.659043 -4.45005 0.526889 -0.443448 0.492227 0.532404 0.364447 -0.0174242 -0.0344385 0.0542552 0.0943303 0.340864
14.3723 -0.651098 -4.32846 0.535324 -0.427124 0.498408 0.531585 0.358523 -0.0174242 -0.0344385 0.0542552 0.0943303 0.340864
14.3899 -0.641348 -4.20927 0.543557 -0.410639 0.504401 0.530566 0.352599 -0.0174242 -0.0344385 0.0542552 0.0943303 0.340864
14.4091 -0.629805 -4.09252 0.551585 -0.394 0.510205 0.529347 0.346674 -0.0174242 -0.0344385 0.0542552 0.0943303 0.340864
14.4297 -0.616483 -3.97826 0.559406 -0.377212 0.515817 0.527929 0.34075 -0.0174242 -0.0344385 0.0542552 0.0943303 0.340864
14.4515 -0.601405 -3.86653 0.567016 -0.360282 0.521234 0.526313 0.334826 -0.0174242 -0.0344385 0.0542552 0.0943303 0.340864
14.4643 -0.592134 -3.81038 0.56688 -0.329323 0.512394 0.554658 0.00821363 -0.960625 -0.171206 0.185049 -0.0113066 0.340864
14.4699 -0.586647 -3.78813 0.552537 -0.31176 0.538712 0.554345 0.130613 0.359997 -0.149702 -0.0743124 0.117617 0.340864
14.4833 -0.568133 -3.72707 0.537527 -0.29382 0.56438 0.553362 0.253011 0.359997 -0.149702 -0.0743124 0.117617 0.340864
14.5015 -0.532059 -3.6282 0.521868 -0.275526 0.589367 0.551711 0.37541 0.359997 -0.149702 -0.0743124 0.117617 0.340864
14.5213 -0.47416 -3.49298 0.505579 -0.2569 0.613643 0.549395 0.497809 0.359997 -0.149702 -0.0743124 0.117617 0.340864
14.5371 -0.424401 -3.38739 0.498671 -0.254374 0.596265 0.575403 0.195123 -0.890253 -0.082545 0.0742213 -0.152995 0.340864
14.5482 -0.397132 -3.33212 0.510138 -0.239277 0.587021 0.581302 0.173321 -0.064123 -0.0176112 0.12727 0.00946516 0.340864
14.5601 -0.372766 -3.28399 0.52136 -0.224066 0.577496 0.586922 0.15152 -0.064123 -0.0176112 0.12727 0.00946516 0.340864
14.572 -0.351388 -3.24294 0.532332 -0.208747 0.567693 0.59226 0.129718 -0.064123 -0.0176112 0.12727 0.00946516 0.340864
14.5835 -0.333084 -3.20882 0.543049 -0.193328 0.557618 0.597314 0.107916 -0.064123 -0.0176112 0.12727 0.00946516 0.340864
14.5941 -0.317942 -3.18149 0.553505 -0.177816 0.547276 0.602082 0.0861142 -0.064123 -0.0176112 0.12727 0.00946516 0.340864
14.6031 -0.30605 -3.16074 0.563696 -0.162219 0.536671 0.606561 0.0643123 -0.064123 -0.0176112 0.12727 0.00946516 0.340864
14.6161 -0.289442 -3.12983 0.571513 -0.186031 0.549253 0.580592 0.155749 0.268933 0.177212 -0.126816 0.0553913 0.340864
14.6369 -0.262006 -3.07063 0.578495 -0.209571 0.561033 0.553774 0.247187 0.268933 0.177212 -0.126816 0.0553913 0.340864
14.6627 -0.226826 -2.98112 0.584632 -0.232805 0.571993 0.526147 0.338624 0.268933 0.177212 -0.126816 0.0553913 0.340864
14.6906 -0.18724 -2.85978 0.589916 -0.255699 0.582117 0.497752 0.430061 0.268933 0.177212 -0.126816 0.0553913 0.340864
14.7134 -0.146713 -2.72814 0.57636 -0.249455 0.608842 0.484658 0.391357 -0.113836 -0.0558429 -0.140595 0.124387 0.340864
14.7267 -0.107023 -2.60881 0.562165 -0.242934 0.634892 0.471027 0.352652 -0.113836 -0.0558429 -0.140595 0.124387 0.340864
14.732 -0.0690722 -2.50218 0.547347 -0.236144 0.660238 0.456873 0.313948 -0.113836 -0.0558429 -0.140595 0.124387 0.340864
14.7308 -0.033673 -2.40851 0.531922 -0.229092 0.684853 0.442213 0.275244 -0.113836 -0.0558429 -0.140595 0.124387 0.340864
14.7245 -0.00154456 -2.32792 0.515908 -0.221787 0.708708 0.427063 0.23654 -0.113836 -0.0558429 -0.140595 0.124387 0.340864
14.7148 0.0266941 -2.2604 0.499321 -0.214235 0.731778 0.41144 0.197835 -0.113836 -0.0558429 -0.140595 0.124387 0.340864
14.7031 0.0505283 -2.20583 0.482182 -0.206446 0.754036 0.395361 0.159131 -0.113836 -0.0558429 -0.140595 0.124387 0.340864
14.6912 0.0695514 -2.16394 0.464508 -0.198428 0.775459 0.378843 0.120427 -0.113836 -0.0558429 -0.140595 0.124387 0.340864
14.6806 0.0834675 -2.13437 0.446319 -0.190191 0.796023 0.361905 0.0817228 -0.113836 -0.0558429 -0.140595 0.124387 0.340864
14.6729 0.0920935 -2.11662 0.427635 -0.181742 0.815703 0.344567 0.0430186 -0.113836 -0.0558429 -0.140595 0.124387 0.340864
14.6668 0.09833 -2.10427 0.417767 -0.184902 0.817477 0.350733 0.0458349 0.00828321 -0.0222466 -0.0516233 -0.0444962 0.340864
14.6602 0.105159 -2.0913 0.407837 -0.188035 0.819128 0.356848 0.0486512 0.00828321 -0.0222466 -0.0516233 -0.0444962 0.340864
14.6558 0.109312 -2.08303 0.404766 -0.211519 0.82936 0.321849 0.0118041 -0.108374 0.179413 -0.127389 0.130423 0.340864
14.6546 0.110195 -2.08097 0.428129 -0.205286 0.82375 0.309838 0.00297586 -0.0259654 0.049408 0.124206 0.091895 0.340864
14.6484 0.115211 -2.07005 0.404559 -0.181721 0.837034 0.320443 0.0766076 0.216564 -0.199939 -0.0919301 0.00370713 0.340864
14.6299 0.131347 -2.04035 0.380423 -0.157902 0.849146 0.3306 0.150239 0.216564 -0.199939 -0.0919301 0.00370713 0.340864
14.5978 0.161084 -1.9942 0.355754 -0.133862 0.86007 0.340294 0.223871 0.216564 -0.199939 -0.0919301 0.00370713 0.340864
14.5511 0.206657 -1.93424 0.330588 -0.109634 0.86979 0.349511 0.297503 0.216564 -0.199939 -0.0919301 0.00370713 0.340864
14.4888 0.270025 -1.86337 0.304959 -0.0852533 0.878292 0.35824 0.371135 0.216564 -0.199939 -0.0919301 0.00370713 0.340864
14.4102 0.352849 -1.78472 0.278902 -0.060753 0.885565 0.366467 0.444766 0.216564 -0.199939 -0.0919301 0.00370713 0.340864
14.3467 0.423824 -1.72551 0.280622 -0.0260464 0.880974 0.380075 0.214853 -0.676215 -0.197817 0.0961931 -0.0232333 0.340864
14.3152 0.459365 -1.69675 0.28815 -0.0128504 0.890152 0.352753 0.11191 -0.302774 -0.00786199 0.0491848 0.185073 0.340864
14.303 0.471854 -1.68596 0.295371 0.000359169 0.898384 0.325057 0.0089669 -0.302774 -0.00786199 0.0491848 0.185073 0.340864
14.2952 0.478535 -1.67896 0.319845 -0.0159568 0.90183 0.290081 0.0638093 0.161301 0.193865 0.0922535 0.163081 0.340864
14.2757 0.493172 -1.6599 0.343647 -0.0322393 0.903382 0.254495 0.118652 0.161301 0.193865 0.0922535 0.163081 0.340864
14.2441 0.512841 -1.627 0.366727 -0.0484541 0.903037 0.218376 0.173494 0.161301 0.193865 0.0922535 0.163081 0.340864
14.2008 0.534457 -1.57882 0.389036 -0.0645671 0.900795 0.181797 0.228337 0.161301 0.193865 0.0922535 0.163081 0.340864
14.1635 0.549634 -1.53767 0.370738 -0.0823121 0.909512 0.169012 0.110344 -0.347037 0.100421 -0.140758 0.0295123 0.340864
14.143 0.556459 -1.51468 0.406083 -0.095825 0.897224 0.144582 0.0753648 -0.102881 0.166722 0.1907 0.106168 0.340864
14.131 0.559449 -1.49936 0.440542 -0.109129 0.882979 0.119837 0.0403855 -0.102881 0.166722 0.1907 0.106168 0.340864
14.1266 0.560155 -1.49298 0.474041 -0.122195 0.866811 0.094831 0.00540609 -0.102881 0.166722 0.1907 0.106168 0.340864
14.1019 0.561487 -1.45179 0.491341 -0.12487 0.858114 0.0814397 0.277204 0.799406 0.0668878 0.101351 0.0684119 0.340864
14.0775 0.562638 -1.40872 0.508923 -0.0831219 0.853898 0.0703285 0.0140141 -0.774088 -0.167161 0.112816 0.187712 0.340864
14.0713 0.562361 -1.39612 0.534301 -0.0926169 0.839791 0.0263656 0.0688758 0.161358 0.196793 0.144351 0.199066 0.340864
14.0582 0.558984 -1.36632 0.558148 -0.101846 0.823277 -0.017673 0.123737 0.161358 0.196793 0.144351 0.199066 0.340864
14.0404 0.549313 -1.3191 0.580396 -0.110784 0.804404 -0.0616608 0.178599 0.161358 0.196793 0.144351 0.199066 0.340864
14.0299 0.541755 -1.28994 0.56771 -0.150214 0.807798 -0.05102 0.00909908 -0.498529 0.152681 -0.0503967 -0.194526 0.340864
14.0169 0.532153 -1.25594 0.572443 -0.159494 0.802967 -0.045976 0.212216 0.597403 0.030101 0.045869 -0.0493266 0.340864
13.9812 0.504581 -1.15928 0.577087 -0.168749 0.79801 -0.0409249 0.415333 0.597403 0.030101 0.045869 -0.0493266 0.340864
13.9429 0.477505 -1.05358 0.578178 -0.169915 0.798008 -0.00465674 0.264993 -0.442176 -0.117932 0.0414199 -0.17316 0.340864
13.9215 0.465928 -0.993787 0.578508 -0.170856 0.796955 0.0316175 0.114653 -0.442176 -0.117932 0.0414199 -0.17316 0.340864
13.914 0.46223 -0.971086 0.598815 -0.1683 0.782578 0.0258344 0.0276604 -0.255862 0.0259266 0.1388 0.0535499 0.340864
13.9106 0.459556 -0.958165 0.622613 -0.192717 0.758361 0.0100942 0.05253 0.0731459 0.195498 0.175625 0.00633704 0.340864
13.9064 0.453849 -0.937269 0.645169 -0.216748 0.732629 -0.00566611 0.0773996 0.0731459 0.195498 0.175625 0.00633704 0.340864
13.9021 0.44405 -0.908658 0.666436 -0.240346 0.705434 -0.0214151 0.102269 0.0731459 0.195498 0.175625 0.00633704 0.340864
13.9001 0.437256 -0.891426 0.668579 -0.233664 0.703825 -0.0550885 0.00732276 -0.279254 0.106305 -0.0332539 0.169193 0.340864
13.9 0.43608 -0.888472 0.695031 -0.199822 0.68864 -0.0527081 0.0114223 0.0120575 -0.137218 0.161594 0.164573 0.340864
13.9 0.43458 -0.884146 0.720036 -0.165565 0.672023 -0.050218 0.0155218 0.0120575 -0.137218 0.161594 0.164573 0.340864
13.9005 0.432902 -0.878433 0.743543 -0.130963 0.654006 -0.0476234 0.0196214 0.0120575 -0.137218 0.161594 0.164573 0.340864
13.9015 0.431207 -0.871344 0.765503 -0.0960889 0.634629 -0.0449297 0.0237209 0.0120575 -0.137218 0.161594 0.164573 0.340864
13.9033 0.42967 -0.862916 0.785869 -0.0610145 0.613931 -0.0421425 0.0278205 0.0120575 -0.137218 0.161594 0.164573 0.340864
13.9061 0.428477 -0.853211 0.8046 -0.0258131 0.591955 -0.0392676 0.03192 0.0120575 -0.137218 0.161594 0.164573 0.340864
13.9098 0.427825 -0.842317 0.821656 0.00944196 0.568748 -0.036311 0.0360196 0.0120575 -0.137218 0.161594 0.164573 0.340864
13.9148 0.427913 -0.830343 0.837002 0.0446774 0.544356 -0.0332788 0.0401191 0.0120575 -0.137218 0.161594 0.164573 0.340864
13.9217 0.428861 -0.814408 0.835102 0.0593778 0.546141 -0.0284388 0.0623231 0.0653059 -0.0700639 -0.0190202 0.0570324 0.340864
13.9315 0.430947 -0.791543 0.832997 0.0740636 0.547791 -0.0235918 0.0845271 0.0653059 -0.0700639 -0.0190202 0.0570324 0.340864
13.944 0.434614 -0.761758 0.830686 0.0887312 0.549306 -0.018739 0.106731 0.0653059 -0.0700639 -0.0190202 0.0570324 0.340864
13.9591 0.440297 -0.72508 0.82817 0.103377 0.550685 -0.0138816 0.128935 0.0653059 -0.0700639 -0.0190202 0.0570324 0.340864
13.9766 0.448429 -0.681553 0.825451 0.117997 0.551929 -0.00902077 0.151139 0.0653059 -0.0700639 -0.0190202 0.0570324 0.340864
13.9963 0.459435 -0.631238 0.822528 0.132588 0.553037 -0.00415772 0.173343 0.0653059 -0.0700639 -0.0190202 0.0570324 0.340864
14.0182 0.473735 -0.574213 0.819403 0.147147 0.554009 0.000706348 0.195547 0.0653059 -0.0700639 -0.0190202 0.0570324 0.340864
14.0419 0.491741 -0.510573 0.816076 0.161669 0.554845 0.00557025 0.217751 0.0653059 -0.0700639 -0.0190202 0.0570324 0.340864
14.0673 0.513855 -0.440428 0.812547 0.176151 0.555544 0.0104328 0.239955 0.0653059 -0.0700639 -0.0190202 0.0570324 0.340864
14.0941 0.540471 -0.363906 0.808819 0.19059 0.556105 0.0152927 0.262159 0.0653059 -0.0700639 -0.0190202 0.0570324 0.340864
14.1215 0.569662 -0.283672 0.806924 0.20109 0.55537 0.00108981 0.265298 0.00923145 0.0322345 0.0141701 0.0984781 0.340864
14.1486 0.599228 -0.202291 0.804774 0.211526 0.554458 -0.0131135 0.268436 0.00923145 0.0322345 0.0141701 0.0984781 0.340864
14.1755 0.629147 -0.119756 0.802369 0.221895 0.553372 -0.0273126 0.271575 0.00923145 0.0322345 0.0141701 0.0984781 0.340864
14.202 0.659396 -0.0360595 0.799711 0.232194 0.55211 -0.0415031 0.274714 0.00923145 0.0322345 0.0141701 0.0984781 0.340864
14.2283 0.689953 0.0488063 0.7968 0.242419 0.550674 -0.0556804 0.277853 0.00923145 0.0322345 0.0141701 0.0984781 0.340864
14.2542 0.720793 0.134848 0.793638 0.252568 0.549064 -0.0698402 0.280991 0.00923145 0.0322345 0.0141701 0.0984781 0.340864
14.2797 0.751891 0.222073 0.790224 0.262637 0.54728 -0.0839779 0.28413 0.00923145 0.0322345 0.0141701 0.0984781 0.340864
14.2993 0.775017 0.284788 0.801576 0.275836 0.522012 -0.0943044 0.125551 -0.466409 -0.0391431 0.163463 0.0895595 0.340864
14.3077 0.78485 0.308848 0.806985 0.284896 0.511915 -0.074514 0.0351241 -0.265961 -0.140532 0.0270853 -0.0212297 0.340864
14.31 0.787705 0.315378 0.799601 0.300357 0.510096 -0.101122 0.00893476 -0.0770274 0.0799529 0.0242199 0.166715 0.340864
