0 0 0 0 0 0 1 1.14016e-313 0 0 0 0 0
0.122948 -0.00268596 -0.00698891 0.0124043 0.0424108 -0.016754 0.998883 0.103533 0.0435013 0.0104277 0.0356526 -0.0140842 2.38605
0.538681 -0.0172517 -0.0252685 -0.00939698 0.00728421 -0.0181127 0.999765 0.304771 0.098646 -0.0220004 -0.0340712 -0.000837012 2.04519
0.639431 -0.0201482 -0.026386 -0.00634411 0.00400277 -0.0104647 0.999917 0.288163 -0.0488459 0.0179405 -0.0192073 0.045045 0.340864
0.823477 -0.0267754 -0.0309555 0.00679253 0.0211322 -0.0258816 0.999419 0.253713 -0.0506619 0.0389749 0.0496961 -0.0458349 0.681728
0.904697 -0.0309092 -0.0342048 0.00418514 0.0184767 -0.0251403 0.999504 0.225055 -0.0842904 -0.0156442 -0.0152545 0.00458877 0.340864
1.39358 -0.060117 -0.0579735 0.023653 0.0301801 -0.0360399 0.998614 0.135495 -0.0329263 0.0143801 0.00828776 -0.00825619 2.72691
2.23715 -0.183479 -0.0558409 0.067867 -0.0309315 -0.0985492 0.992333 0.366572 0.067964 0.0236923 -0.035912 -0.0385496 3.40864
2.4983 -0.236345 -0.0434442 0.0808913 -0.0305869 -0.0966701 0.991552 0.417951 0.0755569 0.038099 -0.00321549 0.0065119 0.681728
3.65834 -0.426678 0.0306601 0.133625 -0.0496989 -0.0564739 0.988173 0.352122 -0.0215128 0.0323684 -0.0179249 0.0259009 3.06778
3.87253 -0.455207 0.0475596 0.126926 -0.0449216 -0.0644591 0.988796 0.28534 -0.0982083 -0.0177521 0.0182272 -0.0222066 0.681728
4.62092 -0.583443 0.143571 0.130093 -0.104681 -0.087233 0.982094 0.215229 -0.0229123 0.000753737 -0.0370876 -0.0198788 3.06778
5.51163 -0.838777 0.306835 0.0835471 -0.0991456 -0.160126 0.978545 0.400177 0.0604408 -0.024303 0.0121776 -0.049768 3.06778
6.23517 -1.07539 0.412194 0.11664 -0.0626572 -0.131594 0.982422 0.102284 -0.0973507 0.0229361 0.0185768 0.0228035 3.06778
6.42308 -1.12286 0.425376 0.142196 -0.0396829 -0.106118 0.983333 0.183465 0.059692 0.0388753 0.0239677 0.0432913 1.36346
6.99967 -1.21765 0.425923 0.164546 0.0095434 -0.058595 0.984581 0.307952 0.0523054 0.0211423 0.0330758 0.046048 2.38605
7.586 -1.27961 0.39658 0.185392 0.0206011 -0.0538664 0.980971 0.38657 0.0462457 0.0256636 0.0104976 0.0071356 1.70432
8.61047 -1.34706 0.338691 0.159097 0.0235079 -0.0187604 0.986805 0.285664 -0.0329758 -0.0169964 -0.0015434 0.0234279 3.06778
8.86589 -1.35197 0.328649 0.141378 0.0118527 -0.00557688 0.989869 0.215666 -0.068625 -0.0350658 -0.0261566 0.0228048 1.02259
9.77642 -1.29161 0.317724 0.143593 0.00965849 0.0629872 0.987583 0.381258 0.054115 0.00216907 -0.00775165 0.0441656 3.06778
9.90423 -1.27422 0.31822 0.137536 0.00554648 0.0713433 0.987909 0.377525 -0.0109789 -0.0334655 -0.0332095 0.0452944 0.340864
10.6947 -1.13598 0.364896 0.130732 -0.0394693 0.10698 0.984838 0.410977 0.0163979 -0.00283485 -0.0488912 0.0287136 2.04519
11.3689 -0.979988 0.446988 0.140182 -0.047318 0.132835 0.980033 0.408959 -0.00118706 0.0114767 -0.0121058 0.0297967 1.70432
12.1877 -0.806225 0.554516 0.215921 -0.0432155 0.0825197 0.971957 0.0876506 -0.0945024 0.0454723 0.0122244 -0.0259649 3.40864
12.3813 -0.780849 0.579861 0.248095 -0.0514894 0.0742947 0.964509 0.143989 0.0331403 0.039911 -0.00462782 -0.00914992 1.70432
12.9455 -0.668457 0.610361 0.199575 0.0338419 0.123717 0.971452 0.280325 0.0501235 -0.0422943 0.0492128 0.0484985 2.72691
13.3044 -0.581086 0.602065 0.183843 0.0349242 0.101418 0.977086 0.0819539 -0.0972409 -0.0169592 0.00329912 -0.0211898 2.04519
13.6068 -0.494831 0.608994 0.139615 -0.0085475 0.16835 0.975752 0.149554 0.024853 -0.0266718 -0.0436042 0.0435058 2.72691
14.0233 -0.3648 0.65419 0.151699 -0.0528008 0.142556 0.976666 0.108589 -0.0120485 0.0113781 -0.0220908 -0.0184774 3.40864
14.2408 -0.303286 0.699116 0.151871 -0.100189 0.155058 0.971007 0.11749 0.00436336 0.00698512 -0.0475227 0.00572518 2.04519
14.3515 -0.271986 0.725289 0.147076 -0.079105 0.144459 0.975317 0.0559464 -0.0452529 -0.0110563 0.0320196 -0.0121172 1.36346
14.6412 -0.177981 0.76762 0.105154 -0.0303432 0.174973 0.978471 0.202625 0.0616298 -0.0427333 0.0313406 0.0278901 2.38605
14.7572 -0.137052 0.780994 0.0927938 -0.0455903 0.170205 0.97997 0.161331 -0.0607265 -0.0277629 -0.0486348 -0.0203133 0.681728
14.8784 -0.0936183 0.795131 0.108369 -0.0286202 0.181155 0.977046 0.0925891 -0.0673944 0.0238207 0.0355567 0.0264994 1.02259
14.9238 -0.0773711 0.799445 0.110843 -0.0228536 0.166129 0.979588 0.0498458 -0.0628578 0.00449076 0.0228933 -0.0424897 0.681728
14.9625 -0.0643973 0.803062 0.0946994 -0.0347349 0.161917 0.981636 0.0103759 -0.029022 -0.0205469 -0.0203058 -0.00904835 1.36346
