0 0 0 0 0 0 1 1.13931e-313 0 0 0 0 0
0.0710884 0.00772062 0.000236664 -0.0929096 -0.008138 0.0806377 0.99237 0.0601338 0.0252663 -0.0782745 -0.0068561 0.0679356 2.38605
0.101244 0.0121368 0.000533273 -0.0824075 -0.0136838 0.0649581 0.994385 0.11916 0.173608 0.0657929 -0.0358669 -0.0889574 0.340864
0.307612 0.0423778 0.0123909 -0.0517314 -0.0458341 0.0744589 0.994826 0.495388 0.553276 0.095617 -0.0858773 0.0367421 0.681728
0.631564 0.0824196 0.034577 -0.0510611 -0.0281969 0.0442485 0.997316 0.467075 -0.0416367 0.00255074 0.0475016 -0.0915517 0.681728
1.51484 0.173885 0.0501467 -0.150911 0.00565124 0.0593953 0.986745 0.186148 -0.103282 -0.0751779 0.0219643 0.00812596 2.72691
1.69857 0.190121 0.0443416 -0.122583 0.0127585 0.034681 0.99177 0.356652 0.250742 0.0828125 0.0145259 -0.076248 0.681728
1.82102 0.196023 0.0394443 -0.138365 0.0205601 0.0183269 0.989998 0.365109 0.0248713 -0.0961803 0.0306378 -0.0994978 0.340864
2.67733 0.163673 0.059732 -0.169712 -0.0352295 -0.0562454 0.983256 0.476458 0.054583 -0.0318918 -0.0647967 -0.0641617 2.04519
3.02019 0.138488 0.0962058 -0.216055 -0.0578833 -0.0324563 0.974123 0.201548 -0.269519 -0.0965802 -0.0312965 0.0492216 1.02259
3.29646 0.12335 0.142512 -0.174369 -0.0912544 -0.0509546 0.979118 0.348649 0.144217 0.081757 -0.0737023 -0.016155 1.02259
3.75199 0.0648401 0.26224 -0.0960359 -0.153909 -0.119178 0.976159 0.117333 -0.11339 0.0778525 -0.0761712 -0.048036 2.04519
4.01866 -0.00395428 0.359011 -0.0925668 -0.159213 -0.147587 0.971751 0.455111 0.331155 0.0131458 -0.0176455 -0.0533683 1.02259
4.29984 -0.0787722 0.466132 -0.052067 -0.175106 -0.124924 0.975203 0.45688 0.00260128 0.0992206 -0.0552388 0.0895997 0.681728
4.43632 -0.110407 0.518888 -0.0678384 -0.171406 -0.112707 0.976379 0.423763 -0.097403 -0.099984 0.0377718 0.0535733 0.340864
4.52347 -0.128887 0.551944 -0.0689268 -0.168746 -0.109737 0.977104 0.135162 -0.848827 -0.0071935 0.017913 0.0153824 0.340864
4.62806 -0.149613 0.58883 -0.0531054 -0.150499 -0.0970325 0.982402 0.0860936 -0.0481058 0.0307549 0.0350302 0.0282522 1.02259
4.69944 -0.164774 0.612429 -0.0819595 -0.147907 -0.123466 0.977836 0.139472 0.0784974 -0.0716634 0.00957525 -0.0908803 0.681728
5.16781 -0.208289 0.702954 -0.0246378 -0.0389033 0.0161431 0.998809 0.175226 0.0116842 0.0332531 0.074985 0.0911536 3.06778
5.40113 -0.202953 0.727244 -0.0720618 -0.07476 -0.00295904 0.99459 0.0219928 -0.0643835 -0.0388064 -0.031293 -0.0167948 2.38605
5.43256 -0.202238 0.731452 -0.0760578 -0.0626022 0.0118131 0.995066 0.164629 0.419519 -0.0294632 0.077675 0.0795272 0.340864
5.80505 -0.188525 0.760851 -0.00805581 -0.0226453 0.0203241 0.999504 0.385354 0.162297 0.0986321 0.0610765 0.0141836 1.36346
6.22975 -0.175981 0.791828 0.0616187 -0.0554743 0.00892076 0.996517 0.115937 -0.158481 0.0830739 -0.0371625 -0.0111816 1.70432
7.09556 -0.00403425 0.73884 0.220855 0.116822 0.143835 0.957542 0.407786 0.085838 0.09058 0.0968816 0.0918785 3.40864
7.5188 0.14407 0.671949 0.143217 0.089242 0.154851 0.97342 0.125605 -0.165989 -0.0855077 -0.0493106 0.0132433 1.70432
7.70127 0.212488 0.644853 0.165029 0.103052 0.16967 0.966104 0.453113 0.48163 0.0631403 0.0451566 0.0458558 0.681728
8.75213 0.530085 0.429171 0.0784866 0.128856 0.0890518 0.984533 0.37083 -0.0302513 -0.0732247 0.0159596 -0.0500039 2.72691
9.26405 0.622246 0.281361 0.0149838 0.158059 0.0689787 0.984903 0.265544 -0.0619325 -0.0797607 0.0289955 -0.0109753 1.70432
9.33296 0.633301 0.259475 -0.00142182 0.145718 0.083169 0.985823 0.164716 -0.296553 -0.0769351 -0.0802671 0.0960147 0.340864
9.75231 0.687622 0.171457 0.0647177 0.0748897 0.0428556 0.994166 0.471136 0.225308 0.0961043 -0.0966445 -0.0736255 1.36346
10.6962 0.655733 -0.0629895 0.00843726 0.176812 -0.0993851 0.979178 0.248158 -0.0819771 -0.0517662 0.0807849 -0.0961024 2.72691
10.7583 0.643048 -0.085788 0.013837 0.165752 -0.0965307 0.981334 0.147642 -0.295634 0.0274984 -0.0692462 0.0115369 0.340864
10.8883 0.620987 -0.128865 0.0237728 0.148081 -0.0732549 0.985972 0.26054 0.166026 0.0348244 -0.0570436 0.0629444 0.681728
11.3291 0.517987 -0.224622 -0.00747805 0.0606331 -0.152263 0.98645 0.285194 0.0145026 -0.0577071 -0.0968569 -0.0888272 1.70432
11.7238 0.408205 -0.25961 0.0595774 0.0191675 -0.1197 0.990835 0.319626 0.0253176 0.0910524 -0.0752918 0.0427481 1.36346
11.9845 0.336811 -0.283304 0.101311 0.0552267 -0.160178 0.980321 0.0796643 -0.176443 0.0669916 0.049078 -0.0588957 1.36346
12.0128 0.327724 -0.287906 0.121869 0.0689503 -0.162617 0.976703 0.00876085 -0.10427 0.0664292 0.0312013 -0.00798566 0.681728
12.4325 0.136547 -0.362763 0.0786704 0.0581516 -0.244617 0.964672 0.449664 0.216129 -0.0472618 0.00716805 -0.0789246 2.04519
12.5516 0.0714552 -0.386112 0.0907788 0.0744088 -0.258608 0.958824 0.360881 -0.261126 0.0900316 0.0833128 -0.0844351 0.340864
13.2691 -0.307277 -0.506198 0.105011 0.0272043 -0.230393 0.967032 0.328619 -0.0135558 0.00234821 -0.0438169 0.0200377 2.38605
13.3265 -0.336157 -0.513349 0.0998248 0.0405204 -0.241905 0.9643 0.0514883 -0.81509 -0.0116081 0.0903296 -0.0601349 0.340864
13.4082 -0.371978 -0.525841 0.134551 0.051539 -0.179496 0.97315 0.0546586 0.00186491 0.044507 -0.00513843 0.0730227 1.70432
13.4761 -0.396714 -0.537677 0.12167 0.064339 -0.182576 0.973511 0.375646 0.94408 -0.0614447 0.089206 -0.0032102 0.340864
14.2506 -0.665179 -0.576813 0.0412335 -0.0412509 -0.153215 0.98647 0.430872 0.0270714 -0.0956619 -0.0909823 0.0228921 2.04519
