0 0 0 0 0 0 1 1.14283e-313 0 0 0 0 0
0.0448238 -0.000480016 -0.000746746 0.0132001 0.0124124 -0.00815359 0.999803 0.263727 0.775669 0.0776527 0.0730187 -0.0479655 0.340864
0.496358 -0.000578931 -0.0172922 -0.0438474 0.0233065 0.0075885 0.998738 0.400775 0.10077 -0.0834885 0.0164254 0.0244003 1.36346
0.582253 0.00158345 -0.0215743 -0.037697 0.025925 0.0224938 0.9987 0.105297 -0.869053 0.0380518 0.0195083 0.0860542 0.340864
0.654663 0.00428641 -0.0244098 -0.0238934 0.0140587 0.0169043 0.999473 0.321275 0.635228 0.0819857 -0.0692461 -0.0324142 0.340864
1.64313 0.00737604 -0.17881 -0.104275 0.139261 -0.002047 0.984748 0.33443 0.00429907 -0.0545033 0.0810467 -0.013485 3.06778
1.9729 0.00660031 -0.29175 -0.125445 0.19223 0.0424572 0.972373 0.178561 -0.11461 -0.0233016 0.0862075 0.0606792 1.36346
2.24414 0.0267346 -0.402494 -0.126066 0.181441 0.0723881 0.972598 0.397336 0.214485 0.0110532 -0.0133467 0.0599457 1.02259
2.69719 0.104874 -0.596047 -0.0921655 0.196726 0.139899 0.96604 0.190033 -0.121943 0.050977 0.0318203 0.0683714 1.70432
2.78978 0.127524 -0.638902 -0.0749068 0.206901 0.111732 0.96907 0.0149038 -0.171695 0.0195868 0.0177538 -0.0626925 1.02259
2.80912 0.13124 -0.647786 -0.0754647 0.201869 0.100058 0.971361 0.112183 0.286115 -0.0130723 -0.0369892 -0.0651632 0.340864
3.33961 0.234905 -0.906278 -0.119083 0.219416 0.120553 0.960803 0.2403 0.0376816 -0.0240016 0.00962722 0.0167406 3.40864
3.78801 0.354256 -1.16213 -0.160215 0.245247 0.189084 0.937247 0.149615 -0.0333401 -0.0223829 0.0244344 0.0549476 2.72691
4.27882 0.490976 -1.48937 -0.0701889 0.284695 0.120353 0.948439 0.359416 0.0881517 0.0521046 0.0338965 -0.0799699 2.38605
4.54885 0.571189 -1.66045 -0.0522237 0.239953 0.171125 0.954155 0.287338 -0.0706644 0.0731575 -0.0752323 0.0892749 1.02259
4.75849 0.646684 -1.77383 -0.0524925 0.213559 0.169014 0.960766 0.202927 -0.0827565 0.00803786 -0.0528029 -0.00333912 1.02259
4.82628 0.670793 -1.80769 -0.048316 0.211963 0.168725 0.961389 0.26485 0.182127 0.0250198 -0.00574046 -0.00700954 0.340864
4.89796 0.697728 -1.84243 -0.0363446 0.201931 0.183078 0.961449 0.229781 -0.103145 0.0955791 -0.0408503 0.0690446 0.340864
5.0567 0.757051 -1.91084 -0.0338346 0.174224 0.167288 0.969802 0.307814 0.114755 0.0135343 -0.083663 -0.0476877 0.681728
5.33313 0.84693 -2.0113 -0.0276072 0.151133 0.142884 0.977743 0.295336 -0.012233 0.0116085 -0.0462073 -0.0496157 1.02259
5.72044 0.945748 -2.14511 0.0833255 0.182075 0.0755242 0.976832 0.0590134 -0.0992953 0.0790894 0.0374066 -0.070251 2.38605
5.75605 0.952474 -2.1582 0.0872122 0.178953 0.0721046 0.977328 0.167633 0.31947 0.0198151 -0.0150668 -0.0255631 0.340864
6.08593 0.999949 -2.27296 0.0475758 0.16234 0.0456011 0.984532 0.350839 0.134711 -0.0631318 -0.0265874 -0.0305688 1.36346
7.01094 1.19759 -2.48864 0.0199647 0.0687171 0.150813 0.985969 0.364689 0.0050917 -0.00435538 -0.0728039 0.0763998 2.72691
7.54926 1.32993 -2.57387 -0.0134038 0.0959006 0.0541582 0.993826 0.00233176 -0.118417 -0.0286804 0.0151654 -0.0613226 3.06778
8.24384 1.43058 -2.57416 -0.0614356 -0.053087 0.0797202 0.993505 0.457509 0.148751 -0.0244288 -0.0986465 0.0210195 3.06778
9.45082 1.63853 -2.51497 -0.0516133 -0.00469765 0.0873854 0.994826 0.44445 -0.00480099 0.00410104 0.036338 0.0037212 2.72691
10.5417 1.71007 -2.37487 -0.056757 -0.135061 -0.0395574 0.988419 0.27981 -0.053804 0.00429863 -0.0898573 -0.078225 3.06778
11.0751 1.72133 -2.22313 0.00393684 -0.140741 0.0644986 0.987935 0.128646 -0.0555749 0.0336735 -0.00160253 0.0820752 2.72691
11.2072 1.73811 -2.18841 -0.02782 -0.118557 0.0562441 0.990963 0.27599 0.216682 -0.0931267 0.0598009 -0.0374578 0.681728
11.6631 1.76949 -2.08024 -0.00323039 -0.114767 0.0106553 0.99333 0.414942 0.102171 0.0435858 0.00610629 -0.0625284 1.36346
11.7521 1.77071 -2.05892 -0.0140301 -0.121164 -0.00124168 0.992533 0.123249 -0.85792 -0.0546893 -0.0388205 -0.0766386 0.340864
11.8875 1.76386 -2.02813 0.0208262 -0.102644 -0.0461266 0.99343 0.149469 0.0257056 0.0786156 0.0349582 -0.0796262 1.02259
12.3098 1.72912 -1.9191 -0.0202195 -0.141492 -0.036693 0.989052 0.494224 0.253497 -0.0639251 -0.0549502 0.00610275 1.36346
12.4641 1.71601 -1.8711 -0.00952889 -0.157204 -0.0498233 0.986263 0.459237 -0.102904 0.0694091 -0.0976123 -0.0662329 0.340864
13.6747 1.43422 -1.28079 0.0594224 -0.290521 -0.148316 0.943435 0.44473 -0.00474079 0.0502444 -0.0937303 -0.0572952 3.06778
14.7683 0.8995 -0.80077 0.127957 -0.12861 -0.238157 0.954132 0.416159 -0.00933714 0.0750897 0.0993635 -0.0352897 3.06778
