0 0 0 0 0 0 1 1.14254e-313 0 0 0 0 0
0.00752246 3.54951e-05 0.000272991 0.0231178 -0.0271358 0.00400802 0.999356 0.0110708 0.00814027 0.0340041 -0.0399141 0.00589541 1.36346
0.339546 0.0345911 0.0498954 -0.00708861 -0.0989422 0.0772563 0.992064 0.187711 0.051953 -0.0186936 -0.0434788 0.0416979 3.40864
0.747413 0.102424 0.150449 -0.0203975 -0.140666 0.0802013 0.986593 0.229583 0.0205257 -0.0101112 -0.0421129 0.00227856 2.04519
1.15305 0.188272 0.246021 0.0356099 -0.0702939 0.135346 0.98766 0.0487752 -0.0590876 0.0274217 0.0492385 0.0397882 3.06778
1.48193 0.291987 0.291791 -0.00936516 -0.0624856 0.162089 0.984751 0.243592 0.0818557 -0.0397271 0.00039347 0.0201128 2.38605
1.82458 0.396851 0.326755 -0.0168144 -0.0402918 0.132173 0.990265 0.286011 0.0311907 -0.0132563 0.0304666 -0.0456388 1.36346
2.01872 0.449403 0.340043 -0.00298879 -0.0289919 0.130291 0.991047 0.306844 0.0306366 0.0361386 0.0382878 -0.0047063 0.681728
2.20106 0.498196 0.352619 -0.00343298 -0.0392911 0.129767 0.99076 0.249542 -0.0842672 0.00269421 -0.0302204 -0.00136434 0.681728
2.49057 0.579989 0.376487 0.00880257 -0.0397257 0.143564 0.988804 0.342232 0.0908725 0.0228054 0.00221149 0.028247 1.02259
3.10365 0.741339 0.400425 0.0181797 0.0131235 0.107552 0.993947 0.124527 -0.0800387 0.00225914 0.0398257 -0.0261277 2.72691
3.19534 0.759769 0.398135 0.0162627 0.015629 0.083441 0.996257 0.0130661 -0.0819565 -0.00372581 0.00395946 -0.0355084 1.36346
3.25829 0.767784 0.393952 -0.000458716 0.0442351 0.050468 0.997745 0.0804855 0.0495731 -0.0288125 0.0406277 -0.0474397 1.36346
3.72124 0.813912 0.333976 -0.0527116 0.0747666 0.0521056 0.994443 0.313773 0.0980199 -0.0450738 0.0235207 0.00344586 2.38605
3.82189 0.823526 0.318167 -0.0588853 0.0748474 0.0507498 0.99416 0.288176 -0.075286 -0.0368234 -0.00171573 -0.00515431 0.340864
4.62888 0.929578 0.169363 -0.0221204 0.0995787 0.0832663 0.991293 0.407339 0.0500687 0.031579 0.0240306 0.0237633 2.38605
5.18469 1.03976 0.0419087 -0.0403661 0.117188 0.117513 0.985306 0.276103 -0.0771976 -0.0191532 0.0203475 0.0422182 1.70432
6.20556 1.21948 -0.135971 -0.0122901 0.0506435 0.0611758 0.996766 0.343358 0.0197809 0.0172856 -0.0388104 -0.0338481 3.40864
6.3235 1.23484 -0.147918 -0.0190703 0.0476048 0.0692514 0.99628 0.359758 0.0482343 -0.0362911 -0.0195289 0.0497655 0.340864
7.32471 1.32397 -0.230914 0.0243612 0.0341837 0.0176184 0.998963 0.299751 -0.01961 0.027337 -0.00750648 -0.0349547 3.06778
7.63092 1.33946 -0.246894 0.0307441 0.0193027 0.0314189 0.998847 0.30229 0.00248937 0.0139481 -0.0295813 0.0258991 1.02259
8.10175 1.35457 -0.273009 0.00792503 0.0360521 0.000919564 0.999318 0.391674 0.0657232 -0.0351898 0.0249214 -0.0434296 1.36346
8.55034 1.35641 -0.297051 -0.000971289 0.0181533 0.00292029 0.99983 0.489232 0.0956455 -0.0172673 -0.0351575 0.00427043 1.02259
9.52781 1.33695 -0.366897 0.0250192 0.0529829 -0.0239545 0.997995 0.472014 -0.00844027 0.0249076 0.0342373 -0.0268455 2.04519
9.68182 1.33114 -0.384113 0.0263617 0.0572733 -0.0163034 0.997877 0.440204 -0.0935599 0.0108876 0.0239085 0.0451132 0.340864
10.5478 1.27042 -0.448635 0.0436835 0.0111986 -0.0587412 0.997254 0.291743 -0.0623785 0.0118737 -0.03793 -0.0374756 2.38605
10.6452 1.25903 -0.451839 0.0397967 0.0166365 -0.0588673 0.997333 0.285513 -0.0183218 -0.0209505 0.0332705 0.000941317 0.340864
11.0285 1.21389 -0.455571 0.0162795 -0.0103024 -0.0585827 0.998097 0.282161 -0.0024649 -0.0368695 -0.0375179 -0.000517818 1.36346
11.9172 1.07863 -0.373162 0.0290581 -0.0836778 -0.088924 0.992092 0.308485 0.0086025 0.00580112 -0.0481255 -0.0207403 3.06778
12.4183 1.00642 -0.308751 -0.00264653 -0.0307903 -0.0355268 0.998891 0.0253154 -0.092539 -0.0205568 0.0355337 0.0343281 3.06778
12.7269 0.972982 -0.296126 0.0331656 -0.016133 -0.0638792 0.997276 0.235783 0.0884317 0.0312405 0.0111337 -0.0229621 2.38605
13.0432 0.925896 -0.280974 0.00971439 -0.0344315 -0.0826381 0.995937 0.235103 -0.000499875 -0.0356092 -0.023755 -0.029092 1.36346
13.3069 0.87647 -0.266931 0.0150842 -0.0209061 -0.100919 0.994561 0.29155 0.0553399 0.0139395 0.0258001 -0.0353063 1.02259
13.7237 0.769675 -0.245924 0.00454827 -0.0349012 -0.166747 0.985371 0.0254017 -0.0978485 -0.00763554 -0.00887084 -0.0491769 2.72691
14.1296 0.634237 -0.237133 -0.0714039 0.014513 -0.156596 0.984971 0.289383 0.097052 -0.0492992 0.0451331 0.00552954 2.72691
14.9485 0.385526 -0.21313 -0.0341381 -0.0248091 -0.138986 0.989395 0.430254 0.0591893 0.0261651 -0.0364683 0.0170718 2.38605
