0 0 0 0 0 0 1 4.65599e-310 0 0 0 0 0
0.0508493 0.00146713 -0.0022663 0.0231503 0.0337558 0.0210293 0.998941 0.299587 0.881139 0.136227 0.198633 0.123745 0.340864
0.166703 0.00387149 -0.00844124 0.00876901 0.0203864 -0.000301269 0.999754 0.383094 0.245608 -0.0872111 -0.0776065 -0.124424 0.340864
0.454649 -0.0106598 -0.000835935 0.0183463 -0.0453754 -0.0480237 0.997646 0.466107 0.122078 0.0253245 -0.192235 -0.142757 0.681728
0.993831 -0.0396559 0.0953503 0.0701677 -0.159434 0.0190629 0.984527 0.0728334 -0.192781 0.0427123 -0.116184 0.0654748 2.04519
1.44816 -0.0136307 0.369061 -0.0188232 -0.331465 0.0341265 0.942662 0.450117 0.184943 -0.0827005 -0.176455 -0.0104913 2.04519
1.56021 -0.00499866 0.453103 -0.0369493 -0.300596 0.0117718 0.952963 0.375509 -0.219436 -0.0619995 0.185204 -0.164838 0.340864
2.36046 -0.0170105 0.942823 -0.207144 -0.222069 -0.0987738 0.947639 0.177218 -0.058321 -0.0771282 0.0398119 -0.0944794 3.40864
2.77399 0.0954461 1.33955 -0.359828 -0.528826 0.0595408 0.766369 0.175829 -0.000408533 -0.150116 -0.171557 0.098033 3.40864
2.81943 0.163065 1.4384 -0.328034 -0.613798 0.149457 0.702359 0.0129858 -0.119737 -0.0607314 -0.0955065 0.177235 1.36346
2.9583 0.415435 1.80937 -0.43044 -0.575056 -0.0035103 0.695715 0.332732 0.117554 0.0103514 -0.0313254 -0.134627 2.72691
3.29349 0.800618 2.66254 -0.0470748 -0.548875 0.130935 0.824243 0.253615 -0.0232698 0.148549 0.090198 0.18396 3.40864
3.46836 0.975082 3.10948 -0.0992887 -0.551627 0.188997 0.806306 0.247553 -0.00297138 -0.0739909 -0.0159163 0.0212745 2.04519
3.49046 1.00634 3.17516 -0.0984563 -0.579548 0.18643 0.787194 0.199694 -0.140761 0.0321632 -0.195058 0.0280864 0.340864
3.54226 1.06765 3.30415 -0.144383 -0.491393 0.144026 0.846725 0.0241296 -0.129091 -0.0326591 0.134398 -0.117615 1.36346
3.62753 1.13468 3.40797 -0.231534 -0.40593 0.164653 0.868621 0.270778 0.241812 -0.182985 0.144597 -0.0803141 1.02259
3.73735 1.23068 3.54367 -0.180948 -0.471293 0.186227 0.842888 0.315816 0.0662322 0.117766 -0.158733 0.172713 0.681728
3.76616 1.25989 3.58741 -0.220721 -0.486739 0.167091 0.828522 0.0369825 -0.820099 -0.142578 -0.180418 -0.173036 0.340864
3.85327 1.4393 3.95797 -0.0775409 -0.669744 0.177507 0.716884 0.240415 0.0664813 0.0789795 -0.118797 0.0907924 3.06778
3.89437 1.64089 4.30849 -0.09393 -0.562452 0.335764 0.749725 0.35969 0.0877022 -0.198668 0.160238 0.130719 1.36346
3.99963 1.90355 4.70449 0.014142 -0.513933 0.299494 0.803726 0.357423 -0.00166716 0.133061 0.146961 0.0160831 1.36346
4.46338 2.65318 5.5003 0.0410237 -0.250799 0.468123 0.846332 0.348751 -0.00255044 -0.0864298 0.143014 0.0839412 3.40864
4.5076 2.73384 5.55216 0.067246 -0.274302 0.474205 0.833886 0.27251 -0.224238 0.189341 -0.0646446 0.0975884 0.340864
4.71426 3.26655 5.98484 0.217272 -0.287194 0.56594 0.741636 0.432105 0.0782324 0.110789 0.0285417 0.158426 2.04519
4.73565 3.34757 6.06112 0.238458 -0.272857 0.578523 0.730752 0.234456 -0.58132 0.0373577 0.0986196 0.145265 0.340864
4.76402 3.43633 6.14066 0.21516 -0.233484 0.531384 0.785381 0.00596062 -0.224015 -0.0784642 0.0813553 -0.123717 1.02259
5.00082 3.64712 6.37214 0.336207 -0.198065 0.316199 0.864727 0.381828 0.184249 0.108513 0.155668 -0.173834 2.04519
5.29238 3.82433 6.57108 0.36686 -0.120645 0.332214 0.860519 0.393125 0.0110757 0.000527271 0.138247 0.0928158 1.02259
5.85716 4.1812 6.92399 0.291717 -0.168804 0.315746 0.886967 0.347673 -0.0222805 -0.0553558 -0.056135 -0.048789 2.04519
6.40381 4.45059 7.20528 0.197914 -0.140225 0.19632 0.950066 0.217766 -0.0545828 -0.076381 0.0348008 -0.11258 2.38605
6.66423 4.55135 7.31044 0.258568 -0.131698 0.233092 0.928152 0.0748009 -0.070081 0.054101 0.00947723 0.0485072 2.04519
6.84039 4.61443 7.36204 0.205351 -0.0705562 0.169271 0.961353 0.496775 0.62055 -0.188089 0.192198 -0.171436 0.681728
7.27402 4.77413 7.4427 0.305641 -0.00598407 0.210875 0.928482 0.423504 -0.071834 0.175594 0.134087 0.129576 1.02259
7.55458 4.8722 7.4736 0.339338 0.0153983 0.138986 0.930213 0.456154 0.0480151 0.0785598 0.144109 -0.177777 0.681728
7.77469 4.94699 7.49877 0.325159 -0.0114971 0.210979 0.921752 0.232227 -0.329305 -0.0161131 -0.151006 0.174406 0.681728
8.39309 5.31643 7.45765 0.43718 0.274893 0.237514 0.822736 0.244571 0.00403399 0.049713 0.184849 0.0929798 3.06778
8.42987 5.34626 7.44452 0.426119 0.2801 0.195687 0.837659 0.0445635 -0.588257 -0.166875 0.0932094 -0.192067 0.340864
8.90787 5.64785 7.17709 0.17339 0.296655 0.171585 0.923304 0.416053 0.136577 -0.192156 -0.0366966 0.0304361 2.72691
9.00325 5.70067 7.11234 0.149688 0.318504 0.172346 0.920025 0.329947 -0.253252 -0.146138 0.0997022 0.071098 0.340864
9.05055 5.72592 7.07907 0.158891 0.303583 0.152143 0.927062 0.0412698 -0.849051 0.0208873 -0.066824 -0.14687 0.340864
9.25386 5.79176 6.92302 0.118015 0.34328 0.0479768 0.930553 0.348601 0.225979 -0.112193 0.0679159 -0.11554 1.36346
9.311 5.80463 6.87759 0.147387 0.323221 0.0442605 0.933727 0.0874298 -0.768151 0.156769 -0.105362 -0.0944957 0.340864
9.51062 5.82905 6.58958 0.117149 0.571058 -0.0953735 0.806891 0.145817 0.0190807 -0.0436177 0.193794 -0.0521378 3.06778
9.56859 5.83403 6.39881 0.116474 0.605192 -0.0537363 0.785678 0.441039 0.43415 0.0852616 0.102538 0.105818 0.681728
9.65145 5.84579 6.09182 0.152954 0.599643 -0.106171 0.778306 0.494871 0.079166 -0.00738956 0.0125048 -0.189297 0.681728
9.69095 5.85548 5.91016 0.202253 0.650478 -0.103761 0.724711 0.0531202 -0.649634 0.157293 0.194669 -0.075399 0.681728
9.72783 5.88426 5.75049 0.259844 0.597369 -0.0668746 0.755751 0.273487 0.216046 0.105918 -0.141602 -0.0358343 1.02259
9.74448 5.89582 5.69758 0.281462 0.577347 -0.0852159 0.761701 0.0598342 -0.628392 0.0146881 -0.0904078 -0.185805 0.340864
9.78007 5.91654 5.56555 0.258044 0.611208 -0.131637 0.736552 0.347172 0.422556 -0.102059 0.162983 -0.0425347 0.681728
9.86502 5.94765 5.21702 0.158124 0.603625 -0.0888755 0.77636 0.359045 0.0116401 -0.115417 -0.0546272 0.188366 1.02259
9.9573 5.93823 4.78226 0.136002 0.626883 -0.191315 0.742913 0.164815 -0.114253 -0.0844774 0.066505 -0.0771878 1.70432
9.97977 5.87315 4.51176 0.0190885 0.649447 -0.251421 0.717385 0.246734 0.0602341 -0.172216 0.0933873 0.0395664 1.36346
9.97828 5.78039 4.28135 -0.0265371 0.668581 -0.264914 0.694345 0.484109 0.349082 -0.106655 0.118941 0.0427418 0.681728
9.96374 5.56642 3.87394 -0.114684 0.648832 -0.301547 0.689155 0.0581564 -0.25056 -0.107308 0.0143009 0.0384688 1.70432
9.93365 5.39706 3.65582 -0.115833 0.662594 -0.377711 0.636307 0.268997 0.124024 -0.0614071 0.0416911 -0.0816 1.70432
9.80578 4.67705 3.01643 0.0256278 0.389502 -0.6446 0.65736 0.304445 0.0104258 -0.113479 -0.164626 -0.135523 3.40864
9.80175 4.36152 2.81108 0.118214 0.247166 -0.591198 0.758564 0.0659956 -0.116887 -0.0125193 -0.191571 0.0598596 2.04519
9.81093 4.32659 2.7865 0.126468 0.305222 -0.535978 0.776899 0.0626055 -0.0049855 0.153305 0.082739 0.16946 0.681728
9.82118 4.29459 2.75852 0.149781 0.326388 -0.527307 0.770054 0.194639 0.388333 0.193963 0.0290728 -0.00806761 0.340864
10.0405 3.92378 2.46113 0.0700772 0.219365 -0.385969 0.893306 0.15027 -0.0144995 -0.0594404 -0.0671184 0.121212 3.06778
10.2092 3.77597 2.35181 0.0988241 0.198614 -0.31234 0.923704 0.339467 0.185487 0.0622199 -0.0813977 0.136929 1.02259
10.275 3.72578 2.30964 0.116481 0.223328 -0.32594 0.911219 0.207268 -0.388822 0.132745 0.124362 -0.103121 0.340864
10.3289 3.68282 2.27286 0.0994617 0.215712 -0.328353 0.914199 0.252127 0.13194 -0.111046 -0.0104498 0.00992073 0.340864
10.4036 3.62342 2.22575 0.095526 0.198673 -0.324287 0.919914 0.373853 0.358017 -0.0522636 -0.0936682 0.0279329 0.340864
10.8341 3.13299 2.0038 0.0750423 0.0642184 -0.506048 0.856831 0.210263 -0.0687352 -0.0784838 -0.0739187 -0.166617 2.38605
11.2043 2.69287 1.84815 0.359178 0.0223451 -0.354384 0.863078 0.230677 0.00750516 0.173307 -0.143299 0.0836252 2.72691
11.381 2.5373 1.78636 0.405721 -0.0566793 -0.383085 0.827903 0.24691 0.0159145 0.0474527 -0.144574 -0.130935 1.02259
12.1924 2.06268 1.52191 0.499416 0.0538779 -0.208994 0.839048 0.396572 0.0489092 0.0695739 -0.00946892 0.130906 3.06778
12.7513 1.72604 1.26915 0.377326 0.0503489 -0.41028 0.82871 0.433258 0.02158 -0.129268 0.146817 -0.1974 1.70432
13.1874 1.24311 1.00207 0.579345 -0.125175 -0.465467 0.657291 0.0268769 -0.132804 0.104633 -0.132295 -0.128022 3.06778
13.2388 1.16631 0.967089 0.524176 -0.116761 -0.480255 0.693514 0.263691 0.348256 -0.15153 0.130428 0.0150384 0.681728
13.4075 0.847212 0.804861 0.498014 -0.0741651 -0.575311 0.644592 0.202949 -0.0357307 0.0460551 0.10167 -0.0827149 1.70432
13.4958 0.617992 0.649608 0.547888 -0.0449815 -0.601088 0.580077 0.0822098 -0.0591859 0.0814634 -0.00179562 -0.034851 2.04519
13.5093 0.585717 0.622071 0.574367 -0.0255183 -0.57624 0.580861 0.0486998 -0.0492794 0.075055 -0.0535571 0.0786679 0.681728
13.647 0.327143 0.391299 0.446403 0.0896578 -0.544991 0.704039 0.390119 0.200835 -0.0942578 0.14918 0.180224 1.70432
13.8366 0.030217 0.158977 0.42625 0.0422537 -0.496378 0.755073 0.438344 0.0472798 -0.114747 -0.095548 0.0838004 1.02259
14.0431 -0.255051 -0.0968498 0.449515 0.157019 -0.507214 0.718342 0.417245 -0.0206852 0.176393 0.159775 0.0423052 1.02259
14.1226 -0.374313 -0.237123 0.448804 0.167097 -0.548463 0.68545 0.172818 -0.359452 0.0379858 0.0921229 -0.122623 0.681728
14.145 -0.412328 -0.285394 0.460433 0.19964 -0.537463 0.677702 0.0195875 -0.225339 0.0915945 0.036144 0.0469295 0.681728
14.1638 -0.445654 -0.332869 0.448929 0.215509 -0.558342 0.663531 0.0521704 0.0191664 0.00363604 0.0345701 -0.0143113 1.70432
14.1746 -0.465716 -0.366688 0.4463 0.294089 -0.540359 0.649876 0.0678333 0.0230338 0.15351 0.142742 0.118224 0.681728
14.1864 -0.496622 -0.46346 0.440131 0.533075 -0.52754 0.493778 0.00813929 -0.0219463 0.148025 0.148222 0.0241945 2.72691
