0 0 0 0 0 0 1 1.13605e-313 0 0 0 0 0
0.126648 -0.00140044 -0.00322694 -0.00769629 0.0191508 -0.00818006 0.999754 0.124219 0.0608916 -0.007546 0.0187768 -0.00802033 2.04519
0.435269 -0.0213849 -0.0267745 -0.0173046 0.0554968 -0.0525587 0.996924 0.180028 0.0273572 -0.00998628 0.0354399 -0.0436389 2.04519
0.663315 -0.0421556 -0.0464276 -0.0177997 0.0332449 -0.0374727 0.998586 0.270676 0.0888711 -0.00156322 -0.0431201 0.0304733 1.02259
1.64551 -0.134249 -0.114541 -0.00152812 0.0365084 -0.0547625 0.997831 0.311028 0.0118683 0.00928477 0.00139219 -0.0105262 3.40864
1.74596 -0.146169 -0.121625 -0.00222754 0.0336941 -0.063052 0.997439 0.285461 -0.0751977 -0.00679569 -0.0162842 -0.0486069 0.340864
2.78989 -0.326746 -0.124313 -0.0106064 -0.0247461 -0.104245 0.994187 0.494195 0.0767405 -0.009889 -0.0424959 -0.0300846 2.72691
2.95061 -0.359935 -0.115094 -0.00348267 -0.03024 -0.099154 0.994606 0.472682 -0.0632762 0.0375779 -0.0361193 0.0314081 0.340864
3.10836 -0.391337 -0.104688 -0.000165777 -0.0343042 -0.0968259 0.99471 0.475487 0.00825001 0.0166235 -0.025647 0.0143545 0.340864
4.19395 -0.621985 -0.0222211 0.0135063 -0.0423663 -0.112874 0.992614 0.251924 -0.0730596 0.00873884 -0.00615595 -0.0102596 3.06778
5.08922 -0.784206 -0.00343124 -0.00500716 0.0160347 -0.0692942 0.997455 0.417787 0.0609789 -0.0100804 0.0439208 0.0322429 2.72691
6.16898 -0.975132 0.00442857 -0.0649045 -0.0208517 -0.109858 0.991607 0.227591 -0.05594 -0.0370884 -0.0192868 -0.0233911 3.40864
6.39692 -1.0213 0.0135792 -0.0884338 -0.00326813 -0.0919249 0.991826 0.228813 0.00119831 -0.0426747 0.0415561 0.0317219 1.02259
6.795 -1.09006 0.0345645 -0.0657257 -0.0350194 -0.082214 0.993828 0.247177 0.0108024 0.0232406 -0.0384973 0.0149425 1.70432
6.87913 -1.10351 0.0416943 -0.0603162 -0.038537 -0.0806579 0.994169 0.25571 0.0250944 0.0297339 -0.0225085 0.011736 0.340864
7.63542 -1.21885 0.148554 -0.0202797 -0.090762 -0.0747465 0.992856 0.393676 0.0579689 0.0296718 -0.0461208 0.00879974 2.38605
8.3809 -1.34088 0.280109 -0.0428 -0.0757806 -0.0919944 0.991949 0.250714 -0.060068 -0.0165513 0.0135532 -0.0164233 2.38605
8.75664 -1.40962 0.354053 -0.00746306 -0.112358 -0.0908144 0.989481 0.207097 -0.0256569 0.0370661 -0.0466909 0.00610474 1.70432
9.03548 -1.46287 0.411649 -0.0480902 -0.0810112 -0.100464 0.99047 0.133722 -0.0431619 -0.0426799 0.0408958 -0.016781 1.70432
9.33635 -1.51959 0.459139 -0.0283942 -0.0674967 -0.0905117 0.9932 0.230803 0.0571067 0.0237568 0.0142449 0.0130341 1.70432
9.62837 -1.58549 0.497444 0.00717821 -0.055259 -0.140772 0.988473 0.0652176 -0.0811694 0.0389437 0.00705222 -0.0473773 2.04519
10.4014 -1.76197 0.541311 -0.0751766 -0.0033738 -0.0952974 0.9926 0.402192 0.09911 -0.0451718 0.0370019 0.0243724 3.40864
11.6918 -1.96575 0.542056 -0.037563 0.0115101 -0.061657 0.997324 0.451876 0.0162367 0.025499 0.00898078 0.0214803 3.06778
11.8473 -1.98392 0.53934 -0.0326158 0.00995894 -0.0539677 0.99796 0.468893 0.0500508 0.029122 -0.00923864 0.045349 0.340864
12.7443 -2.09569 0.570135 -0.0871091 -0.0405968 -0.0735125 0.992653 0.291573 -0.0745044 -0.0483489 -0.0404571 -0.0148043 2.38605
13.4999 -2.20586 0.610198 -0.0792404 -0.000947815 -0.0748264 0.994043 0.351189 0.0250486 0.00916213 0.0325477 -0.00364503 2.38605
13.6186 -2.22458 0.611923 -0.0726564 -0.00151077 -0.0820702 0.993973 0.355779 0.0135013 0.0382597 -0.00956679 -0.0420889 0.340864
14.0715 -2.29703 0.604037 -0.0546667 0.0294501 -0.0748743 0.995258 0.318844 -0.0271583 0.0301607 0.0438666 0.00740704 1.36346
14.7045 -2.4186 0.544143 -0.0191294 0.070346 -0.11057 0.991191 0.316191 -0.00130039 0.0364544 0.0355245 -0.0383736 2.04519
