0 0 0 0 0 0 1 4.64753e-310 0 0 0 0 0
0.0442014 0.000230363 -6.57049e-05 -0.00385385 0.00110355 0.00391191 0.999984 0.260012 0.764743 -0.0226698 0.0064915 0.0230113 0.340864
0.122799 0.00113007 -0.00276294 0.0159165 0.0346512 0.00736651 0.999246 0.202715 -0.168523 0.115558 0.197924 0.019454 0.340864
0.181659 0.00235023 -0.00870029 0.0356626 0.0681458 0.0108099 0.996979 0.145417 -0.168523 0.115558 0.197924 0.019454 0.340864
0.220787 0.0036296 -0.0152533 0.0553541 0.101536 0.0142367 0.993189 0.0881189 -0.168523 0.115558 0.197924 0.019454 0.340864
0.240454 0.00455655 -0.0198415 0.0749611 0.134771 0.0176417 0.98788 0.030821 -0.168523 0.115558 0.197924 0.019454 0.340864
0.284515 0.00590149 -0.0319929 0.0929583 0.134882 -0.00548284 0.986476 0.238168 0.609845 0.0868702 0.0138228 -0.148473 0.340864
0.396424 0.00495536 -0.0633306 0.110876 0.134877 -0.0286027 0.984224 0.445515 0.609845 0.0868702 0.0138228 -0.148473 0.340864
0.526569 0.00654493 -0.10462 0.133543 0.171555 0.00363183 0.976075 0.358055 -0.257237 0.168381 0.194073 0.191284 0.340864
0.625698 0.0163172 -0.143211 0.155815 0.207724 0.0358556 0.965032 0.270594 -0.257237 0.168381 0.194073 0.191284 0.340864
0.694634 0.0295982 -0.175084 0.177626 0.243278 0.0679731 0.951128 0.183134 -0.257237 0.168381 0.194073 0.191284 0.340864
0.735017 0.041557 -0.196783 0.198909 0.27811 0.099889 0.934405 0.0956736 -0.257237 0.168381 0.194073 0.191284 0.340864
0.749256 0.0473209 -0.205484 0.219603 0.312118 0.131509 0.914911 0.00821318 -0.257237 0.168381 0.194073 0.191284 0.340864
0.783834 0.0661848 -0.227475 0.233223 0.302228 0.163774 0.909639 0.257196 0.732303 0.147035 -0.0747087 0.139971 0.340864
0.817201 0.0857575 -0.248883 0.196685 0.315942 0.178358 0.91087 0.00288834 -0.747964 -0.184535 0.0159889 0.16067 0.340864
0.819452 0.0872876 -0.250569 0.203974 0.346796 0.197916 0.893844 0.0159517 0.0384216 0.0627489 0.182032 0.144847 0.340864
0.824411 0.0912593 -0.254817 0.210921 0.377069 0.217142 0.875318 0.029015 0.0384216 0.0627489 0.182032 0.144847 0.340864
0.866094 0.126005 -0.294735 0.227751 0.396748 0.185094 0.869748 0.367291 0.994928 -0.00265425 0.174989 -0.170857 0.340864
0.923758 0.174913 -0.35689 0.197513 0.432471 0.18829 0.859363 0.208653 -0.466582 -0.172289 0.169863 0.146142 0.340864
0.947044 0.196419 -0.387349 0.16682 0.467195 0.191052 0.846994 0.0500146 -0.466582 -0.172289 0.169863 0.146142 0.340864
0.978321 0.232376 -0.437748 0.183416 0.488358 0.219449 0.824444 0.358108 0.906158 0.159124 0.158252 0.142033 0.340864
1.02598 0.291173 -0.521887 0.171739 0.504045 0.196422 0.823324 0.307694 -0.148277 -0.141841 0.0890775 -0.0597659 0.340864
1.06517 0.336737 -0.596785 0.159905 0.519272 0.173216 0.821452 0.25728 -0.148277 -0.141841 0.0890775 -0.0597659 0.340864
1.09619 0.370507 -0.660982 0.147925 0.534024 0.149852 0.818829 0.206865 -0.148277 -0.141841 0.0890775 -0.0597659 0.340864
1.11944 0.394002 -0.713148 0.13581 0.548288 0.12635 0.815458 0.156451 -0.148277 -0.141841 0.0890775 -0.0597659 0.340864
1.1354 0.408815 -0.752089 0.123571 0.56205 0.102734 0.811342 0.106037 -0.148277 -0.141841 0.0890775 -0.0597659 0.340864
1.15897 0.429976 -0.814327 0.0961455 0.566232 0.118575 0.809986 0.304766 0.584498 -0.0800698 -0.00365045 0.170164 0.340864
1.18419 0.451543 -0.885686 0.0948452 0.583089 0.0810045 0.802776 0.158251 -0.430925 -0.139056 0.124713 -0.160162 0.340864
1.19278 0.457878 -0.912536 0.0933789 0.598927 0.0432922 0.794162 0.0117369 -0.430925 -0.139056 0.124713 -0.160162 0.340864
1.20354 0.465378 -0.951484 0.0827928 0.609038 0.052424 0.787064 0.230015 0.641996 -0.0159588 0.0645306 0.0873218 0.340864
1.23099 0.486654 -1.06144 0.0721778 0.618937 0.0615375 0.779693 0.448294 0.641996 -0.0159588 0.0645306 0.0873218 0.340864
1.25357 0.505976 -1.15626 0.0882877 0.617832 0.06318 0.77878 0.136239 -0.91781 0.0806582 0.00338946 -0.0512609 0.340864
1.27188 0.523268 -1.23443 0.0686267 0.619539 0.0820976 0.777638 0.346886 0.61955 -0.0213602 -0.00516087 0.159448 0.340864
1.29415 0.547657 -1.33854 0.0953175 0.632728 0.0745507 0.764861 0.295625 -0.150767 0.0933953 0.122857 -0.12032 0.340864
1.3101 0.57022 -1.42608 0.121903 0.645217 0.0669212 0.751236 0.244364 -0.150767 0.0933953 0.122857 -0.12032 0.340864
1.32085 0.59026 -1.49688 0.148353 0.656992 0.0592177 0.736781 0.193104 -0.150767 0.0933953 0.122857 -0.12032 0.340864
1.32748 0.607009 -1.55089 0.17464 0.66804 0.0514487 0.72151 0.141843 -0.150767 0.0933953 0.122857 -0.12032 0.340864
1.33103 0.619641 -1.58816 0.200733 0.678348 0.0436227 0.705441 0.0905822 -0.150767 0.0933953 0.122857 -0.12032 0.340864
1.33247 0.627272 -1.60883 0.226603 0.687906 0.0357485 0.688591 0.0393214 -0.150767 0.0933953 0.122857 -0.12032 0.340864
1.33561 0.640038 -1.64311 0.214391 0.666789 0.0372526 0.71277 0.176683 0.404005 -0.0711821 -0.187985 0.022281 0.340864
1.33987 0.656242 -1.68877 0.205169 0.683448 0.0326033 0.699816 0.109452 -0.197739 -0.0442223 0.124508 0.040531 0.340864
1.34102 0.664501 -1.71317 0.195833 0.699729 0.0279359 0.686476 0.0422205 -0.197739 -0.0442223 0.124508 0.040531 0.340864
1.34258 0.677384 -1.75449 0.169023 0.689302 0.0391665 0.703392 0.212538 0.500932 -0.0798261 -0.129104 0.14094 0.340864
1.3444 0.695375 -1.82209 0.122371 0.70412 0.0374199 0.698455 0.199219 -0.0391715 -0.198694 0.0723476 0.197883 0.340864
1.34355 0.707925 -1.88633 0.0754228 0.717232 0.0355826 0.691826 0.185901 -0.0391715 -0.198694 0.0723476 0.197883 0.340864
1.34067 0.720021 -1.95069 0.116611 0.725809 0.0308703 0.677237 0.199753 0.040741 0.152466 0.107203 -0.186154 0.340864
1.33768 0.735038 -2.02608 0.11556 0.715295 0.0108622 0.689116 0.252825 0.156095 -0.0958595 -0.0790796 -0.0845998 0.340864
1.33698 0.750607 -2.11977 0.114434 0.704313 -0.00915301 0.700545 0.305897 0.156095 -0.0958595 -0.0790796 -0.0845998 0.340864
1.33963 0.765474 -2.23177 0.113233 0.692872 -0.0291622 0.711517 0.358969 0.156095 -0.0958595 -0.0790796 -0.0845998 0.340864
1.34662 0.778338 -2.36201 0.111958 0.680978 -0.0491524 0.722024 0.412042 0.156095 -0.0958595 -0.0790796 -0.0845998 0.340864
1.35245 0.792938 -2.48809 0.123303 0.699065 -0.0157126 0.704171 0.335527 -0.225044 0.199185 0.12307 0.103364 0.340864
1.3524 0.811363 -2.58743 0.134414 0.71583 0.0177569 0.684986 0.259012 -0.225044 0.199185 0.12307 0.103364 0.340864
1.35169 0.828783 -2.67996 0.115368 0.703664 -0.00569775 0.701081 0.294946 0.10569 -0.187004 -0.100261 -0.0256114 0.340864
1.35462 0.841781 -2.78549 0.0961687 0.690569 -0.0291449 0.716252 0.330881 0.10569 -0.187004 -0.100261 -0.0256114 0.340864
1.35974 0.855198 -2.89778 0.135712 0.689825 -0.0292106 0.710542 0.335147 0.0125487 0.169486 0.0133193 -0.162352 0.340864
1.36535 0.875019 -3.01058 0.175039 0.68798 -0.0292297 0.703698 0.339414 0.0125487 0.169486 0.0133193 -0.162352 0.340864
1.37022 0.89368 -3.10645 0.165882 0.689161 -0.0339643 0.704548 0.235823 -0.304679 -0.0577358 0.0078995 0.0188199 0.340864
1.37311 0.904452 -3.16801 0.156708 0.690267 -0.0386952 0.705321 0.132232 -0.304679 -0.0577358 0.0078995 0.0188199 0.340864
1.37427 0.908671 -3.19501 0.147516 0.691298 -0.0434219 0.706017 0.0286407 -0.304679 -0.0577358 0.0078995 0.0188199 0.340864
1.37487 0.911448 -3.21129 0.152142 0.695158 -0.0173828 0.702357 0.0686034 0.117537 0.129277 0.00713912 0.0917556 0.340864
1.37572 0.917795 -3.24072 0.156658 0.698512 0.00866895 0.698186 0.108566 0.117537 0.129277 0.00713912 0.0917556 0.340864
1.37654 0.928883 -3.28298 0.161059 0.701358 0.0347144 0.693507 0.148529 0.117537 0.129277 0.00713912 0.0917556 0.340864
1.37699 0.945848 -3.3377 0.165343 0.703694 0.0607346 0.688323 0.188491 0.117537 0.129277 0.00713912 0.0917556 0.340864
1.37669 0.969783 -3.40441 0.169507 0.705517 0.0867106 0.682638 0.228454 0.117537 0.129277 0.00713912 0.0917556 0.340864
1.3752 1.00173 -3.48258 0.173548 0.706827 0.112623 0.676456 0.268417 0.117537 0.129277 0.00713912 0.0917556 0.340864
1.37204 1.04269 -3.57161 0.177462 0.707623 0.138454 0.669782 0.308379 0.117537 0.129277 0.00713912 0.0917556 0.340864
1.36667 1.09359 -3.67082 0.181247 0.707903 0.164185 0.66262 0.348342 0.117537 0.129277 0.00713912 0.0917556 0.340864
1.36205 1.15802 -3.78227 0.213259 0.691987 0.171314 0.668077 0.409589 0.180139 0.164054 -0.0614579 -0.127783 0.340864
1.36274 1.24006 -3.90742 0.244981 0.67513 0.17821 0.672625 0.470837 0.180139 0.164054 -0.0614579 -0.127783 0.340864
1.36636 1.31819 -4.01563 0.268933 0.672745 0.180175 0.665302 0.314577 -0.459587 0.115641 0.0419285 -0.0831147 0.340864
1.37239 1.37753 -4.09246 0.287406 0.64758 0.180326 0.68229 0.257721 -0.167224 0.0727028 -0.146404 -0.130355 0.340864
1.38174 1.43046 -4.15659 0.301718 0.631576 0.193327 0.687534 0.234523 -0.0682286 0.115089 -0.0910164 -0.0349642 0.340864
1.38804 1.46269 -4.19451 0.28576 0.631899 0.198289 0.692623 0.0605741 -0.511615 -0.0555055 -0.0445567 0.074146 0.340864
1.39128 1.48646 -4.22277 0.268004 0.649258 0.218869 0.677299 0.157493 0.285056 0.00966637 0.0723952 0.196942 0.340864
1.39322 1.53179 -4.27609 0.249906 0.665789 0.23917 0.661112 0.254412 0.285056 0.00966637 0.0723952 0.196942 0.340864
1.38974 1.59867 -4.35429 0.23149 0.681472 0.259166 0.644082 0.351331 0.285056 0.00966637 0.0723952 0.196942 0.340864
1.37677 1.68672 -4.45701 0.212779 0.696285 0.278831 0.626231 0.44825 0.285056 0.00966637 0.0723952 0.196942 0.340864
1.36814 1.7504 -4.52772 0.245357 0.661308 0.285905 0.648637 0.11408 -0.982855 0.178392 -0.176121 -0.187994 0.340864
1.36559 1.79453 -4.57567 0.228033 0.667125 0.273459 0.654343 0.26958 0.457353 -0.132546 -0.0111748 0.018703 0.340864
1.36083 1.87054 -4.66592 0.210591 0.672594 0.26087 0.659708 0.42508 0.457353 -0.132546 -0.0111748 0.018703 0.340864
1.35851 1.95251 -4.76493 0.238288 0.65893 0.249724 0.668332 0.33126 -0.27594 0.073685 -0.0308412 -0.183034 0.340864
1.36139 2.01594 -4.83782 0.265711 0.644506 0.23829 0.676186 0.237441 -0.27594 0.073685 -0.0308412 -0.183034 0.340864
1.36647 2.05942 -4.88556 0.292828 0.62934 0.226581 0.68326 0.143621 -0.27594 0.073685 -0.0308412 -0.183034 0.340864
1.37062 2.08187 -4.90922 0.319608 0.613448 0.214611 0.689547 0.0498013 -0.27594 0.073685 -0.0308412 -0.183034 0.340864
1.3762 2.11677 -4.94408 0.320837 0.636407 0.228843 0.663084 0.242244 0.566009 0.0771276 0.163452 0.129891 0.340864
1.38159 2.2 -5.02333 0.321607 0.658455 0.242747 0.635672 0.434687 0.566009 0.0771276 0.163452 0.129891 0.340864
1.38095 2.26542 -5.08561 0.306748 0.681791 0.236111 0.62074 0.0967549 -0.993918 -0.0863528 0.136457 0.098226 0.340864
1.37838 2.29324 -5.11461 0.273071 0.697693 0.234423 0.619437 0.140168 0.127685 -0.14951 0.0195634 0.159439 0.340864
1.37458 2.32712 -5.15287 0.249765 0.688536 0.241619 0.636519 0.161277 0.0620866 -0.0702124 -0.147193 0.0836196 0.340864
1.37138 2.36459 -5.19757 0.226216 0.67871 0.24858 0.652983 0.182387 0.0620866 -0.0702124 -0.147193 0.0836196 0.340864
1.36915 2.40538 -5.2489 0.202448 0.668226 0.2553 0.668813 0.203496 0.0620866 -0.0702124 -0.147193 0.0836196 0.340864
1.36828 2.4492 -5.30699 0.178483 0.657093 0.261772 0.683994 0.224606 0.0620866 -0.0702124 -0.147193 0.0836196 0.340864
1.37046 2.50628 -5.39038 0.168836 0.654288 0.227682 0.701115 0.370083 0.427875 -0.184283 -0.0565372 -0.129215 0.340864
1.37744 2.57903 -5.49684 0.204415 0.642713 0.22989 0.701631 0.389637 0.0575126 0.170261 -0.00426808 -0.140046 0.340864
1.38873 2.66142 -5.60417 0.239706 0.630234 0.231775 0.701161 0.409192 0.0575126 0.170261 -0.00426808 -0.140046 0.340864
1.39789 2.73586 -5.69375 0.233797 0.638452 0.254002 0.687896 0.278112 -0.385527 0.065539 0.043682 0.143272 0.340864
1.40052 2.78331 -5.74819 0.227708 0.646177 0.276033 0.674099 0.147033 -0.385527 0.065539 0.043682 0.143272 0.340864
1.40042 2.80194 -5.7687 0.221443 0.653403 0.297851 0.659782 0.015954 -0.385527 0.065539 0.043682 0.143272 0.340864
1.40015 2.80928 -5.77642 0.245704 0.655779 0.28326 0.655246 0.0467167 0.0904786 0.039834 0.088181 -0.138852 0.340864
1.39985 2.82404 -5.79151 0.269762 0.657612 0.268436 0.650167 0.0774794 0.0904786 0.039834 0.088181 -0.138852 0.340864
1.39977 2.84643 -5.81377 0.293597 0.658901 0.253389 0.64455 0.108242 0.0904786 0.039834 0.088181 -0.138852 0.340864
1.40019 2.87662 -5.84301 0.317189 0.659644 0.238132 0.6384 0.139005 0.0904786 0.039834 0.088181 -0.138852 0.340864
1.40142 2.91477 -5.87904 0.340518 0.659841 0.222678 0.631721 0.169768 0.0904786 0.039834 0.088181 -0.138852 0.340864
1.40364 2.95824 -5.91769 0.379328 0.656134 0.214543 0.616092 0.172643 0.00845738 0.148851 0.114057 -0.167873 0.340864
1.407 3.0042 -5.95481 0.417444 0.651227 0.206015 0.599334 0.175519 0.00845738 0.148851 0.114057 -0.167873 0.340864
1.4117 3.05256 -5.99029 0.454796 0.645127 0.197111 0.58148 0.178394 0.00845738 0.148851 0.114057 -0.167873 0.340864
1.41798 3.10315 -6.02404 0.491315 0.637846 0.187845 0.562562 0.18127 0.00845738 0.148851 0.114057 -0.167873 0.340864
1.42604 3.15581 -6.05598 0.526936 0.629398 0.178235 0.542613 0.184145 0.00845738 0.148851 0.114057 -0.167873 0.340864
1.4361 3.21036 -6.08603 0.561591 0.619798 0.168299 0.521672 0.187021 0.00845738 0.148851 0.114057 -0.167873 0.340864
1.4486 3.27253 -6.11777 0.569059 0.617498 0.173373 0.514597 0.230104 0.126715 0.0670639 0.00936834 -0.0122486 0.340864
1.46387 3.34832 -6.1544 0.576448 0.615114 0.178424 0.507452 0.273187 0.126715 0.0670639 0.00936834 -0.0122486 0.340864
1.48199 3.43798 -6.19533 0.583759 0.612646 0.183449 0.500237 0.31627 0.126715 0.0670639 0.00936834 -0.0122486 0.340864
1.50304 3.54169 -6.23996 0.59099 0.610093 0.18845 0.492954 0.359353 0.126715 0.0670639 0.00936834 -0.0122486 0.340864
1.52711 3.65965 -6.28768 0.59814 0.607458 0.193425 0.485603 0.402436 0.126715 0.0670639 0.00936834 -0.0122486 0.340864
1.55429 3.79201 -6.33788 0.605208 0.604739 0.198373 0.478186 0.445519 0.126715 0.0670639 0.00936834 -0.0122486 0.340864
1.58467 3.93892 -6.38994 0.612193 0.601937 0.203295 0.470704 0.488602 0.126715 0.0670639 0.00936834 -0.0122486 0.340864
1.61233 4.06421 -6.43671 0.59366 0.595833 0.194578 0.504669 0.314825 -0.511108 -0.197245 -0.127974 -0.0211168 0.340864
1.62972 4.13333 -6.46712 0.57417 0.588769 0.185548 0.537821 0.141048 -0.511108 -0.197245 -0.127974 -0.0211168 0.340864
1.64561 4.18213 -6.4917 0.577225 0.559393 0.170049 0.570065 0.19381 0.155182 -0.1209 -0.148976 -0.194089 0.340864
1.6723 4.24339 -6.5254 0.579037 0.528814 0.154184 0.601082 0.246572 0.155182 -0.1209 -0.148976 -0.194089 0.340864
1.71238 4.3152 -6.56835 0.579603 0.497097 0.137987 0.630805 0.299334 0.155182 -0.1209 -0.148976 -0.194089 0.340864
1.76827 4.39535 -6.62038 0.578921 0.46431 0.121493 0.659171 0.352096 0.155182 -0.1209 -0.148976 -0.194089 0.340864
1.84219 4.48142 -6.68101 0.576994 0.430523 0.104738 0.686118 0.404858 0.155182 -0.1209 -0.148976 -0.194089 0.340864
1.93608 4.57079 -6.74943 0.573825 0.39581 0.0877567 0.711588 0.45762 0.155182 -0.1209 -0.148976 -0.194089 0.340864
2.04278 4.6594 -6.82461 0.58952 0.395726 0.0552959 0.702004 0.470442 0.0377131 0.0225194 0.139666 -0.167795 0.340864
2.15368 4.74477 -6.90643 0.604395 0.39509 0.0227581 0.691442 0.483265 0.0377131 0.0225194 0.139666 -0.167795 0.340864
2.26829 4.82658 -6.99522 0.618428 0.393905 -0.00981143 0.679918 0.496087 0.0377131 0.0225194 0.139666 -0.167795 0.340864
2.3758 4.90233 -7.07616 0.623497 0.385149 0.0203563 0.680071 0.412407 -0.24612 0.0891278 -0.145436 0.0770803 0.340864
2.46492 4.96834 -7.13589 0.627935 0.376003 0.0505035 0.679536 0.328726 -0.24612 0.0891278 -0.145436 0.0770803 0.340864
2.53471 5.02257 -7.17714 0.631737 0.366476 0.0805995 0.678312 0.245045 -0.24612 0.0891278 -0.145436 0.0770803 0.340864
2.58445 5.06309 -7.20274 0.634899 0.356578 0.110614 0.676402 0.161364 -0.24612 0.0891278 -0.145436 0.0770803 0.340864
2.61376 5.08809 -7.21566 0.637418 0.34632 0.140516 0.673807 0.0776838 -0.24612 0.0891278 -0.145436 0.0770803 0.340864
2.6648 5.13089 -7.23381 0.649181 0.321973 0.144288 0.673853 0.32849 0.737665 0.0742648 -0.101027 -0.100356 0.340864
2.71159 5.16716 -7.24798 0.649255 0.28379 0.142363 0.691132 0.02966 -0.878912 -0.036939 -0.176713 -0.168293 0.340864
2.7204 5.17305 -7.25006 0.677723 0.260147 0.127919 0.675761 0.0338956 0.0124576 0.17018 0.00854429 -0.183723 0.340864
2.73079 5.17922 -7.25207 0.704961 0.236032 0.113243 0.659163 0.0381312 0.0124576 0.17018 0.00854429 -0.183723 0.340864
2.7428 5.18549 -7.25398 0.730919 0.211488 0.0983619 0.641369 0.0423668 0.0124576 0.17018 0.00854429 -0.183723 0.340864
2.75647 5.1917 -7.25574 0.755552 0.186561 0.0833022 0.622412 0.0466024 0.0124576 0.17018 0.00854429 -0.183723 0.340864
2.77185 5.19765 -7.25734 0.778814 0.161295 0.0680913 0.602326 0.050838 0.0124576 0.17018 0.00854429 -0.183723 0.340864
2.78892 5.20315 -7.25879 0.800663 0.135737 0.052757 0.581146 0.0550736 0.0124576 0.17018 0.00854429 -0.183723 0.340864
2.8077 5.20802 -7.2601 0.821059 0.109933 0.0373268 0.558913 0.0593092 0.0124576 0.17018 0.00854429 -0.183723 0.340864
2.82816 5.21205 -7.26129 0.839966 0.0839287 0.021829 0.535665 0.0635447 0.0124576 0.17018 0.00854429 -0.183723 0.340864
2.85025 5.21506 -7.26242 0.857348 0.0577724 0.00629158 0.511445 0.0677803 0.0124576 0.17018 0.00854429 -0.183723 0.340864
2.87391 5.21685 -7.26354 0.873176 0.0315114 -0.00925727 0.486298 0.0720159 0.0124576 0.17018 0.00854429 -0.183723 0.340864
2.93268 5.22105 -7.26655 0.865842 0.0516995 -0.00146629 0.497637 0.27503 0.5971 -0.076682 0.016032 0.12797 0.340864
3.05969 5.23524 -7.27402 0.857945 0.071854 0.00632564 0.508652 0.478044 0.5971 -0.076682 0.016032 0.12797 0.340864
3.17288 5.24787 -7.28392 0.854294 0.0670984 -0.029035 0.514623 0.194579 -0.83372 -0.0558432 0.161602 -0.128509 0.340864
3.28251 5.2558 -7.29558 0.870356 0.0502929 -0.0265804 0.489127 0.455679 0.767942 0.17488 -0.0559 -0.087733 0.340864
3.38608 5.26026 -7.30791 0.863794 0.044511 -0.0607109 0.498189 0.158527 -0.873978 -0.0762937 0.156483 -0.124472 0.340864
3.48266 5.26149 -7.32314 0.85374 0.0457086 -0.0664692 0.514414 0.416662 0.759221 -0.11299 0.032113 -0.00236309 0.340864
3.57447 5.26212 -7.33695 0.840104 0.0369092 -0.0548779 0.538378 0.129477 -0.844662 -0.161962 -0.0859638 0.00392132 0.340864
3.63956 5.26064 -7.34689 0.844971 0.0260349 -0.0819912 0.527848 0.258016 0.378056 0.058062 0.100282 -0.144084 0.340864
3.747 5.25337 -7.36711 0.849003 0.0151349 -0.109024 0.516797 0.386555 0.378056 0.058062 0.100282 -0.144084 0.340864
3.87647 5.24204 -7.3953 0.851845 0.0216782 -0.117989 0.509871 0.395762 0.0270807 0.046632 0.0634619 0.000728621 0.340864
4.00834 5.23095 -7.42719 0.854535 0.0282177 -0.126933 0.502853 0.404969 0.0270807 0.046632 0.0634619 0.000728621 0.340864
4.1425 5.22019 -7.46289 0.857072 0.0347521 -0.135855 0.495745 0.414177 0.0270807 0.046632 0.0634619 0.000728621 0.340864
4.27887 5.20982 -7.50252 0.859455 0.0412803 -0.144752 0.488549 0.423384 0.0270807 0.046632 0.0634619 0.000728621 0.340864
4.42781 5.20023 -7.54532 0.844623 0.0465071 -0.127159 0.517957 0.489995 0.195912 -0.182626 -0.0684488 0.10565 0.340864
4.56321 5.19576 -7.5848 0.824261 0.0801916 -0.128316 0.545617 0.340204 -0.440561 -0.174648 0.116087 0.190165 0.340864
4.64877 5.19681 -7.61333 0.801991 0.11369 -0.129176 0.572013 0.190413 -0.440561 -0.174648 0.116087 0.190165 0.340864
4.68546 5.19879 -7.62718 0.777863 0.146926 -0.129737 0.597084 0.0406222 -0.440561 -0.174648 0.116087 0.190165 0.340864
4.70429 5.20064 -7.63431 0.767225 0.14795 -0.0978354 0.616365 0.078324 0.110888 -0.0972581 -0.150957 0.140679 0.340864
4.73544 5.20476 -7.64452 0.755432 0.148752 -0.0657864 0.634718 0.116026 0.110888 -0.0972581 -0.150957 0.140679 0.340864
4.77903 5.21211 -7.65669 0.742504 0.14933 -0.0336385 0.652117 0.153728 0.110888 -0.0972581 -0.150957 0.140679 0.340864
4.83504 5.2237 -7.66975 0.728459 0.149684 -0.00144006 0.668536 0.191429 0.110888 -0.0972581 -0.150957 0.140679 0.340864
4.90328 5.24061 -7.68268 0.713318 0.149813 0.0307606 0.683949 0.229131 0.110888 -0.0972581 -0.150957 0.140679 0.340864
4.98342 5.26393 -7.69453 0.697105 0.149716 0.0629149 0.698334 0.266833 0.110888 -0.0972581 -0.150957 0.140679 0.340864
5.07497 5.29481 -7.70443 0.679844 0.149394 0.0949747 0.711669 0.304535 0.110888 -0.0972581 -0.150957 0.140679 0.340864
5.17729 5.33438 -7.71158 0.661561 0.148848 0.126892 0.723934 0.342237 0.110888 -0.0972581 -0.150957 0.140679 0.340864
5.29926 5.38779 -7.718 0.655793 0.162532 0.142195 0.723395 0.441987 0.293383 -0.0192813 -0.00510984 0.123884 0.340864
5.39218 5.43278 -7.72085 0.663031 0.16017 0.172509 0.710617 0.165629 -0.812819 0.111073 -0.108743 0.123675 0.340864
5.48977 5.48538 -7.71654 0.675228 0.150633 0.203415 0.69282 0.487163 0.945689 0.159233 -0.131294 0.0985871 0.340864
5.61174 5.55472 -7.70413 0.679872 0.141259 0.22514 0.68347 0.341432 -0.428622 0.0865358 -0.110662 0.0583838 0.340864
5.68953 5.60091 -7.69185 0.684061 0.131791 0.246714 0.673664 0.1957 -0.428622 0.0865358 -0.110662 0.0583838 0.340864
5.72448 5.62252 -7.68439 0.687793 0.122235 0.268123 0.663407 0.0499684 -0.428622 0.0865358 -0.110662 0.0583838 0.340864
5.74151 5.63254 -7.68048 0.695044 0.110884 0.238255 0.669218 0.0685268 0.0545836 0.00121426 0.0838232 -0.176891 0.340864
5.81078 5.66969 -7.66473 0.702392 0.0994344 0.239647 0.662818 0.403031 0.983835 0.0720498 -0.0362933 -0.0371583 0.340864
5.91178 5.72192 -7.64118 0.720266 0.100467 0.229286 0.646956 0.280058 -0.361684 0.127725 0.0813185 -0.0242284 0.340864
5.97709 5.75419 -7.62648 0.73765 0.101431 0.218769 0.630654 0.157085 -0.361684 0.127725 0.0813185 -0.0242284 0.340864
6.00592 5.76783 -7.62022 0.754533 0.102326 0.208103 0.613924 0.0341126 -0.361684 0.127725 0.0813185 -0.0242284 0.340864
6.02447 5.77626 -7.61619 0.764009 0.0996691 0.2083 0.602468 0.088054 0.158651 0.0884407 0.00802485 -0.00276227 0.340864
6.05943 5.79189 -7.60824 0.77331 0.0969892 0.20845 0.590875 0.141995 0.158651 0.0884407 0.00802485 -0.00276227 0.340864
6.11083 5.81444 -7.59602 0.782436 0.0942872 0.208552 0.579147 0.195937 0.158651 0.0884407 0.00802485 -0.00276227 0.340864
6.17872 5.84363 -7.5792 0.791382 0.0915637 0.208606 0.567286 0.249878 0.158651 0.0884407 0.00802485 -0.00276227 0.340864
6.26312 5.87918 -7.55746 0.800148 0.0888192 0.208613 0.555297 0.30382 0.158651 0.0884407 0.00802485 -0.00276227 0.340864
6.36408 5.92076 -7.53051 0.808732 0.0860545 0.208572 0.543181 0.357761 0.158651 0.0884407 0.00802485 -0.00276227 0.340864
6.48164 5.96805 -7.49804 0.817131 0.0832702 0.208484 0.53094 0.411703 0.158651 0.0884407 0.00802485 -0.00276227 0.340864
6.61584 6.02072 -7.45979 0.825344 0.0804669 0.208348 0.518579 0.465644 0.158651 0.0884407 0.00802485 -0.00276227 0.340864
6.75599 6.07591 -7.41638 0.836755 0.0805736 0.222881 0.493632 0.456529 -0.0268091 0.1627 -0.0444431 0.0700333 0.340864
6.8914 6.13077 -7.36875 0.84736 0.0806027 0.237199 0.46821 0.447414 -0.0268091 0.1627 -0.0444431 0.0700333 0.340864
7.02204 6.18494 -7.31711 0.857149 0.0805541 0.251288 0.442336 0.438299 -0.0268091 0.1627 -0.0444431 0.0700333 0.340864
7.14793 6.23808 -7.26168 0.866111 0.0804279 0.265135 0.416036 0.429184 -0.0268091 0.1627 -0.0444431 0.0700333 0.340864
7.27407 6.29033 -7.20562 0.862976 0.0759955 0.250942 0.431886 0.439013 0.0289094 -0.088233 0.0490784 -0.0805587 0.340864
7.40541 6.34186 -7.15203 0.859424 0.0715265 0.236628 0.447528 0.448842 0.0289094 -0.088233 0.0490784 -0.0805587 0.340864
7.54197 6.3924 -7.10106 0.855459 0.067023 0.2222 0.462953 0.458671 0.0289094 -0.088233 0.0490784 -0.0805587 0.340864
7.6837 6.4417 -7.05286 0.85108 0.0624872 0.207664 0.478156 0.4685 0.0289094 -0.088233 0.0490784 -0.0805587 0.340864
7.79191 6.47659 -7.0198 0.851507 0.0586029 0.186642 0.486484 0.228071 -0.707147 -0.0434796 0.0917881 -0.0889132 0.340864
7.87609 6.49875 -6.99857 0.872661 0.0458529 0.146988 0.463417 0.299139 0.209023 0.176483 0.193399 -0.159379 0.340864
7.98587 6.51959 -6.97724 0.891446 0.0329784 0.106935 0.439092 0.370206 0.209023 0.176483 0.193399 -0.159379 0.340864
8.12154 6.53628 -6.95895 0.907811 0.0200143 0.066592 0.413575 0.441274 0.209023 0.176483 0.193399 -0.159379 0.340864
8.22 6.5451 -6.94882 0.907619 0.0182889 0.0626337 0.414693 0.143267 -0.876493 -0.00622438 0.0167332 -0.0192591 0.340864
8.27433 6.55107 -6.94493 0.917747 0.0514873 0.0470205 0.390997 0.179142 0.105516 0.137349 0.170679 0.146848 0.340864
8.34049 6.56152 -6.94358 0.92603 0.0845823 0.0313127 0.366516 0.215018 0.105516 0.137349 0.170679 0.146848 0.340864
8.41796 6.57778 -6.94584 0.932452 0.117507 0.0155419 0.341298 0.250893 0.105516 0.137349 0.170679 0.146848 0.340864
8.50604 6.60117 -6.9526 0.936999 0.150196 -0.000260039 0.315394 0.286768 0.105516 0.137349 0.170679 0.146848 0.340864
8.60384 6.63309 -6.96464 0.939664 0.182583 -0.0160615 0.288856 0.322643 0.105516 0.137349 0.170679 0.146848 0.340864
8.71032 6.67487 -6.98254 0.940439 0.214603 -0.0318306 0.261737 0.358519 0.105516 0.137349 0.170679 0.146848 0.340864
8.82426 6.72787 -7.00673 0.939325 0.246191 -0.0475358 0.234092 0.394394 0.105516 0.137349 0.170679 0.146848 0.340864
8.90957 6.77392 -7.02742 0.933867 0.276451 -0.0486651 0.221583 0.188831 -0.604597 0.0684425 0.0675626 0.170082 0.340864
8.98438 6.81988 -7.04675 0.93408 0.292264 -0.0537085 0.197967 0.340049 0.444757 0.126349 0.0866693 0.0731916 0.340864
9.09927 6.89626 -7.07736 0.933516 0.307833 -0.0587071 0.174187 0.491266 0.444757 0.126349 0.0866693 0.0731916 0.340864
9.19415 6.9597 -7.10293 0.934894 0.293374 -0.0579952 0.191158 0.196775 -0.866149 -0.0954946 -0.0499353 -0.0753078 0.340864
9.24604 6.99124 -7.11562 0.938468 0.269602 -0.0387145 0.212354 0.168196 -0.0840573 -0.0874018 -0.1706 -0.108012 0.340864
9.29131 7.01593 -7.12451 0.940729 0.245453 -0.0193797 0.233253 0.139616 -0.0840573 -0.0874018 -0.1706 -0.108012 0.340864
9.32925 7.03447 -7.13015 0.941674 0.220961 -1.7669e-05 0.253825 0.111037 -0.0840573 -0.0874018 -0.1706 -0.108012 0.340864
9.35925 7.04759 -7.13321 0.941301 0.196159 0.0193443 0.274043 0.0824574 -0.0840573 -0.0874018 -0.1706 -0.108012 0.340864
9.38081 7.05601 -7.13439 0.939612 0.171083 0.0386793 0.293877 0.0538779 -0.0840573 -0.0874018 -0.1706 -0.108012 0.340864
9.39352 7.06043 -7.1345 0.936609 0.145768 0.0579601 0.313299 0.0252984 -0.0840573 -0.0874018 -0.1706 -0.108012 0.340864
9.41137 7.06608 -7.13418 0.92734 0.137522 0.0601095 0.342806 0.0848561 0.17517 -0.175021 -0.0555098 -0.0435921 0.340864
9.44867 7.07735 -7.1335 0.917116 0.129134 0.0621971 0.371959 0.144414 0.17517 -0.175021 -0.0555098 -0.0435921 0.340864
9.50558 7.09371 -7.13238 0.905949 0.120613 0.0642206 0.40073 0.203972 0.17517 -0.175021 -0.0555098 -0.0435921 0.340864
9.58224 7.11463 -7.13072 0.89385 0.111968 0.066178 0.429088 0.263529 0.17517 -0.175021 -0.0555098 -0.0435921 0.340864
9.67876 7.13959 -7.12834 0.88083 0.103207 0.0680673 0.457004 0.323087 0.17517 -0.175021 -0.0555098 -0.0435921 0.340864
9.77084 7.16336 -7.1259 0.88992 0.110315 0.0686517 0.437219 0.236528 -0.254584 0.124471 0.0317336 0.0408061 0.340864
9.83423 7.18058 -7.12419 0.898542 0.117365 0.0692001 0.417204 0.14997 -0.254584 0.124471 0.0317336 0.0408061 0.340864
9.8691 7.19051 -7.12321 0.906693 0.124353 0.0697121 0.396969 0.0634109 -0.254584 0.124471 0.0317336 0.0408061 0.340864
9.89282 7.19732 -7.12168 0.91141 0.106978 0.0965466 0.385443 0.0820534 0.0548308 0.099265 -0.173363 -0.0287382 0.340864
9.92253 7.20547 -7.11772 0.915054 0.0894769 0.123267 0.373463 0.100696 0.0548308 0.099265 -0.173363 -0.0287382 0.340864
9.95804 7.21475 -7.11055 0.917622 0.0718705 0.149843 0.361043 0.119338 0.0548308 0.099265 -0.173363 -0.0287382 0.340864
10.0028 7.22672 -7.09993 0.903255 0.077262 0.157139 0.39175 0.160112 0.119923 -0.19797 -0.0535862 0.0236089 0.340864
10.0602 7.24356 -7.08626 0.887776 0.0825583 0.164241 0.421975 0.200886 0.119923 -0.19797 -0.0535862 0.0236089 0.340864
10.1301 7.26588 -7.06967 0.871204 0.087753 0.171141 0.45168 0.241659 0.119923 -0.19797 -0.0535862 0.0236089 0.340864
10.2123 7.29428 -7.05037 0.853558 0.0928396 0.17783 0.480828 0.282433 0.119923 -0.19797 -0.0535862 0.0236089 0.340864
10.3066 7.32935 -7.02862 0.834862 0.0978118 0.1843 0.509384 0.323207 0.119923 -0.19797 -0.0535862 0.0236089 0.340864
10.4129 7.37162 -7.00476 0.815137 0.102664 0.190543 0.537313 0.36398 0.119923 -0.19797 -0.0535862 0.0236089 0.340864
10.473 7.39782 -6.98952 0.813701 0.106062 0.234973 0.520988 0.0323439 -0.975401 0.096798 -0.194118 0.175955 0.340864
10.4976 7.40884 -6.98069 0.822545 0.0711196 0.248629 0.506502 0.134486 0.300418 0.153302 -0.15123 -0.110929 0.340864
10.5521 7.43034 -6.95727 0.829995 0.0360565 0.261863 0.491158 0.236628 0.300418 0.153302 -0.15123 -0.110929 0.340864
10.6357 7.45855 -6.91512 0.836037 0.000932132 0.274653 0.47498 0.338771 0.300418 0.153302 -0.15123 -0.110929 0.340864
10.7472 7.48942 -6.85049 0.840662 -0.0341938 0.286978 0.457997 0.440913 0.300418 0.153302 -0.15123 -0.110929 0.340864
10.8622 7.51615 -6.77558 0.832546 -0.0609818 0.30156 0.460663 0.381804 -0.17385 0.0072427 -0.157469 -0.0993326 0.340864
10.9578 7.5356 -6.70618 0.823595 -0.0877087 0.315839 0.462866 0.322695 -0.17385 0.0072427 -0.157469 -0.0993326 0.340864
11.0347 7.54901 -6.64422 0.813817 -0.114348 0.329801 0.464605 0.263586 -0.17385 0.0072427 -0.157469 -0.0993326 0.340864
11.0937 7.55756 -6.59152 0.803223 -0.140872 0.343433 0.465878 0.204477 -0.17385 0.0072427 -0.157469 -0.0993326 0.340864
11.1498 7.56329 -6.5377 0.806528 -0.159258 0.342427 0.454854 0.254053 0.14581 0.0991253 -0.0480942 -0.064624 0.340864
11.217 7.56655 -6.47096 0.809454 -0.177568 0.34126 0.443617 0.303629 0.14581 0.0991253 -0.0480942 -0.064624 0.340864
11.295 7.566 -6.39102 0.811997 -0.195796 0.339932 0.43217 0.353204 0.14581 0.0991253 -0.0480942 -0.064624 0.340864
11.3831 7.5603 -6.29767 0.814158 -0.21393 0.338443 0.42052 0.40278 0.14581 0.0991253 -0.0480942 -0.064624 0.340864
11.4809 7.54811 -6.19077 0.815935 -0.231964 0.336795 0.408671 0.452355 0.14581 0.0991253 -0.0480942 -0.064624 0.340864
11.5602 7.53669 -6.10368 0.807688 -0.230555 0.329554 0.431137 0.244097 -0.612524 -0.120578 0.0524651 -0.066414 0.340864
11.5926 7.53275 -6.06904 0.798934 -0.229002 0.322106 0.453333 0.0358391 -0.612524 -0.120578 0.0524651 -0.066414 0.340864
11.6319 7.52749 -6.02536 0.795361 -0.247401 0.335686 0.439895 0.310866 0.808901 0.0702015 -0.137772 -0.0296146 0.340864
11.6996 7.5135 -5.95005 0.803828 -0.272278 0.300425 0.435282 0.290712 -0.0592754 0.143979 0.110636 -0.186259 0.340864
11.7643 7.49304 -5.88301 0.810723 -0.296623 0.264578 0.429817 0.270558 -0.0592754 0.143979 0.110636 -0.186259 0.340864
11.8252 7.46725 -5.82416 0.816032 -0.320388 0.228213 0.423511 0.250405 -0.0592754 0.143979 0.110636 -0.186259 0.340864
11.8817 7.43731 -5.7733 0.819747 -0.343526 0.191401 0.416378 0.230251 -0.0592754 0.143979 0.110636 -0.186259 0.340864
11.9332 7.40442 -5.73012 0.821858 -0.365993 0.154216 0.408431 0.210097 -0.0592754 0.143979 0.110636 -0.186259 0.340864
11.9793 7.36975 -5.69422 0.822363 -0.387744 0.116729 0.399685 0.189944 -0.0592754 0.143979 0.110636 -0.186259 0.340864
12.0199 7.33448 -5.66511 0.82126 -0.408737 0.0790139 0.390157 0.16979 -0.0592754 0.143979 0.110636 -0.186259 0.340864
12.0437 7.31317 -5.6494 0.839586 -0.385139 0.0855962 0.373412 0.0394068 -0.38348 0.0961799 -0.00938758 0.180986 0.340864
12.0513 7.3064 -5.64491 0.839587 -0.398383 0.046898 0.366314 0.0261877 -0.0388798 0.129435 0.145992 -0.146876 0.340864
12.0558 7.30203 -5.64262 0.838141 -0.41094 0.00811888 0.358584 0.0129686 -0.0388798 0.129435 0.145992 -0.146876 0.340864
12.0903 7.26599 -5.62512 0.83118 -0.418988 0.0222963 0.364817 0.298189 0.838884 -0.0793037 -0.0721422 -0.0268962 0.340864
12.1332 7.21976 -5.6043 0.832097 -0.423387 -0.0188759 0.357773 0.0924476 -0.605123 0.138503 0.174672 -0.10671 0.340864
12.1553 7.19426 -5.59637 0.836874 -0.422919 -0.0607651 0.342183 0.111725 0.0566983 0.190804 0.166717 -0.0757306 0.340864
12.1813 7.16277 -5.59042 0.839959 -0.421597 -0.102532 0.325901 0.131002 0.0566983 0.190804 0.166717 -0.0757306 0.340864
12.2107 7.1252 -5.58762 0.841347 -0.419423 -0.144091 0.308961 0.15028 0.0566983 0.190804 0.166717 -0.0757306 0.340864
12.2431 7.08158 -5.58909 0.841035 -0.416402 -0.185359 0.291396 0.169557 0.0566983 0.190804 0.166717 -0.0757306 0.340864
12.2779 7.03206 -5.59595 0.839023 -0.412539 -0.226252 0.273242 0.188835 0.0566983 0.190804 0.166717 -0.0757306 0.340864
12.3144 6.97693 -5.60923 0.835316 -0.407842 -0.266689 0.254537 0.208112 0.0566983 0.190804 0.166717 -0.0757306 0.340864
12.349 6.9252 -5.62243 0.843814 -0.407642 -0.230095 0.262416 0.166012 -0.123825 -0.113495 -0.173977 0.0885415 0.340864
12.3774 6.8856 -5.6295 0.851069 -0.406841 -0.193163 0.269908 0.123911 -0.123825 -0.113495 -0.173977 0.0885415 0.340864
12.4323 6.80744 -5.63893 0.843484 -0.432871 -0.186261 0.257806 0.440608 0.93146 0.00244899 -0.0962425 -0.151276 0.340864
12.4904 6.71959 -5.64795 0.832298 -0.438139 -0.193521 0.279042 0.181189 -0.762997 -0.109624 0.0943751 -0.0423723 0.340864
12.5302 6.65529 -5.65163 0.816899 -0.459034 -0.181493 0.298369 0.264463 0.244926 -0.174722 -0.0258495 -0.100264 0.340864
12.582 6.56502 -5.65095 0.800526 -0.479383 -0.169249 0.317341 0.347738 0.244926 -0.174722 -0.0258495 -0.100264 0.340864
12.6439 6.4483 -5.64267 0.783199 -0.499159 -0.156802 0.335934 0.431013 0.244926 -0.174722 -0.0258495 -0.100264 0.340864
12.6928 6.34934 -5.63118 0.757023 -0.506921 -0.171254 0.374993 0.222037 -0.614633 -0.19648 0.190149 -0.105192 0.340864
12.7096 6.31344 -5.62589 0.728969 -0.513425 -0.185281 0.413122 0.013062 -0.614633 -0.19648 0.190149 -0.105192 0.340864
12.715 6.3023 -5.62362 0.740196 -0.505246 -0.150881 0.417219 0.0609906 0.140966 -0.0852828 -0.127525 0.157079 0.340864
12.7284 6.27754 -5.61718 0.750392 -0.496363 -0.11627 0.420734 0.108919 0.140966 -0.0852828 -0.127525 0.157079 0.340864
12.7509 6.24027 -5.60511 0.759542 -0.486788 -0.0814981 0.423664 0.156848 0.140966 -0.0852828 -0.127525 0.157079 0.340864
12.7833 6.19175 -5.58589 0.767635 -0.476535 -0.0466123 0.426003 0.204776 0.140966 -0.0852828 -0.127525 0.157079 0.340864
12.8265 6.13335 -5.55804 0.774658 -0.465618 -0.0116616 0.427749 0.252705 0.140966 -0.0852828 -0.127525 0.157079 0.340864
12.8808 6.06659 -5.52006 0.780602 -0.454053 0.0233054 0.428899 0.300633 0.140966 -0.0852828 -0.127525 0.157079 0.340864
12.9464 5.99307 -5.4705 0.785458 -0.441855 0.0582399 0.429451 0.348562 0.140966 -0.0852828 -0.127525 0.157079 0.340864
13.0092 5.92103 -5.42069 0.781972 -0.467144 0.0441646 0.4103 0.285218 -0.186305 0.12495 -0.0498321 -0.154932 0.340864
13.0555 5.85921 -5.38256 0.777534 -0.491864 0.0300355 0.39065 0.221875 -0.186305 0.12495 -0.0498321 -0.154932 0.340864
13.0874 5.80991 -5.35541 0.772151 -0.515987 0.0158699 0.370525 0.158531 -0.186305 0.12495 -0.0498321 -0.154932 0.340864
13.1175 5.75704 -5.32641 0.75044 -0.533432 0.0230431 0.389562 0.238093 0.234006 -0.153961 -0.0148528 -0.131303 0.340864
13.1563 5.68338 -5.28175 0.727837 -0.550243 0.0301889 0.408136 0.317656 0.234006 -0.153961 -0.0148528 -0.131303 0.340864
13.2017 5.58964 -5.21916 0.704368 -0.566399 0.0372988 0.426224 0.397218 0.234006 -0.153961 -0.0148528 -0.131303 0.340864
13.2517 5.47684 -5.13643 0.680061 -0.581882 0.0443643 0.443805 0.47678 0.234006 -0.153961 -0.0148528 -0.131303 0.340864
13.2936 5.38645 -5.07027 0.705062 -0.551727 0.0218036 0.444982 0.227022 -0.734583 0.129959 0.179587 0.147051 0.340864
13.3259 5.32525 -5.03007 0.721917 -0.540702 0.0115019 0.431676 0.243594 0.0487426 0.131338 0.0305652 0.0751764 0.340864
13.3625 5.2588 -4.99036 0.738275 -0.529305 0.00119232 0.418073 0.260166 0.0487426 0.131338 0.0305652 0.0751764 0.340864
13.4037 5.1872 -4.95163 0.754124 -0.517543 -0.00911808 0.404182 0.276739 0.0487426 0.131338 0.0305652 0.0751764 0.340864
13.4499 5.11058 -4.91439 0.769454 -0.505425 -0.0194222 0.390012 0.293311 0.0487426 0.131338 0.0305652 0.0751764 0.340864
13.5012 5.02911 -4.87913 0.784253 -0.492959 -0.0297129 0.375574 0.309884 0.0487426 0.131338 0.0305652 0.0751764 0.340864
13.5715 4.92846 -4.84134 0.801742 -0.457067 -0.0509111 0.381716 0.445922 0.400113 0.0780739 0.191904 0.170589 0.340864
13.6631 4.80728 -4.80554 0.812163 -0.441717 -0.0841185 0.371754 0.472307 0.0776029 0.164301 0.161215 0.0228694 0.340864
13.7627 4.67813 -4.78027 0.821328 -0.425684 -0.117196 0.361218 0.498692 0.0776029 0.164301 0.161215 0.0228694 0.340864
13.8436 4.57826 -4.76882 0.833938 -0.397029 -0.136865 0.358027 0.260724 -0.699907 0.111239 0.139263 0.126054 0.340864
13.8754 4.54209 -4.76715 0.845399 -0.367828 -0.156345 0.354343 0.0227555 -0.699907 0.111239 0.139263 0.126054 0.340864
13.8967 4.51857 -4.76863 0.850303 -0.366428 -0.184546 0.329634 0.163983 0.415373 0.19545 0.0852059 -0.0639542 0.340864
13.9488 4.45882 -4.77741 0.853988 -0.364505 -0.212483 0.304453 0.305209 0.415373 0.19545 0.0852059 -0.0639542 0.340864
14.0296 4.36254 -4.80007 0.856451 -0.362059 -0.240116 0.278835 0.446436 0.415373 0.19545 0.0852059 -0.0639542 0.340864
14.1213 4.24382 -4.8294 0.843132 -0.395995 -0.234135 0.278384 0.452962 0.0191914 -0.0802632 -0.0679582 -0.190207 0.340864
14.207 4.11685 -4.85372 0.828661 -0.429391 -0.227834 0.277553 0.459487 0.0191914 -0.0802632 -0.0679582 -0.190207 0.340864
14.2859 3.98211 -4.87286 0.81306 -0.4622 -0.221222 0.276343 0.466012 0.0191914 -0.0802632 -0.0679582 -0.190207 0.340864
14.3572 3.84012 -4.88673 0.796348 -0.494379 -0.214308 0.274756 0.472537 0.0191914 -0.0802632 -0.0679582 -0.190207 0.340864
14.4204 3.69147 -4.89523 0.77855 -0.525883 -0.207102 0.272793 0.479062 0.0191914 -0.0802632 -0.0679582 -0.190207 0.340864
14.4747 3.53678 -4.8983 0.759689 -0.556669 -0.199613 0.270458 0.485587 0.0191914 -0.0802632 -0.0679582 -0.190207 0.340864
14.5194 3.37677 -4.89594 0.73979 -0.586695 -0.191852 0.267754 0.492112 0.0191914 -0.0802632 -0.0679582 -0.190207 0.340864
14.5541 3.21218 -4.88817 0.718882 -0.61592 -0.183829 0.264685 0.498637 0.0191914 -0.0802632 -0.0679582 -0.190207 0.340864
14.579 3.04928 -4.8772 0.707157 -0.636642 -0.176592 0.251854 0.472929 -0.0756109 -0.0126259 -0.0966876 -0.132731 0.340864
14.5952 2.89415 -4.86549 0.694879 -0.656865 -0.169216 0.238826 0.447222 -0.0756109 -0.0126259 -0.0966876 -0.132731 0.340864
14.6035 2.74721 -4.85342 0.682055 -0.676573 -0.161709 0.22561 0.421514 -0.0756109 -0.0126259 -0.0966876 -0.132731 0.340864
14.6075 2.65024 -4.84799 0.689695 -0.65767 -0.203021 0.224886 0.150409 -0.797367 0.195515 0.180752 0.0507501 0.340864
14.6099 2.58192 -4.84861 0.679988 -0.659017 -0.234701 0.21961 0.25177 0.29812 0.129536 0.117949 -0.0912445 0.340864
14.6103 2.47925 -4.85408 0.669514 -0.659621 -0.266116 0.214087 0.353131 0.29812 0.129536 0.117949 -0.0912445 0.340864
14.6063 2.34267 -4.86729 0.658285 -0.659481 -0.297232 0.208322 0.454491 0.29812 0.129536 0.117949 -0.0912445 0.340864
14.6017 2.20603 -4.88466 0.671661 -0.650058 -0.294245 0.199289 0.356198 -0.289097 0.0562651 -0.0584494 0.0762455 0.340864
14.6012 2.10275 -4.89982 0.684795 -0.640402 -0.291154 0.190184 0.257905 -0.289097 0.0562651 -0.0584494 0.0762455 0.340864
14.6029 2.03275 -4.91144 0.697685 -0.630517 -0.287958 0.181011 0.159612 -0.289097 0.0562651 -0.0584494 0.0762455 0.340864
14.6048 1.99586 -4.91824 0.710324 -0.620405 -0.284658 0.171773 0.0613192 -0.289097 0.0562651 -0.0584494 0.0762455 0.340864
14.6068 1.96022 -4.92428 0.70137 -0.638838 -0.264045 0.173915 0.151705 0.265841 -0.124107 -0.0819558 -0.0852958 0.340864
14.6088 1.89384 -4.93266 0.691819 -0.656728 -0.243208 0.175909 0.242091 0.265841 -0.124107 -0.0819558 -0.0852958 0.340864
14.6094 1.79651 -4.94078 0.681681 -0.674061 -0.222163 0.177754 0.332477 0.265841 -0.124107 -0.0819558 -0.0852958 0.340864
14.6066 1.66826 -4.94612 0.670964 -0.69082 -0.20093 0.179448 0.422863 0.265841 -0.124107 -0.0819558 -0.0852958 0.340864
14.6017 1.57805 -4.94928 0.657951 -0.704027 -0.213517 0.160803 0.108962 -0.923238 0.0954023 -0.0246541 -0.140348 0.340864
14.5978 1.48908 -4.95422 0.68073 -0.681924 -0.208791 0.167308 0.415724 0.90224 0.00456058 0.000949388 0.192557 0.340864
14.592 1.3491 -4.96441 0.67144 -0.70102 -0.202194 0.129836 0.410734 -0.014674 0.0910198 -0.18417 -0.153311 0.340864
14.5799 1.21165 -4.9793 0.660874 -0.718784 -0.195214 0.0921173 0.405745 -0.014674 0.0910198 -0.18417 -0.153311 0.340864
14.562 1.07719 -4.99913 0.649054 -0.735184 -0.187862 0.0542237 0.400756 -0.014674 0.0910198 -0.18417 -0.153311 0.340864
14.5388 0.946159 -5.02409 0.636002 -0.750189 -0.180154 0.0162272 0.395767 -0.014674 0.0910198 -0.18417 -0.153311 0.340864
14.5109 0.818939 -5.05429 0.621742 -0.763768 -0.172104 -0.0218002 0.390778 -0.014674 0.0910198 -0.18417 -0.153311 0.340864
14.4789 0.695896 -5.08982 0.606301 -0.775898 -0.163727 -0.0597861 0.385789 -0.014674 0.0910198 -0.18417 -0.153311 0.340864
14.4477 0.571305 -5.13245 0.624089 -0.759473 -0.159353 -0.0912187 0.410513 0.0727184 0.101732 -0.182016 0.107981 0.340864
14.4223 0.439578 -5.18411 0.640881 -0.741838 -0.154726 -0.122506 0.435237 0.0727184 0.101732 -0.182016 0.107981 0.340864
14.4041 0.301323 -5.24498 0.656653 -0.723021 -0.149851 -0.153598 0.459962 0.0727184 0.101732 -0.182016 0.107981 0.340864
14.3905 0.183405 -5.29543 0.648105 -0.739364 -0.122023 -0.135687 0.298896 -0.473722 -0.194267 -0.00901571 -0.108868 0.340864
14.3803 0.114141 -5.32008 0.638626 -0.754646 -0.0940199 -0.117582 0.137831 -0.473722 -0.194267 -0.00901571 -0.108868 0.340864
14.3712 0.0672879 -5.33365 0.62234 -0.772538 -0.0834491 -0.0944151 0.154063 0.0477424 -0.132612 0.0845283 -0.134032 0.340864
14.3584 0.015127 -5.34604 0.605286 -0.789476 -0.0727753 -0.0711317 0.170295 0.0477424 -0.132612 0.0845283 -0.134032 0.340864
14.3413 -0.0420899 -5.35665 0.587486 -0.80544 -0.0620117 -0.0477607 0.186528 0.0477424 -0.132612 0.0845283 -0.134032 0.340864
14.3196 -0.104038 -5.36483 0.56896 -0.820411 -0.0511717 -0.0243307 0.20276 0.0477424 -0.132612 0.0845283 -0.134032 0.340864
14.2928 -0.170319 -5.36997 0.549733 -0.834369 -0.0402685 -0.000870672 0.218993 0.0477424 -0.132612 0.0845283 -0.134032 0.340864
14.2606 -0.240469 -5.37144 0.529827 -0.847298 -0.0293156 0.0225904 0.235225 0.0477424 -0.132612 0.0845283 -0.134032 0.340864
14.2227 -0.313956 -5.36861 0.509268 -0.859181 -0.0183265 0.0460236 0.251458 0.0477424 -0.132612 0.0845283 -0.134032 0.340864
14.1789 -0.390185 -5.36091 0.488081 -0.870004 -0.00731487 0.0694001 0.26769 0.0477424 -0.132612 0.0845283 -0.134032 0.340864
14.1093 -0.49553 -5.34873 0.458369 -0.887776 0.0088475 0.0409156 0.478639 0.620439 -0.0138322 -0.198229 -0.19778 0.340864
14.0255 -0.614243 -5.33911 0.460121 -0.887221 -0.00824646 0.0325365 0.378095 -0.295718 0.11226 0.0025575 0.00696765 0.340864
13.9616 -0.705458 -5.33514 0.461705 -0.886343 -0.0253374 0.0241454 0.277551 -0.295718 0.11226 0.0025575 0.00696765 0.340864
13.9174 -0.76886 -5.33475 0.46312 -0.88514 -0.0424191 0.0157456 0.177006 -0.295718 0.11226 0.0025575 0.00696765 0.340864
13.8929 -0.804255 -5.33581 0.464366 -0.883613 -0.0594852 0.00734 0.0764622 -0.295718 0.11226 0.0025575 0.00696765 0.340864
13.8658 -0.844647 -5.33744 0.476258 -0.87725 -0.0578789 0.0161206 0.20953 0.391376 -0.0295955 0.0373663 0.0823366 0.340864
13.8158 -0.924027 -5.33918 0.488026 -0.870659 -0.0562574 0.0248969 0.342598 0.391376 -0.0295955 0.0373663 0.0823366 0.340864
13.7449 -1.04369 -5.33968 0.499665 -0.863839 -0.0546212 0.0336668 0.475666 0.391376 -0.0295955 0.0373663 0.0823366 0.340864
13.6791 -1.16159 -5.33524 0.509208 -0.857085 -0.0439541 0.064653 0.319059 -0.460608 -0.141247 0.124397 0.0804254 0.340864
13.6414 -1.23382 -5.32757 0.518134 -0.849294 -0.0332338 0.0955609 0.162453 -0.460608 -0.141247 0.124397 0.0804254 0.340864
13.629 -1.25923 -5.32331 0.526433 -0.840475 -0.0224732 0.126353 0.00584613 -0.460608 -0.141247 0.124397 0.0804254 0.340864
13.6266 -1.26421 -5.32224 0.527294 -0.841974 7.75765e-05 0.114193 0.0271076 0.0625338 -0.0734005 -0.131196 0.0147673 0.340864
13.6213 -1.27559 -5.31975 0.527808 -0.842919 0.0226283 0.101957 0.0483691 0.0625338 -0.0734005 -0.131196 0.0147673 0.340864
13.6127 -1.29331 -5.31579 0.527973 -0.843307 0.0451642 0.0896543 0.0696306 0.0625338 -0.0734005 -0.131196 0.0147673 0.340864
13.5931 -1.3365 -5.30803 0.547071 -0.834312 0.0447721 0.0513001 0.213287 0.422518 0.128786 -0.179283 0.132704 0.340864
13.5646 -1.40323 -5.29704 0.551743 -0.829816 0.0355419 0.0756363 0.218389 0.0150055 -0.0327943 0.151744 0.0282036 0.340864
13.5367 -1.47167 -5.28355 0.556018 -0.824724 0.0262861 0.0999181 0.223491 0.0150055 -0.0327943 0.151744 0.0282036 0.340864
13.5226 -1.50889 -5.27505 0.57234 -0.81123 0.0553681 0.106149 0.0160622 -0.610083 -0.153992 -0.0544483 0.139476 0.340864
13.5073 -1.55195 -5.26194 0.565131 -0.810325 0.056739 0.144155 0.263516 0.727805 -0.139327 0.175006 -0.0428864 0.340864
13.4807 -1.63036 -5.23493 0.580837 -0.797389 0.0983355 0.130881 0.248805 -0.0432675 -0.145205 -0.18541 0.157629 0.340864
13.4579 -1.70423 -5.20734 0.595194 -0.782602 0.139704 0.117304 0.234094 -0.0432675 -0.145205 -0.18541 0.157629 0.340864
13.4386 -1.77337 -5.17929 0.608171 -0.766 0.180748 0.103454 0.219383 -0.0432675 -0.145205 -0.18541 0.157629 0.340864
13.4222 -1.8376 -5.15096 0.619736 -0.74762 0.221373 0.0893647 0.204672 -0.0432675 -0.145205 -0.18541 0.157629 0.340864
13.4084 -1.8968 -5.12258 0.629863 -0.727505 0.261484 0.0750678 0.189961 -0.0432675 -0.145205 -0.18541 0.157629 0.340864
13.3968 -1.95089 -5.09439 0.638529 -0.705702 0.300988 0.0605967 0.17525 -0.0432675 -0.145205 -0.18541 0.157629 0.340864
13.3872 -1.99985 -5.06668 0.645713 -0.682261 0.339794 0.045985 0.160539 -0.0432675 -0.145205 -0.18541 0.157629 0.340864
13.3751 -2.06568 -5.02869 0.649917 -0.678302 0.341311 0.031951 0.292149 0.387086 0.0404413 -0.0526125 0.0603765 0.340864
13.357 -2.17095 -4.97037 0.65397 -0.674185 0.342749 0.0179096 0.423758 0.387086 0.0404413 -0.0526125 0.0603765 0.340864
13.3431 -2.26789 -4.91479 0.670197 -0.650749 0.355415 0.0322949 0.238726 -0.544212 -0.151141 0.0435164 0.126862 0.340864
13.3377 -2.31925 -4.88267 0.680451 -0.630849 0.371851 0.0272754 0.119025 -0.352061 -0.082794 -0.0587992 0.131338 0.340864
13.3336 -2.35523 -4.8585 0.661551 -0.645984 0.376995 0.0541225 0.137192 0.0534296 -0.0964989 0.0352718 -0.188658 0.340864
13.3265 -2.39501 -4.8295 0.641769 -0.660259 0.381638 0.0808975 0.155358 0.0534296 -0.0964989 0.0352718 -0.188658 0.340864
13.3162 -2.43805 -4.79536 0.621131 -0.673652 0.385771 0.107565 0.173524 0.0534296 -0.0964989 0.0352718 -0.188658 0.340864
13.3022 -2.48376 -4.75575 0.599665 -0.686148 0.38939 0.134088 0.19169 0.0534296 -0.0964989 0.0352718 -0.188658 0.340864
13.2842 -2.53148 -4.71041 0.577399 -0.697728 0.392489 0.160433 0.209856 0.0534296 -0.0964989 0.0352718 -0.188658 0.340864
13.2619 -2.58053 -4.65904 0.554363 -0.708378 0.395065 0.186564 0.228022 0.0534296 -0.0964989 0.0352718 -0.188658 0.340864
13.2351 -2.63015 -4.60143 0.530588 -0.718083 0.397115 0.212446 0.246188 0.0534296 -0.0964989 0.0352718 -0.188658 0.340864
13.2038 -2.67958 -4.53735 0.506105 -0.726831 0.398635 0.238045 0.264354 0.0534296 -0.0964989 0.0352718 -0.188658 0.340864
13.1616 -2.73882 -4.45996 0.489808 -0.752939 0.377219 0.22556 0.360589 0.283044 0.167177 -0.0644124 -0.148156 0.340864
13.1003 -2.81895 -4.36445 0.472746 -0.777871 0.355213 0.212723 0.456824 0.283044 0.167177 -0.0644124 -0.148156 0.340864
13.0383 -2.89945 -4.27691 0.482825 -0.778822 0.352118 0.190602 0.332074 -0.366911 0.090287 -0.0727492 0.0858362 0.340864
12.9961 -2.95749 -4.2198 0.492614 -0.779304 0.348811 0.168366 0.207325 -0.366911 0.090287 -0.0727492 0.0858362 0.340864
12.9737 -2.99021 -4.1906 0.502107 -0.779317 0.345295 0.146028 0.082575 -0.366911 0.090287 -0.0727492 0.0858362 0.340864
12.9473 -3.02826 -4.15642 0.495231 -0.769298 0.372752 0.154867 0.255924 0.509849 -0.178263 -0.0459485 0.0037061 0.340864
12.893 -3.10124 -4.08369 0.487869 -0.758524 0.399844 0.163553 0.429273 0.509849 -0.178263 -0.0459485 0.0037061 0.340864
12.8184 -3.18944 -3.98567 0.46209 -0.759313 0.424309 0.172854 0.462091 0.0965244 -0.158834 -0.090124 -0.115653 0.340864
12.7416 -3.27687 -3.87947 0.484767 -0.737124 0.432682 0.185567 0.464703 0.00768297 -0.104301 0.113208 0.138413 0.340864
12.6728 -3.36433 -3.76675 0.506844 -0.714022 0.44052 0.19805 0.467315 0.00768297 -0.104301 0.113208 0.138413 0.340864
12.6121 -3.45122 -3.64779 0.528293 -0.690036 0.447812 0.210288 0.469927 0.00768297 -0.104301 0.113208 0.138413 0.340864
12.5593 -3.53506 -3.53458 0.539042 -0.68802 0.448485 0.18688 0.415255 -0.160802 0.078003 -0.0663033 0.112406 0.340864
12.5136 -3.61289 -3.4384 0.549431 -0.685543 0.448858 0.163347 0.360582 -0.160802 0.078003 -0.0663033 0.112406 0.340864
12.4752 -3.68338 -3.35846 0.559453 -0.682609 0.448932 0.139705 0.30591 -0.160802 0.078003 -0.0663033 0.112406 0.340864
12.4452 -3.7341 -3.29924 0.529017 -0.685744 0.471631 0.165712 0.185635 -0.353748 -0.193534 -0.0532461 -0.18262 0.340864
12.4279 -3.75708 -3.26773 0.497455 -0.68742 0.493327 0.191366 0.0653608 -0.353748 -0.193534 -0.0532461 -0.18262 0.340864
12.4163 -3.76969 -3.24683 0.487633 -0.676548 0.507442 0.216792 0.0938197 0.0837026 -0.174111 0.0452576 -0.0658106 0.340864
12.4005 -3.78476 -3.21727 0.477295 -0.66496 0.521018 0.241989 0.122279 0.0837026 -0.174111 0.0452576 -0.0658106 0.340864
12.3808 -3.80111 -3.17858 0.46645 -0.652666 0.534042 0.266928 0.150737 0.0837026 -0.174111 0.0452576 -0.0658106 0.340864
12.3573 -3.81754 -3.13039 0.455111 -0.63968 0.5465 0.291585 0.179196 0.0837026 -0.174111 0.0452576 -0.0658106 0.340864
12.3302 -3.83281 -3.07244 0.443289 -0.626015 0.558378 0.315933 0.207655 0.0837026 -0.174111 0.0452576 -0.0658106 0.340864
12.2999 -3.84567 -3.0046 0.430997 -0.611687 0.569664 0.339945 0.236114 0.0837026 -0.174111 0.0452576 -0.0658106 0.340864
12.2665 -3.85486 -2.92684 0.418248 -0.596711 0.580346 0.363597 0.264573 0.0837026 -0.174111 0.0452576 -0.0658106 0.340864
12.2306 -3.85912 -2.83924 0.405056 -0.581101 0.590413 0.386864 0.293032 0.0837026 -0.174111 0.0452576 -0.0658106 0.340864
12.1924 -3.85723 -2.74203 0.391434 -0.564876 0.599853 0.40972 0.321491 0.0837026 -0.174111 0.0452576 -0.0658106 0.340864
12.1571 -3.8495 -2.64087 0.408622 -0.524565 0.612195 0.427874 0.31064 -0.0319151 -0.183694 0.189783 0.115661 0.340864
12.1289 -3.83713 -2.54179 0.424829 -0.482995 0.623066 0.445001 0.299789 -0.0319151 -0.183694 0.189783 0.115661 0.340864
12.1074 -3.82015 -2.44556 0.440014 -0.440265 0.63244 0.461058 0.288937 -0.0319151 -0.183694 0.189783 0.115661 0.340864
12.0918 -3.79873 -2.3529 0.454143 -0.396476 0.640294 0.476008 0.278086 -0.0319151 -0.183694 0.189783 0.115661 0.340864
12.0817 -3.77306 -2.26441 0.467181 -0.351736 0.646611 0.489814 0.267235 -0.0319151 -0.183694 0.189783 0.115661 0.340864
12.0764 -3.74345 -2.18066 0.479097 -0.30615 0.651374 0.502444 0.256384 -0.0319151 -0.183694 0.189783 0.115661 0.340864
12.0752 -3.71022 -2.1021 0.489862 -0.259829 0.654573 0.513866 0.245533 -0.0319151 -0.183694 0.189783 0.115661 0.340864
12.0776 -3.67377 -2.02911 0.499449 -0.212884 0.656199 0.524055 0.234682 -0.0319151 -0.183694 0.189783 0.115661 0.340864
12.0827 -3.63455 -1.96197 0.507838 -0.165428 0.656249 0.532984 0.223831 -0.0319151 -0.183694 0.189783 0.115661 0.340864
12.0901 -3.59303 -1.90087 0.515006 -0.117574 0.654722 0.540633 0.21298 -0.0319151 -0.183694 0.189783 0.115661 0.340864
12.0939 -3.57047 -1.87043 0.493707 -0.12262 0.670772 0.539706 0.0110407 -0.593938 -0.0566002 -0.147354 0.0245946 0.340864
12.0949 -3.56065 -1.85664 0.497489 -0.14619 0.67254 0.528037 0.0886793 0.228349 0.137637 -0.0734665 -0.0140642 0.340864
12.0968 -3.53711 -1.8203 0.500919 -0.169655 0.673832 0.515993 0.166318 0.228349 0.137637 -0.0734665 -0.0140642 0.340864
12.0985 -3.50195 -1.76009 0.503993 -0.193001 0.674645 0.503583 0.243957 0.228349 0.137637 -0.0734665 -0.0140642 0.340864
12.0989 -3.45741 -1.6749 0.506709 -0.21621 0.674981 0.490816 0.321595 0.228349 0.137637 -0.0734665 -0.0140642 0.340864
12.097 -3.40574 -1.56382 0.509067 -0.239265 0.674837 0.4777 0.399234 0.228349 0.137637 -0.0734665 -0.0140642 0.340864
12.0916 -3.34929 -1.42611 0.511063 -0.262151 0.674216 0.464247 0.476872 0.228349 0.137637 -0.0734665 -0.0140642 0.340864
12.0854 -3.29337 -1.28271 0.52333 -0.240326 0.677732 0.457218 0.429298 -0.139924 -0.0373555 0.0868514 0.122018 0.340864
12.0815 -3.2419 -1.15487 0.535236 -0.218336 0.680782 0.449875 0.381724 -0.139924 -0.0373555 0.0868514 0.122018 0.340864
12.0795 -3.19514 -1.04253 0.546774 -0.196196 0.683363 0.442223 0.33415 -0.139924 -0.0373555 0.0868514 0.122018 0.340864
12.0789 -3.15342 -0.945606 0.557936 -0.17392 0.685473 0.434265 0.286576 -0.139924 -0.0373555 0.0868514 0.122018 0.340864
12.0793 -3.11706 -0.863994 0.568713 -0.151525 0.687111 0.426009 0.239002 -0.139924 -0.0373555 0.0868514 0.122018 0.340864
12.0804 -3.08641 -0.79756 0.579099 -0.129025 0.688277 0.417459 0.191427 -0.139924 -0.0373555 0.0868514 0.122018 0.340864
12.0817 -3.06183 -0.74615 0.589086 -0.106436 0.688968 0.408622 0.143853 -0.139924 -0.0373555 0.0868514 0.122018 0.340864
12.083 -3.04373 -0.709586 0.598667 -0.0837743 0.689185 0.399504 0.0962791 -0.139924 -0.0373555 0.0868514 0.122018 0.340864
12.084 -3.03248 -0.687674 0.607836 -0.0610547 0.688928 0.39011 0.048705 -0.139924 -0.0373555 0.0868514 0.122018 0.340864
12.0888 -2.99956 -0.626186 0.622531 -0.0444221 0.675311 0.392985 0.362579 0.92316 -0.0390761 0.147456 0.021851 0.340864
12.097 -2.93269 -0.506634 0.60739 -0.0315296 0.693151 0.386815 0.444745 0.241664 -0.0682917 -0.0973005 0.109021 0.340864
12.1004 -2.88255 -0.417335 0.592953 -0.0687915 0.693877 0.402752 0.158011 -0.843337 0.0620241 -0.143328 -0.199203 0.340864
12.1033 -2.84566 -0.352993 0.607387 -0.0243173 0.689565 0.393687 0.278644 0.354803 -0.114011 0.175715 0.187825 0.340864
12.1098 -2.78428 -0.255689 0.620432 0.0202127 0.683677 0.383721 0.399277 0.354803 -0.114011 0.175715 0.187825 0.340864
12.1149 -2.73145 -0.174623 0.621475 0.0276875 0.693292 0.363797 0.170682 -0.672337 0.0461568 -0.0116518 0.128996 0.340864
12.1208 -2.67454 -0.0883713 0.624451 0.030741 0.680879 0.381471 0.438206 0.786836 -0.0727262 0.0611722 -0.0879707 0.340864
12.1295 -2.58769 0.0345689 0.601223 0.0331099 0.690215 0.401295 0.448785 0.0311139 -0.132761 -0.125615 -0.0455532 0.340864
12.1345 -2.49329 0.156601 0.577379 0.0354449 0.698844 0.420707 0.459364 0.0311139 -0.132761 -0.125615 -0.0455532 0.340864
12.136 -2.39119 0.277132 0.552943 0.0377435 0.706756 0.439688 0.469942 0.0311139 -0.132761 -0.125615 -0.0455532 0.340864
12.134 -2.28131 0.395558 0.52794 0.0400035 0.713943 0.458218 0.480521 0.0311139 -0.132761 -0.125615 -0.0455532 0.340864
12.1287 -2.16358 0.511269 0.502396 0.0422224 0.720399 0.476279 0.4911 0.0311139 -0.132761 -0.125615 -0.0455532 0.340864
12.1233 -2.06264 0.60486 0.499477 0.0445791 0.718237 0.48236 0.319241 -0.505466 -0.0366727 -0.000886215 -0.0241377 0.340864
12.1207 -2.00384 0.658042 0.496531 0.0469334 0.716035 0.488414 0.147383 -0.505466 -0.0366727 -0.000886215 -0.0241377 0.340864
12.1202 -1.94867 0.70461 0.497669 0.0678421 0.699959 0.50772 0.277401 0.382406 -0.145648 0.106508 -0.0667573 0.340864
12.1239 -1.85621 0.775226 0.498276 0.0886783 0.683135 0.526483 0.407419 0.382406 -0.145648 0.106508 -0.0667573 0.340864
12.1296 -1.76773 0.837675 0.490675 0.0993245 0.680646 0.534878 0.230566 -0.520157 -0.0922273 0.00534646 -0.00627458 0.340864
12.1322 -1.7275 0.864319 0.482953 0.109946 0.677988 0.54314 0.053712 -0.520157 -0.0922273 0.00534646 -0.00627458 0.340864
12.133 -1.71086 0.874404 0.482128 0.148602 0.682671 0.528611 0.0608247 0.0209196 -0.112532 0.116334 0.18331 0.340864
12.1331 -1.69171 0.884997 0.480469 0.187001 0.686176 0.51317 0.0679374 0.0209196 -0.112532 0.116334 0.18331 0.340864
12.1324 -1.67002 0.895951 0.47798 0.225077 0.688494 0.496841 0.07505 0.0209196 -0.112532 0.116334 0.18331 0.340864
12.1311 -1.65114 0.90496 0.479744 0.246011 0.690073 0.482829 0.0482371 -0.0788617 -0.0381453 0.0824432 0.117903 0.340864
12.1301 -1.64045 0.909939 0.481199 0.266788 0.691211 0.468507 0.0214241 -0.0788617 -0.0381453 0.0824432 0.117903 0.340864
12.1273 -1.59001 0.931632 0.499477 0.282631 0.658372 0.487021 0.302046 0.825359 -0.118025 0.18194 -0.149666 0.340864
12.1275 -1.498 0.970691 0.510098 0.257531 0.646525 0.505454 0.286019 -0.0471388 0.0537905 -0.0266185 -0.196774 0.340864
12.1331 -1.41189 1.00923 0.520096 0.232115 0.633887 0.523269 0.269992 -0.0471388 0.0537905 -0.0266185 -0.196774 0.340864
12.1435 -1.33195 1.04709 0.529457 0.206416 0.620474 0.540445 0.253965 -0.0471388 0.0537905 -0.0266185 -0.196774 0.340864
12.1579 -1.25838 1.08411 0.53817 0.180465 0.606302 0.556959 0.237937 -0.0471388 0.0537905 -0.0266185 -0.196774 0.340864
12.1756 -1.19128 1.12009 0.546226 0.154292 0.591388 0.572792 0.22191 -0.0471388 0.0537905 -0.0266185 -0.196774 0.340864
12.196 -1.11832 1.1597 0.541759 0.169361 0.599009 0.564803 0.280973 0.173714 -0.0348865 0.0180006 0.105947 0.340864
12.2182 -1.0268 1.20739 0.537092 0.184368 0.606408 0.556605 0.340036 0.173714 -0.0348865 0.0180006 0.105947 0.340864
12.2327 -0.954358 1.24207 0.516858 0.214475 0.614148 0.556489 0.14016 -0.587872 -0.16492 0.00207076 0.142854 0.340864
12.24 -0.915799 1.25984 0.520325 0.181506 0.611498 0.567792 0.113297 -0.0790078 0.0927621 -0.10162 -0.15415 0.340864
12.2469 -0.8862 1.27501 0.52315 0.148314 0.608093 0.578394 0.0864344 -0.0790078 0.0927621 -0.10162 -0.15415 0.340864
12.2526 -0.865201 1.28695 0.525329 0.114938 0.603938 0.588283 0.0595717 -0.0790078 0.0927621 -0.10162 -0.15415 0.340864
12.2566 -0.852367 1.29503 0.52686 0.0814213 0.599038 0.597446 0.0327091 -0.0790078 0.0927621 -0.10162 -0.15415 0.340864
12.2584 -0.847193 1.29861 0.527742 0.0478037 0.593399 0.605872 0.00584645 -0.0790078 0.0927621 -0.10162 -0.15415 0.340864
12.2599 -0.843672 1.30117 0.54162 0.0522221 0.560132 0.624638 0.0213292 0.0455376 -0.0335841 0.162232 -0.174305 0.340864
12.264 -0.836289 1.30636 0.554593 0.0565532 0.525928 0.642361 0.036812 0.0455376 -0.0335841 0.162232 -0.174305 0.340864
12.2712 -0.825279 1.31382 0.566639 0.0607898 0.490846 0.659011 0.0522948 0.0455376 -0.0335841 0.162232 -0.174305 0.340864
12.2823 -0.810947 1.32314 0.577739 0.0649248 0.454943 0.674559 0.0677776 0.0455376 -0.0335841 0.162232 -0.174305 0.340864
12.298 -0.793669 1.33385 0.587873 0.0689513 0.41828 0.68898 0.0832604 0.0455376 -0.0335841 0.162232 -0.174305 0.340864
12.3188 -0.773881 1.34543 0.597024 0.0728626 0.380918 0.702249 0.0987432 0.0455376 -0.0335841 0.162232 -0.174305 0.340864
12.3451 -0.752079 1.35732 0.605178 0.0766522 0.34292 0.714345 0.114226 0.0455376 -0.0335841 0.162232 -0.174305 0.340864
12.3774 -0.728811 1.36896 0.612321 0.0803136 0.304349 0.725248 0.129709 0.0455376 -0.0335841 0.162232 -0.174305 0.340864
12.411 -0.704601 1.37862 0.605636 0.124087 0.310751 0.721971 0.120427 -0.0272984 -0.0920902 0.153314 0.194071 0.340864
12.4409 -0.67993 1.38523 0.597731 0.16761 0.316528 0.717241 0.111146 -0.0272984 -0.0920902 0.153314 0.194071 0.340864
12.4672 -0.655305 1.38917 0.588624 0.210797 0.321668 0.711067 0.101864 -0.0272984 -0.0920902 0.153314 0.194071 0.340864
12.4897 -0.63121 1.39083 0.578332 0.253559 0.326161 0.703462 0.092583 -0.0272984 -0.0920902 0.153314 0.194071 0.340864
12.5087 -0.608097 1.3906 0.566876 0.29581 0.329997 0.694442 0.0833016 -0.0272984 -0.0920902 0.153314 0.194071 0.340864
12.5242 -0.586383 1.38888 0.55428 0.337467 0.333169 0.684024 0.0740202 -0.0272984 -0.0920902 0.153314 0.194071 0.340864
12.5364 -0.566443 1.38608 0.540567 0.378444 0.33567 0.672229 0.0647387 -0.0272984 -0.0920902 0.153314 0.194071 0.340864
12.5458 -0.548605 1.38259 0.525767 0.41866 0.337496 0.659082 0.0554573 -0.0272984 -0.0920902 0.153314 0.194071 0.340864
12.5525 -0.533148 1.37878 0.509909 0.458033 0.338643 0.644608 0.0461758 -0.0272984 -0.0920902 0.153314 0.194071 0.340864
12.5592 -0.51656 1.3738 0.511253 0.465956 0.311528 0.651502 0.0631319 0.0498707 -0.104436 0.0954872 -0.0964188 0.340864
12.5685 -0.49537 1.36622 0.512164 0.473484 0.28415 0.657845 0.0800879 0.0498707 -0.104436 0.0954872 -0.0964188 0.340864
12.5805 -0.469901 1.35556 0.512641 0.480611 0.25653 0.66363 0.097044 0.0498707 -0.104436 0.0954872 -0.0964188 0.340864
12.5953 -0.440509 1.34132 0.512684 0.48733 0.228693 0.668853 0.114 0.0498707 -0.104436 0.0954872 -0.0964188 0.340864
12.6131 -0.407584 1.32305 0.512292 0.493637 0.200663 0.673509 0.130956 0.0498707 -0.104436 0.0954872 -0.0964188 0.340864
12.6338 -0.371544 1.30027 0.511466 0.499525 0.172462 0.677594 0.147912 0.0498707 -0.104436 0.0954872 -0.0964188 0.340864
12.6575 -0.332835 1.27256 0.510207 0.504991 0.144115 0.681105 0.164868 0.0498707 -0.104436 0.0954872 -0.0964188 0.340864
12.6841 -0.291925 1.2395 0.508515 0.510028 0.115646 0.684039 0.181824 0.0498707 -0.104436 0.0954872 -0.0964188 0.340864
12.7135 -0.249306 1.20071 0.506393 0.514633 0.0870792 0.686394 0.19878 0.0498707 -0.104436 0.0954872 -0.0964188 0.340864
12.7455 -0.205486 1.15581 0.503841 0.518802 0.0584385 0.688167 0.215736 0.0498707 -0.104436 0.0954872 -0.0964188 0.340864
12.7725 -0.171843 1.11762 0.494081 0.506014 0.042843 0.70569 0.123178 -0.272231 -0.134663 -0.0623881 -0.07728 0.340864
12.7855 -0.157647 1.0999 0.48392 0.492816 0.0272129 0.722643 0.0306192 -0.272231 -0.134663 -0.0623881 -0.07728 0.340864
12.8139 -0.125187 1.05837 0.492473 0.522007 0.0302766 0.695746 0.321754 0.85628 0.11716 0.19476 0.0756526 0.340864
12.8592 -0.0681663 0.984367 0.470157 0.538911 0.0248738 0.698505 0.288949 -0.0964857 -0.118939 0.0723981 0.0949028 0.340864
12.9021 -0.0111064 0.904095 0.448323 0.555824 0.0160924 0.699863 0.343027 0.159052 -0.123799 0.0862878 0.0797195 0.340864
12.9477 0.0529785 0.80593 0.426111 0.572268 0.0072974 0.700632 0.397105 0.159052 -0.123799 0.0862878 0.0797195 0.340864
12.9947 0.122949 0.68895 0.403541 0.588231 -0.00150371 0.700812 0.451182 0.159052 -0.123799 0.0862878 0.0797195 0.340864
13.0334 0.181777 0.576702 0.394158 0.601617 -0.0450499 0.693301 0.328342 -0.361295 -0.171478 0.18469 -0.115381 0.340864
13.0564 0.216567 0.496132 0.3839 0.613668 -0.0884961 0.684252 0.205501 -0.361295 -0.171478 0.18469 -0.115381 0.340864
13.0668 0.232412 0.45097 0.372789 0.624356 -0.131746 0.673684 0.082661 -0.361295 -0.171478 0.18469 -0.115381 0.340864
13.0699 0.237026 0.435467 0.370892 0.618181 -0.140989 0.678538 0.0142515 -0.201204 -0.0568971 -0.0205587 -0.039442 0.340864
13.0737 0.240853 0.420456 0.379022 0.585207 -0.158235 0.699168 0.0796044 0.192214 -0.102649 -0.175802 -0.153279 0.340864
13.0852 0.248344 0.384848 0.386441 0.551136 -0.175184 0.718487 0.144957 0.192214 -0.102649 -0.175802 -0.153279 0.340864
13.1072 0.257245 0.32934 0.393136 0.51603 -0.191805 0.736457 0.21031 0.192214 -0.102649 -0.175802 -0.153279 0.340864
13.1423 0.265132 0.254998 0.399092 0.479956 -0.208065 0.753045 0.275663 0.192214 -0.102649 -0.175802 -0.153279 0.340864
13.1928 0.269442 0.163239 0.4043 0.442981 -0.223935 0.76822 0.341016 0.192214 -0.102649 -0.175802 -0.153279 0.340864
13.2606 0.267508 0.0558182 0.408749 0.405175 -0.239385 0.781954 0.406369 0.192214 -0.102649 -0.175802 -0.153279 0.340864
13.3304 0.263394 -0.0480979 0.407812 0.41102 -0.228054 0.782779 0.330606 -0.222832 0.0289466 -0.00100727 0.0695733 0.340864
13.386 0.262242 -0.130651 0.406808 0.416798 -0.216684 0.783476 0.254843 -0.222832 0.0289466 -0.00100727 0.0695733 0.340864
13.4272 0.262954 -0.191825 0.405738 0.422507 -0.20528 0.784044 0.179081 -0.222832 0.0289466 -0.00100727 0.0695733 0.340864
13.454 0.264427 -0.231618 0.404601 0.428147 -0.193841 0.784483 0.103318 -0.222832 0.0289466 -0.00100727 0.0695733 0.340864
13.4664 0.265561 -0.250047 0.403397 0.433717 -0.182371 0.784794 0.027555 -0.222832 0.0289466 -0.00100727 0.0695733 0.340864
13.4715 0.266289 -0.257539 0.395338 0.43778 -0.157404 0.792011 0.0259972 -0.00458181 0.0137303 -0.0502624 0.153223 0.340864
13.4764 0.267261 -0.264509 0.38698 0.441511 -0.132317 0.798628 0.0244394 -0.00458181 0.0137303 -0.0502624 0.153223 0.340864
13.4811 0.268445 -0.270964 0.378329 0.444909 -0.107131 0.804641 0.0228815 -0.00458181 0.0137303 -0.0502624 0.153223 0.340864
13.4855 0.269806 -0.276914 0.369391 0.447969 -0.081863 0.810044 0.0213237 -0.00458181 0.0137303 -0.0502624 0.153223 0.340864
13.4896 0.271309 -0.282368 0.360174 0.450691 -0.0565333 0.814835 0.0197659 -0.00458181 0.0137303 -0.0502624 0.153223 0.340864
13.4934 0.272919 -0.287337 0.350685 0.453071 -0.0311608 0.819009 0.0182081 -0.00458181 0.0137303 -0.0502624 0.153223 0.340864
13.4968 0.274599 -0.291831 0.34093 0.455109 -0.00576476 0.822563 0.0166503 -0.00458181 0.0137303 -0.0502624 0.153223 0.340864
13.5 0.276312 -0.295862 0.330916 0.456802 0.0196357 0.825494 0.0150925 -0.00458181 0.0137303 -0.0502624 0.153223 0.340864
13.5028 0.278022 -0.299441 0.320653 0.458149 0.0450212 0.827801 0.0135346 -0.00458181 0.0137303 -0.0502624 0.153223 0.340864
13.5085 0.28156 -0.306109 0.337339 0.433429 0.0515529 0.834076 0.0420537 0.0838797 0.0935824 -0.145207 -0.061463 0.340864
13.5208 0.288891 -0.318836 0.353698 0.408289 0.0580344 0.839541 0.0705728 0.0838797 0.0935824 -0.145207 -0.061463 0.340864
13.5404 0.300122 -0.336731 0.369714 0.382751 0.0644596 0.844191 0.0990919 0.0838797 0.0935824 -0.145207 -0.061463 0.340864
13.5681 0.315298 -0.358843 0.38537 0.356842 0.0708222 0.84802 0.127611 0.0838797 0.0935824 -0.145207 -0.061463 0.340864
13.6044 0.334393 -0.38417 0.400652 0.330586 0.0771159 0.851025 0.15613 0.0838797 0.0935824 -0.145207 -0.061463 0.340864
13.6499 0.357315 -0.411665 0.415544 0.304009 0.0833348 0.853204 0.184649 0.0838797 0.0935824 -0.145207 -0.061463 0.340864
13.6754 0.369911 -0.425721 0.381466 0.293793 0.103127 0.870364 0.00163859 -0.538267 -0.172632 -0.147093 0.126936 0.340864
13.6803 0.372014 -0.428307 0.371469 0.277895 0.0696304 0.88314 0.0331576 0.0927028 -0.128133 -0.0343864 -0.1977 0.340864
13.6944 0.376793 -0.435641 0.360863 0.261541 0.0360194 0.89447 0.0646765 0.0927028 -0.128133 -0.0343864 -0.1977 0.340864
13.7182 0.382588 -0.447722 0.349666 0.244759 0.0023493 0.904335 0.0961955 0.0927028 -0.128133 -0.0343864 -0.1977 0.340864
13.752 0.387697 -0.464433 0.337897 0.227576 -0.0313246 0.912718 0.127714 0.0927028 -0.128133 -0.0343864 -0.1977 0.340864
13.7959 0.390406 -0.485542 0.325574 0.21002 -0.0649472 0.919606 0.159233 0.0927028 -0.128133 -0.0343864 -0.1977 0.340864
13.8498 0.389004 -0.510703 0.312717 0.19212 -0.0984634 0.924988 0.190752 0.0927028 -0.128133 -0.0343864 -0.1977 0.340864
13.9134 0.381811 -0.539462 0.299349 0.173906 -0.131818 0.928855 0.222271 0.0927028 -0.128133 -0.0343864 -0.1977 0.340864
13.9864 0.367196 -0.571257 0.28549 0.155406 -0.164957 0.9312 0.25379 0.0927028 -0.128133 -0.0343864 -0.1977 0.340864
14.0462 0.353236 -0.598544 0.264132 0.187501 -0.157672 0.932854 0.1415 -0.330267 -0.0819853 0.182827 0.114964 0.340864
14.0715 0.347819 -0.611669 0.242367 0.219306 -0.150143 0.93307 0.0292089 -0.330267 -0.0819853 0.182827 0.114964 0.340864
14.0865 0.345603 -0.620448 0.261714 0.243223 -0.11741 0.926587 0.0741208 0.132094 0.178842 0.0759022 0.183137 0.340864
14.1144 0.344137 -0.63772 0.280522 0.266638 -0.0844351 0.918195 0.119033 0.132094 0.178842 0.0759022 0.183137 0.340864
14.1546 0.346035 -0.664066 0.298752 0.289504 -0.0512861 0.907912 0.163945 0.132094 0.178842 0.0759022 0.183137 0.340864
14.2063 0.353904 -0.699803 0.316366 0.311773 -0.0180315 0.895759 0.208857 0.132094 0.178842 0.0759022 0.183137 0.340864
14.256 0.364046 -0.733214 0.314068 0.288842 -0.00683577 0.90437 0.148681 -0.176988 -0.0100339 -0.157228 0.021449 0.340864
14.2901 0.370944 -0.753633 0.311541 0.265701 0.00436495 0.912319 0.0885049 -0.176988 -0.0100339 -0.157228 0.021449 0.340864
14.3074 0.37443 -0.762832 0.308785 0.242365 0.0155625 0.919603 0.028329 -0.176988 -0.0100339 -0.157228 0.021449 0.340864
14.3145 0.375751 -0.766209 0.311374 0.219964 0.00641003 0.924457 0.0188963 -0.0277433 -0.0058128 -0.111248 -0.094343 0.340864
14.3189 0.376404 -0.768077 0.313771 0.197427 -0.00274636 0.928743 0.00946362 -0.0277433 -0.0058128 -0.111248 -0.094343 0.340864
14.3204 0.37658 -0.768653 0.315975 0.174769 -0.0119011 0.932456 3.09093e-05 -0.0277433 -0.0058128 -0.111248 -0.094343 0.340864
