0 0 0 0 0 0 1 4.67716e-310 0 0 0 0 0
0.0572807 -0.0022961 0.000811424 -0.0169192 -0.0102337 -0.0301723 0.999349 0.337288 0.992023 -0.0995465 -0.0602114 -0.177522 0.340864
0.125462 -0.00730545 0.00131738 -0.0442254 0.00933278 -0.0470488 0.997869 0.0649074 -0.801119 -0.156215 0.118128 -0.103087 0.340864
0.138002 -0.00856239 0.00127579 -0.0735044 -0.0037653 -0.0543494 0.995806 0.00922757 -0.163764 -0.176457 -0.070579 -0.0384169 0.340864
0.14406 -0.00912674 0.00155008 -0.0750304 -0.0300381 -0.0433035 0.995788 0.0266065 0.0511144 -0.0175931 -0.148654 0.0760343 0.340864
0.155979 -0.00993755 0.00267489 -0.0764953 -0.0562863 -0.0322222 0.994958 0.0439854 0.0511144 -0.0175931 -0.148654 0.0760343 0.340864
0.173685 -0.0106824 0.00524436 -0.0778978 -0.0824888 -0.0211147 0.993319 0.0613643 0.0511144 -0.0175931 -0.148654 0.0760343 0.340864
0.197049 -0.0110467 0.00984332 -0.0792369 -0.108624 -0.00998998 0.99087 0.0787432 0.0511144 -0.0175931 -0.148654 0.0760343 0.340864
0.225885 -0.0107161 0.0170436 -0.0805115 -0.134671 0.00114286 0.987613 0.0961221 0.0511144 -0.0175931 -0.148654 0.0760343 0.340864
0.259951 -0.00937816 0.0274 -0.0817204 -0.160608 0.0122748 0.983553 0.113501 0.0511144 -0.0175931 -0.148654 0.0760343 0.340864
0.304479 -0.00573412 0.0424528 -0.0854911 -0.168208 0.0368451 0.981346 0.163851 0.148088 -0.0455459 -0.0345191 0.14242 0.340864
0.334185 -0.00212152 0.0533796 -0.0563209 -0.195011 0.0567972 0.977534 0.0235718 -0.412586 0.15259 -0.142187 0.158396 0.340864
0.342028 -0.000883986 0.0568722 -0.0313109 -0.222941 0.0706329 0.971765 0.0274585 0.0114315 0.135399 -0.154328 0.119461 0.340864
0.350779 0.000705518 0.0614323 -0.00624989 -0.250509 0.0843534 0.964412 0.0313452 0.0114315 0.135399 -0.154328 0.119461 0.340864
0.368179 0.00465491 0.0716806 -0.0364187 -0.269669 0.0999467 0.957059 0.0897077 0.171654 -0.184937 -0.133963 0.0483702 0.340864
0.3835 0.00886091 0.0814067 -0.0337222 -0.289862 0.120514 0.948851 0.0198881 -0.205352 -0.00733272 -0.120729 0.129238 0.340864
0.387421 0.010289 0.0842027 -0.0605568 -0.316964 0.155804 0.933591 0.00967223 -0.0300468 -0.193858 -0.189407 0.167491 0.340864
0.393647 0.0132082 0.0891271 -0.0529169 -0.32701 0.172968 0.927549 0.0400793 0.0894326 0.0170095 -0.0533191 0.117629 0.340864
0.401156 0.0171824 0.0953815 -0.0680421 -0.34 0.193963 0.917687 0.0219859 -0.0532161 -0.112783 -0.0987159 0.099553 0.340864
0.404149 0.0190299 0.0980225 -0.0831037 -0.352672 0.214777 0.906966 0.00389239 -0.0532161 -0.112783 -0.0987159 0.099553 0.340864
0.407427 0.0212151 0.101139 -0.0894785 -0.368612 0.199835 0.90343 0.0256562 0.0640113 0.0153988 -0.107745 -0.0806895 0.340864
0.4154 0.0263766 0.109145 -0.0958059 -0.384356 0.184787 0.899414 0.0474201 0.0640113 0.0153988 -0.107745 -0.0806895 0.340864
0.427871 0.0342065 0.122414 -0.102082 -0.399897 0.169641 0.894921 0.0691839 0.0640113 0.0153988 -0.107745 -0.0806895 0.340864
0.444609 0.0444022 0.141306 -0.108305 -0.415225 0.154405 0.889954 0.0909478 0.0640113 0.0153988 -0.107745 -0.0806895 0.340864
0.467592 0.0590996 0.170045 -0.105132 -0.442803 0.161443 0.875676 0.142186 0.1507 0.0153731 -0.171908 0.0751477 0.340864
0.497688 0.0808369 0.213355 -0.101851 -0.469928 0.168317 0.860502 0.193424 0.1507 0.0153731 -0.171908 0.0751477 0.340864
0.532892 0.109858 0.272203 -0.0984664 -0.496571 0.175018 0.844447 0.244662 0.1507 0.0153731 -0.171908 0.0751477 0.340864
0.571105 0.146322 0.347383 -0.0949807 -0.522706 0.18154 0.827527 0.2959 0.1507 0.0153731 -0.171908 0.0751477 0.340864
0.610155 0.190303 0.439507 -0.0913977 -0.548306 0.187876 0.809759 0.347138 0.1507 0.0153731 -0.171908 0.0751477 0.340864
0.647809 0.241785 0.548999 -0.0877212 -0.573344 0.194019 0.791163 0.398376 0.1507 0.0153731 -0.171908 0.0751477 0.340864
0.681793 0.300668 0.676091 -0.0839548 -0.597795 0.199964 0.771756 0.449614 0.1507 0.0153731 -0.171908 0.0751477 0.340864
0.704996 0.350663 0.784702 -0.100221 -0.614226 0.190476 0.759211 0.26686 -0.537511 -0.027351 -0.142545 -0.0774122 0.340864
0.714509 0.375364 0.83817 -0.116409 -0.630177 0.180839 0.746072 0.0841068 -0.537511 -0.027351 -0.142545 -0.0774122 0.340864
0.718901 0.389363 0.869624 -0.098758 -0.640961 0.178934 0.739864 0.120064 0.105756 0.0917505 -0.0528715 0.0710654 0.340864
0.723636 0.407093 0.912818 -0.0810608 -0.651443 0.176945 0.733308 0.156021 0.105756 0.0917505 -0.0528715 0.0710654 0.340864
0.728103 0.427864 0.968027 -0.0633256 -0.66162 0.174874 0.726408 0.191978 0.105756 0.0917505 -0.0528715 0.0710654 0.340864
0.731712 0.450951 1.03547 -0.0455606 -0.671485 0.17272 0.719166 0.227934 0.105756 0.0917505 -0.0528715 0.0710654 0.340864
0.733891 0.475596 1.11534 -0.0277741 -0.681035 0.170485 0.711586 0.263891 0.105756 0.0917505 -0.0528715 0.0710654 0.340864
0.734091 0.501012 1.20773 -0.00997467 -0.690265 0.168169 0.703672 0.299848 0.105756 0.0917505 -0.0528715 0.0710654 0.340864
0.731785 0.526385 1.31274 0.0078295 -0.69917 0.165775 0.695427 0.335805 0.105756 0.0917505 -0.0528715 0.0710654 0.340864
0.726476 0.550879 1.43038 0.02563 -0.707747 0.163303 0.686855 0.371762 0.105756 0.0917505 -0.0528715 0.0710654 0.340864
0.717692 0.573635 1.56062 0.0434184 -0.715991 0.160754 0.67796 0.407719 0.105756 0.0917505 -0.0528715 0.0710654 0.340864
0.712033 0.590653 1.68743 0.0522371 -0.698726 0.129033 0.701714 0.345882 -0.181875 0.146423 0.185397 -0.107449 0.340864
0.714414 0.599639 1.79408 0.0609541 -0.680102 0.0970608 0.724103 0.284044 -0.181875 0.146423 0.185397 -0.107449 0.340864
0.721893 0.602437 1.87975 0.0695525 -0.660154 0.0648998 0.745082 0.222207 -0.181875 0.146423 0.185397 -0.107449 0.340864
0.731601 0.601081 1.94403 0.0780155 -0.638921 0.0326125 0.764611 0.16037 -0.181875 0.146423 0.185397 -0.107449 0.340864
0.740784 0.597755 1.98693 0.0863267 -0.616444 0.000261718 0.782652 0.0985323 -0.181875 0.146423 0.185397 -0.107449 0.340864
0.746846 0.594761 2.0089 0.0944698 -0.592768 -0.0320896 0.799169 0.036695 -0.181875 0.146423 0.185397 -0.107449 0.340864
0.755166 0.590341 2.03533 0.113001 -0.59261 -0.0123016 0.797429 0.128375 0.269647 0.0191174 -0.019821 0.157418 0.340864
0.772832 0.581562 2.09118 0.131449 -0.592014 0.00749536 0.7951 0.220055 0.269647 0.0191174 -0.019821 0.157418 0.340864
0.799407 0.568004 2.17503 0.11154 -0.592136 -0.017535 0.797888 0.303472 0.245343 -0.00810151 0.0276194 -0.18665 0.340864
0.824634 0.555105 2.25474 0.127457 -0.592386 0.00461921 0.795495 0.194167 -0.321484 -0.000915065 -0.0256897 0.159031 0.340864
0.854684 0.540157 2.35218 0.104108 -0.597153 -0.013638 0.795225 0.41204 0.640802 -0.0453165 -0.0101929 -0.170389 0.340864
0.892411 0.523247 2.48615 0.110308 -0.611466 0.025177 0.78314 0.412846 0.00237042 -0.101121 -0.133713 0.193673 0.340864
0.915964 0.514578 2.57451 0.0977261 -0.606338 0.0162222 0.789013 0.127503 -0.839242 -0.0303225 0.048696 -0.0840529 0.340864
0.922953 0.511614 2.60138 0.112673 -0.620373 0.00928741 0.776116 0.0367536 -0.266911 0.102872 -0.10574 0.0142897 0.340864
0.927745 0.508691 2.62105 0.120977 -0.617433 -0.00451684 0.777252 0.0835634 0.137676 0.0873762 0.0271753 -0.030833 0.340864
0.936522 0.502399 2.65578 0.129249 -0.614326 -0.0183199 0.778179 0.130373 0.137676 0.0873762 0.0271753 -0.030833 0.340864
0.949491 0.49176 2.7053 0.137485 -0.611054 -0.032118 0.778896 0.177183 0.137676 0.0873762 0.0271753 -0.030833 0.340864
0.968233 0.472379 2.78603 0.130937 -0.632993 -0.0456206 0.761639 0.323593 0.430616 0.0283477 -0.150419 -0.106424 0.340864
0.99035 0.439529 2.91498 0.124257 -0.654297 -0.0590774 0.743617 0.470002 0.430616 0.0283477 -0.150419 -0.106424 0.340864
1.01353 0.404013 3.05917 0.132202 -0.642508 -0.0340191 0.754022 0.414148 -0.164276 -0.0652099 0.0705464 0.152445 0.340864
1.04107 0.367573 3.19961 0.128715 -0.628413 -0.0718695 0.763783 0.454749 0.119414 0.122851 0.129578 -0.168198 0.340864
1.07537 0.31954 3.34993 0.125003 -0.613226 -0.109595 0.772216 0.49535 0.119414 0.122851 0.129578 -0.168198 0.340864
1.11396 0.27102 3.49114 0.111457 -0.590585 -0.11025 0.791601 0.411913 -0.245401 -0.0588405 0.18202 -0.022696 0.340864
1.15222 0.23344 3.60499 0.0977913 -0.56731 -0.110786 0.810137 0.328477 -0.245401 -0.0588405 0.18202 -0.022696 0.340864
1.18703 0.205825 3.69176 0.0840207 -0.543427 -0.111203 0.827805 0.24504 -0.245401 -0.0588405 0.18202 -0.022696 0.340864
1.2153 0.187248 3.75204 0.0701599 -0.518962 -0.111502 0.844585 0.161604 -0.245401 -0.0588405 0.18202 -0.022696 0.340864
1.23401 0.176848 3.78672 0.0562239 -0.49394 -0.11168 0.860459 0.0781673 -0.245401 -0.0588405 0.18202 -0.022696 0.340864
1.24921 0.168446 3.81434 0.0511948 -0.510534 -0.125771 0.849068 0.1138 0.104801 0.00835271 -0.10914 -0.0989151 0.340864
1.26826 0.156151 3.85292 0.0461335 -0.526808 -0.139783 0.837142 0.149432 0.104801 0.00835271 -0.10914 -0.0989151 0.340864
1.2901 0.139618 3.90274 0.0410432 -0.54275 -0.153706 0.824689 0.185064 0.104801 0.00835271 -0.10914 -0.0989151 0.340864
1.31365 0.118551 3.96405 0.035927 -0.55835 -0.167533 0.811718 0.220697 0.104801 0.00835271 -0.10914 -0.0989151 0.340864
1.3378 0.0927086 4.03702 0.0307883 -0.5736 -0.181255 0.798237 0.256329 0.104801 0.00835271 -0.10914 -0.0989151 0.340864
1.36142 0.0619035 4.12175 0.0256302 -0.588489 -0.194863 0.784253 0.291962 0.104801 0.00835271 -0.10914 -0.0989151 0.340864
1.38336 0.0260048 4.2183 0.020456 -0.603007 -0.208348 0.769776 0.327594 0.104801 0.00835271 -0.10914 -0.0989151 0.340864
1.40265 -0.0199087 4.32794 0.0355136 -0.609615 -0.246626 0.752518 0.381016 0.157122 0.198004 -0.105022 -0.14191 0.340864
1.41763 -0.0820194 4.45092 0.0504991 -0.614984 -0.284403 0.73373 0.434437 0.157122 0.198004 -0.105022 -0.14191 0.340864
1.42606 -0.162083 4.5854 0.0653818 -0.619102 -0.321601 0.71345 0.487858 0.157122 0.198004 -0.105022 -0.14191 0.340864
1.4308 -0.253817 4.72376 0.0984844 -0.622901 -0.310803 0.711124 0.489065 0.00354993 0.0933258 -0.0912089 0.160041 0.340864
1.43641 -0.349854 4.85963 0.131466 -0.625932 -0.299621 0.707921 0.490272 0.00354993 0.0933258 -0.0912089 0.160041 0.340864
1.4432 -0.450067 4.99291 0.164285 -0.628192 -0.288071 0.703847 0.491479 0.00354993 0.0933258 -0.0912089 0.160041 0.340864
1.45147 -0.554309 5.12351 0.196902 -0.629678 -0.276165 0.698904 0.492686 0.00354993 0.0933258 -0.0912089 0.160041 0.340864
1.46155 -0.662413 5.25133 0.229276 -0.630389 -0.26392 0.693101 0.493893 0.00354993 0.0933258 -0.0912089 0.160041 0.340864
1.47371 -0.774194 5.37632 0.261368 -0.630322 -0.251349 0.686444 0.4951 0.00354993 0.0933258 -0.0912089 0.160041 0.340864
1.48825 -0.889447 5.49842 0.293137 -0.629478 -0.238468 0.678941 0.496307 0.00354993 0.0933258 -0.0912089 0.160041 0.340864
1.50544 -1.00109 5.61155 0.289454 -0.612531 -0.252909 0.690695 0.444132 -0.153457 0.0422706 0.141294 -0.025604 0.340864
1.52463 -1.10192 5.70986 0.285583 -0.595186 -0.267186 0.702002 0.391957 -0.153457 0.0422706 0.141294 -0.025604 0.340864
1.54473 -1.19155 5.79374 0.281527 -0.577456 -0.281291 0.712855 0.339781 -0.153457 0.0422706 0.141294 -0.025604 0.340864
1.56469 -1.26957 5.86366 0.277289 -0.559353 -0.295213 0.723246 0.287606 -0.153457 0.0422706 0.141294 -0.025604 0.340864
1.58351 -1.3356 5.92016 0.272871 -0.540887 -0.308944 0.733169 0.235431 -0.153457 0.0422706 0.141294 -0.025604 0.340864
1.60019 -1.39904 5.97262 0.265302 -0.554382 -0.325163 0.718711 0.258724 0.0685101 0.0176461 -0.0644233 -0.141987 0.340864
1.61381 -1.46957 6.02996 0.257544 -0.567483 -0.341151 0.70374 0.282018 0.0685101 0.0176461 -0.0644233 -0.141987 0.340864
1.62353 -1.54715 6.09205 0.249603 -0.58018 -0.356896 0.68827 0.305311 0.0685101 0.0176461 -0.0644233 -0.141987 0.340864
1.62849 -1.63165 6.15872 0.241484 -0.592464 -0.372387 0.672309 0.328605 0.0685101 0.0176461 -0.0644233 -0.141987 0.340864
1.62786 -1.7229 6.2298 0.233194 -0.604327 -0.387614 0.65587 0.351898 0.0685101 0.0176461 -0.0644233 -0.141987 0.340864
1.62289 -1.82243 6.30501 0.230162 -0.599664 -0.405766 0.650218 0.382506 0.0900248 0.0712227 0.0297108 -0.0873079 0.340864
1.6151 -1.932 6.38392 0.22704 -0.594765 -0.423759 0.64431 0.413115 0.0900248 0.0712227 0.0297108 -0.0873079 0.340864
1.60402 -2.05173 6.46612 0.223829 -0.589634 -0.441586 0.638149 0.443723 0.0900248 0.0712227 0.0297108 -0.0873079 0.340864
1.58919 -2.18172 6.5512 0.22053 -0.584271 -0.459239 0.631739 0.474332 0.0900248 0.0712227 0.0297108 -0.0873079 0.340864
1.57188 -2.31211 6.6385 0.214557 -0.60297 -0.440432 0.629613 0.454382 -0.0586759 -0.134607 -0.0850696 0.0193651 0.340864
1.55362 -2.43306 6.72718 0.208425 -0.621221 -0.421297 0.627018 0.434432 -0.0586759 -0.134607 -0.0850696 0.0193651 0.340864
1.53441 -2.54473 6.81654 0.202138 -0.63901 -0.401849 0.623958 0.414482 -0.0586759 -0.134607 -0.0850696 0.0193651 0.340864
1.51427 -2.64728 6.90593 0.195701 -0.656324 -0.382102 0.620434 0.394532 -0.0586759 -0.134607 -0.0850696 0.0193651 0.340864
1.49324 -2.74093 6.9947 0.189118 -0.67315 -0.362071 0.616448 0.374583 -0.0586759 -0.134607 -0.0850696 0.0193651 0.340864
1.47139 -2.82593 7.08224 0.182394 -0.689475 -0.341771 0.612004 0.354633 -0.0586759 -0.134607 -0.0850696 0.0193651 0.340864
1.44882 -2.90256 7.16795 0.175535 -0.705288 -0.321216 0.607105 0.334683 -0.0586759 -0.134607 -0.0850696 0.0193651 0.340864
1.42564 -2.97115 7.25129 0.168546 -0.720576 -0.300423 0.601754 0.314733 -0.0586759 -0.134607 -0.0850696 0.0193651 0.340864
1.40201 -3.03205 7.33171 0.161431 -0.735329 -0.279406 0.595956 0.294784 -0.0586759 -0.134607 -0.0850696 0.0193651 0.340864
1.37809 -3.08563 7.40873 0.154196 -0.749535 -0.258182 0.589715 0.274834 -0.0586759 -0.134607 -0.0850696 0.0193651 0.340864
1.35645 -3.13453 7.47846 0.160939 -0.731741 -0.286703 0.597038 0.242082 -0.0963275 0.169556 0.109661 -0.0419506 0.340864
1.33916 -3.18042 7.53747 0.167485 -0.713049 -0.314871 0.603628 0.209331 -0.0963275 0.169556 0.109661 -0.0419506 0.340864
1.32564 -3.2223 7.58611 0.173825 -0.69348 -0.342652 0.609475 0.17658 -0.0963275 0.169556 0.109661 -0.0419506 0.340864
1.31538 -3.2592 7.62484 0.179951 -0.673059 -0.370012 0.614573 0.143828 -0.0963275 0.169556 0.109661 -0.0419506 0.340864
1.3079 -3.29017 7.6542 0.185856 -0.65181 -0.396917 0.618916 0.111077 -0.0963275 0.169556 0.109661 -0.0419506 0.340864
1.3028 -3.31432 7.67487 0.191533 -0.629761 -0.423335 0.622499 0.0783256 -0.0963275 0.169556 0.109661 -0.0419506 0.340864
1.29972 -3.33082 7.68759 0.196974 -0.606937 -0.449232 0.625316 0.0455743 -0.0963275 0.169556 0.109661 -0.0419506 0.340864
1.29837 -3.3389 7.6932 0.202173 -0.583367 -0.474576 0.627364 0.012823 -0.0963275 0.169556 0.109661 -0.0419506 0.340864
1.29607 -3.35374 7.70242 0.212761 -0.575598 -0.483438 0.624266 0.0908635 0.229531 0.0948608 -0.000981397 0.00422119 0.340864
1.29035 -3.39161 7.7244 0.223294 -0.567679 -0.492173 0.621004 0.168904 0.229531 0.0948608 -0.000981397 0.00422119 0.340864
1.28127 -3.45333 7.75765 0.233768 -0.559611 -0.50078 0.617581 0.246945 0.229531 0.0948608 -0.000981397 0.00422119 0.340864
1.27249 -3.52499 7.79159 0.28564 -0.550973 -0.491623 0.610856 0.22244 -0.0720741 0.193084 -0.156226 0.196182 0.340864
1.2675 -3.59144 7.81735 0.336685 -0.54074 -0.481043 0.602363 0.197934 -0.0720741 0.193084 -0.156226 0.196182 0.340864
1.26595 -3.6517 7.83605 0.386755 -0.528942 -0.469071 0.592126 0.173429 -0.0720741 0.193084 -0.156226 0.196182 0.340864
1.26735 -3.70496 7.84881 0.435706 -0.515613 -0.455741 0.580176 0.148924 -0.0720741 0.193084 -0.156226 0.196182 0.340864
1.27107 -3.75057 7.8568 0.483396 -0.500792 -0.441091 0.566546 0.124419 -0.0720741 0.193084 -0.156226 0.196182 0.340864
1.27632 -3.78808 7.86111 0.529687 -0.484521 -0.425165 0.551276 0.0999137 -0.0720741 0.193084 -0.156226 0.196182 0.340864
1.28434 -3.83282 7.86475 0.542418 -0.485278 -0.416681 0.544669 0.168268 0.201041 0.0357977 -0.0795635 0.044917 0.340864
1.29732 -3.90022 7.86978 0.554998 -0.4859 -0.408081 0.537911 0.236622 0.201041 0.0357977 -0.0795635 0.044917 0.340864
1.31588 -3.9902 7.87589 0.567424 -0.486386 -0.399368 0.531003 0.304975 0.201041 0.0357977 -0.0795635 0.044917 0.340864
1.34064 -4.10261 7.88282 0.579692 -0.486738 -0.390543 0.523947 0.373329 0.201041 0.0357977 -0.0795635 0.044917 0.340864
1.37223 -4.2373 7.89035 0.591798 -0.486954 -0.381609 0.516745 0.441683 0.201041 0.0357977 -0.0795635 0.044917 0.340864
1.40607 -4.373 7.89386 0.603082 -0.466322 -0.397295 0.510874 0.381392 -0.177326 0.146004 0.0751814 0.0432918 0.340864
1.43665 -4.48837 7.89037 0.613864 -0.445301 -0.41265 0.504577 0.321101 -0.177326 0.146004 0.0751814 0.0432918 0.340864
1.46324 -4.58329 7.88211 0.624134 -0.42391 -0.427661 0.497859 0.26081 -0.177326 0.146004 0.0751814 0.0432918 0.340864
1.48519 -4.65779 7.87131 0.633883 -0.402165 -0.442315 0.490727 0.200519 -0.177326 0.146004 0.0751814 0.0432918 0.340864
1.50196 -4.71211 7.86022 0.643105 -0.380085 -0.456601 0.483185 0.140228 -0.177326 0.146004 0.0751814 0.0432918 0.340864
1.5131 -4.74664 7.85107 0.65179 -0.357688 -0.470506 0.47524 0.0799374 -0.177326 0.146004 0.0751814 0.0432918 0.340864
1.534 -4.80859 7.83093 0.67561 -0.359854 -0.465005 0.444777 0.32248 0.713362 0.165861 -0.157211 -0.0271312 0.340864
1.56926 -4.90831 7.7994 0.67232 -0.366984 -0.447541 0.461536 0.326839 0.0128192 -0.131696 -0.0435875 0.0562396 0.340864
1.60736 -5.00999 7.77254 0.668594 -0.373876 -0.429788 0.477996 0.331197 0.0128192 -0.131696 -0.0435875 0.0562396 0.340864
1.6483 -5.11335 7.75053 0.664436 -0.380526 -0.411756 0.494147 0.335556 0.0128192 -0.131696 -0.0435875 0.0562396 0.340864
1.69208 -5.21813 7.73356 0.659847 -0.38693 -0.393458 0.509978 0.339914 0.0128192 -0.131696 -0.0435875 0.0562396 0.340864
1.73866 -5.32404 7.72179 0.654832 -0.393083 -0.374904 0.525479 0.344273 0.0128192 -0.131696 -0.0435875 0.0562396 0.340864
1.78802 -5.43079 7.71537 0.649392 -0.398982 -0.356108 0.540639 0.348632 0.0128192 -0.131696 -0.0435875 0.0562396 0.340864
1.81443 -5.48909 7.71238 0.66381 -0.413943 -0.369581 0.501415 0.0283164 -0.942103 0.196038 -0.118421 -0.148377 0.340864
1.83123 -5.52544 7.71054 0.666874 -0.405791 -0.340019 0.524404 0.207558 0.527182 -0.13502 -0.0420792 0.176509 0.340864
1.87861 -5.61466 7.71036 0.668953 -0.397038 -0.309955 0.546618 0.3868 0.527182 -0.13502 -0.0420792 0.176509 0.340864
1.94888 -5.74452 7.71213 0.684234 -0.417555 -0.308948 0.511881 0.481886 0.279662 0.14611 -0.178979 -0.105175 0.340864
2.02389 -5.88464 7.71168 0.691102 -0.404102 -0.308095 0.513961 0.453047 -0.0848191 0.0346657 0.0297046 0.0773699 0.340864
2.09768 -6.01421 7.709 0.69781 -0.390554 -0.307171 0.515922 0.424209 -0.0848191 0.0346657 0.0297046 0.0773699 0.340864
2.16974 -6.13336 7.70437 0.704354 -0.376916 -0.306174 0.517761 0.39537 -0.0848191 0.0346657 0.0297046 0.0773699 0.340864
2.23957 -6.24226 7.69807 0.710735 -0.363189 -0.305107 0.51948 0.366532 -0.0848191 0.0346657 0.0297046 0.0773699 0.340864
2.31913 -6.3657 7.68844 0.719571 -0.372147 -0.308967 0.49826 0.499241 0.390322 0.1079 -0.0724381 -0.0684611 0.340864
2.37887 -6.46236 7.67666 0.7176 -0.357003 -0.343527 0.489477 0.172873 -0.959907 0.134616 0.17507 -0.0574856 0.340864
2.42003 -6.53018 7.66886 0.71237 -0.37895 -0.309291 0.503254 0.296205 0.362742 -0.189522 -0.168261 0.0227964 0.340864
2.48402 -6.63362 7.66711 0.705807 -0.400189 -0.274476 0.51609 0.419537 0.362742 -0.189522 -0.168261 0.0227964 0.340864
2.55941 -6.75519 7.67467 0.69616 -0.415403 -0.256652 0.526243 0.423245 0.0109057 -0.137981 -0.0807192 -0.015376 0.340864
2.6345 -6.87769 7.69013 0.685994 -0.430307 -0.238638 0.536004 0.426953 0.0109057 -0.137981 -0.0807192 -0.015376 0.340864
2.70907 -7.00074 7.71357 0.675316 -0.444891 -0.220445 0.545366 0.430661 0.0109057 -0.137981 -0.0807192 -0.015376 0.340864
2.78289 -7.12395 7.74506 0.664135 -0.459143 -0.202088 0.554321 0.434369 0.0109057 -0.137981 -0.0807192 -0.015376 0.340864
2.8557 -7.24692 7.78464 0.65246 -0.473053 -0.18358 0.562863 0.438077 0.0109057 -0.137981 -0.0807192 -0.015376 0.340864
2.9273 -7.36926 7.83234 0.640298 -0.486611 -0.164936 0.570986 0.441785 0.0109057 -0.137981 -0.0807192 -0.015376 0.340864
2.98054 -7.45732 7.87028 0.671519 -0.480821 -0.132874 0.547922 0.203371 -0.701217 0.105621 -0.197705 0.19657 0.340864
3.0184 -7.51549 7.89369 0.691696 -0.46162 -0.146876 0.535623 0.227613 0.0713012 0.168257 0.0666501 0.0781877 0.340864
3.06279 -7.58042 7.91504 0.711096 -0.4419 -0.160713 0.522722 0.251856 0.0713012 0.168257 0.0666501 0.0781877 0.340864
3.11404 -7.65178 7.93333 0.729698 -0.421684 -0.174369 0.509234 0.276098 0.0713012 0.168257 0.0666501 0.0781877 0.340864
3.17244 -7.72915 7.94756 0.74748 -0.400994 -0.187829 0.495174 0.300341 0.0713012 0.168257 0.0666501 0.0781877 0.340864
3.23826 -7.81201 7.95676 0.764422 -0.379855 -0.201079 0.480559 0.324583 0.0713012 0.168257 0.0666501 0.0781877 0.340864
3.31168 -7.89976 7.95998 0.780506 -0.358288 -0.214103 0.465403 0.348825 0.0713012 0.168257 0.0666501 0.0781877 0.340864
3.39285 -7.9917 7.95629 0.795714 -0.336319 -0.226886 0.449724 0.373068 0.0713012 0.168257 0.0666501 0.0781877 0.340864
3.48188 -8.08704 7.94484 0.810027 -0.313972 -0.239414 0.433541 0.39731 0.0713012 0.168257 0.0666501 0.0781877 0.340864
3.55907 -8.17151 7.93213 0.805917 -0.341071 -0.242255 0.418905 0.280009 -0.345003 0.0263441 -0.0768265 -0.164598 0.340864
3.60661 -8.22935 7.92458 0.801022 -0.367838 -0.24486 0.403861 0.162708 -0.345003 0.0263441 -0.0768265 -0.164598 0.340864
3.62757 -8.25766 7.92134 0.795346 -0.394246 -0.247227 0.388423 0.0454071 -0.345003 0.0263441 -0.0768265 -0.164598 0.340864
3.63707 -8.27138 7.9198 0.797804 -0.392801 -0.249428 0.383408 0.0531766 0.0228513 0.0362847 -0.00160508 0.000138446 0.340864
3.64807 -8.28724 7.91782 0.800231 -0.391341 -0.251619 0.378379 0.060946 0.0228513 0.0362847 -0.00160508 0.000138446 0.340864
3.66057 -8.30523 7.91536 0.802628 -0.389866 -0.253801 0.373334 0.0687155 0.0228513 0.0362847 -0.00160508 0.000138446 0.340864
3.67457 -8.32533 7.91237 0.804994 -0.388376 -0.255973 0.368276 0.0764849 0.0228513 0.0362847 -0.00160508 0.000138446 0.340864
3.69008 -8.34755 7.90879 0.807329 -0.386871 -0.258136 0.363204 0.0842544 0.0228513 0.0362847 -0.00160508 0.000138446 0.340864
3.70708 -8.37186 7.90457 0.809633 -0.385351 -0.260288 0.358117 0.0920238 0.0228513 0.0362847 -0.00160508 0.000138446 0.340864
3.72559 -8.39826 7.89967 0.811907 -0.383817 -0.262431 0.353017 0.0997933 0.0228513 0.0362847 -0.00160508 0.000138446 0.340864
3.7456 -8.42672 7.89403 0.81415 -0.382268 -0.264564 0.347904 0.107563 0.0228513 0.0362847 -0.00160508 0.000138446 0.340864
3.76712 -8.45724 7.8876 0.816361 -0.380705 -0.266686 0.342777 0.115332 0.0228513 0.0362847 -0.00160508 0.000138446 0.340864
3.79014 -8.4898 7.88033 0.818542 -0.379127 -0.268799 0.337637 0.123102 0.0228513 0.0362847 -0.00160508 0.000138446 0.340864
3.81122 -8.51804 7.87285 0.835418 -0.350034 -0.274997 0.322382 0.0888474 -0.100748 0.166836 0.0269293 0.141316 0.340864
3.82632 -8.53614 7.86661 0.851122 -0.32045 -0.280811 0.306674 0.0545931 -0.100748 0.166836 0.0269293 0.141316 0.340864
3.8346 -8.54502 7.86277 0.865632 -0.290417 -0.28623 0.290536 0.0203388 -0.100748 0.166836 0.0269293 0.141316 0.340864
3.86605 -8.57584 7.84685 0.876904 -0.287366 -0.283552 0.260879 0.255123 0.690542 0.170868 -0.0780812 -0.0105691 0.340864
3.95192 -8.65714 7.80148 0.887279 -0.284022 -0.280583 0.230955 0.489907 0.690542 0.170868 -0.0780812 -0.0105691 0.340864
4.06618 -8.75959 7.73691 0.893625 -0.262936 -0.292309 0.216456 0.489634 -0.000805388 0.138703 0.0551583 0.0808057 0.340864
4.18183 -8.85562 7.66553 0.899227 -0.241632 -0.303792 0.201778 0.48936 -0.000805388 0.138703 0.0551583 0.0808057 0.340864
4.29856 -8.94488 7.58765 0.904081 -0.220126 -0.315022 0.186932 0.489086 -0.000805388 0.138703 0.0551583 0.0808057 0.340864
4.41607 -9.02706 7.50357 0.908182 -0.198437 -0.325989 0.17193 0.488812 -0.000805388 0.138703 0.0551583 0.0808057 0.340864
4.51864 -9.09014 7.42432 0.911048 -0.15683 -0.344853 0.162702 0.359458 -0.380453 0.154057 0.126635 0.188919 0.340864
4.59003 -9.12645 7.36413 0.911928 -0.114881 -0.362966 0.15312 0.230104 -0.380453 0.154057 0.126635 0.188919 0.340864
4.62976 -9.14256 7.32775 0.91082 -0.0726808 -0.380286 0.143203 0.10075 -0.380453 0.154057 0.126635 0.188919 0.340864
4.65609 -9.1516 7.30279 0.909602 -0.0655955 -0.376281 0.163504 0.119204 0.0542748 -0.0956619 -0.00409166 0.0862339 0.340864
4.6872 -9.1622 7.27404 0.907949 -0.0584788 -0.372094 0.183726 0.137657 0.0542748 -0.0956619 -0.00409166 0.0862339 0.340864
4.72317 -9.17434 7.24159 0.905859 -0.051334 -0.367729 0.20386 0.15611 0.0542748 -0.0956619 -0.00409166 0.0862339 0.340864
4.76412 -9.18798 7.20557 0.903335 -0.0441646 -0.363188 0.223896 0.174564 0.0542748 -0.0956619 -0.00409166 0.0862339 0.340864
4.81013 -9.2031 7.16609 0.900378 -0.036974 -0.358473 0.243825 0.193017 0.0542748 -0.0956619 -0.00409166 0.0862339 0.340864
4.8637 -9.22229 7.11926 0.897288 -0.0599861 -0.373336 0.227806 0.240502 0.139661 0.0351257 0.0487561 -0.177679 0.340864
4.92655 -9.24885 7.06083 0.893287 -0.0829372 -0.38782 0.211555 0.287987 0.139661 0.0351257 0.0487561 -0.177679 0.340864
5.01218 -9.28423 6.97934 0.899321 -0.0601207 -0.381875 0.2044 0.437928 0.441002 0.0942695 -0.0201079 0.113923 0.340864
5.08503 -9.31438 6.90727 0.889667 -0.0841664 -0.406037 0.191162 0.190508 -0.727704 0.0129563 0.115942 -0.189452 0.340864
5.15791 -9.34893 6.82424 0.882726 -0.0875372 -0.433144 0.159746 0.490496 0.882316 0.162024 0.139134 -0.126632 0.340864
5.25703 -9.39436 6.70549 0.892225 -0.0949297 -0.425187 0.118906 0.457873 -0.0959504 0.198117 -0.0935256 -0.130114 0.340864
5.35104 -9.43335 6.59513 0.900051 -0.102144 -0.416432 0.0778427 0.425249 -0.0959504 0.198117 -0.0935256 -0.130114 0.340864
5.43982 -9.46648 6.49338 0.906188 -0.109167 -0.406896 0.0366336 0.392626 -0.0959504 0.198117 -0.0935256 -0.130114 0.340864
5.52319 -9.49433 6.40042 0.910625 -0.115985 -0.396597 -0.00464418 0.360003 -0.0959504 0.198117 -0.0935256 -0.130114 0.340864
5.60095 -9.51747 6.31632 0.913353 -0.122585 -0.385553 -0.0459133 0.32738 -0.0959504 0.198117 -0.0935256 -0.130114 0.340864
5.67285 -9.53648 6.24112 0.914368 -0.128955 -0.373786 -0.0870962 0.294757 -0.0959504 0.198117 -0.0935256 -0.130114 0.340864
5.73861 -9.55186 6.17479 0.913667 -0.135084 -0.361318 -0.128116 0.262134 -0.0959504 0.198117 -0.0935256 -0.130114 0.340864
5.79795 -9.56413 6.11722 0.911252 -0.140959 -0.348173 -0.168895 0.229511 -0.0959504 0.198117 -0.0935256 -0.130114 0.340864
5.85053 -9.57375 6.06826 0.907128 -0.146569 -0.334374 -0.209357 0.196888 -0.0959504 0.198117 -0.0935256 -0.130114 0.340864
5.90658 -9.58416 6.01681 0.901678 -0.162607 -0.332077 -0.224187 0.25484 0.170448 0.0523256 0.00543163 -0.122284 0.340864
5.97632 -9.59899 5.95179 0.895767 -0.178561 -0.329611 -0.238902 0.312792 0.170448 0.0523256 0.00543163 -0.122284 0.340864
6.05937 -9.61892 5.873 0.889396 -0.194424 -0.326976 -0.253495 0.370745 0.170448 0.0523256 0.00543163 -0.122284 0.340864
6.15532 -9.6446 5.78024 0.882571 -0.210187 -0.324174 -0.267958 0.428697 0.170448 0.0523256 0.00543163 -0.122284 0.340864
6.24048 -9.6699 5.69469 0.875661 -0.22423 -0.332821 -0.268643 0.296823 -0.387865 -0.00163998 0.0793587 -0.0691244 0.340864
6.29283 -9.68726 5.63884 0.868471 -0.2382 -0.341361 -0.269242 0.164949 -0.387865 -0.00163998 0.0793587 -0.0691244 0.340864
6.33953 -9.70497 5.59021 0.877858 -0.250506 -0.308952 -0.266759 0.245186 0.235991 -0.0976912 -0.16148 -0.0960765 0.340864
6.39921 -9.72713 5.53008 0.878624 -0.229141 -0.328821 -0.259597 0.269971 0.0728951 0.0299221 0.0782454 0.155673 0.340864
6.43333 -9.74007 5.49567 0.880285 -0.26038 -0.302391 -0.256631 0.0251109 -0.720176 -0.113949 -0.0881317 -0.193896 0.340864
6.4596 -9.75192 5.4681 0.873446 -0.260596 -0.331018 -0.244149 0.209516 0.542368 -0.0108472 0.179874 0.0538367 0.340864
6.52359 -9.78153 5.39361 0.865714 -0.260545 -0.359307 -0.231417 0.393921 0.542368 -0.0108472 0.179874 0.0538367 0.340864
6.59632 -9.81786 5.29742 0.846342 -0.280844 -0.384256 -0.239123 0.347056 -0.137838 0.0609589 0.183865 -0.115416 0.340864
6.6532 -9.85017 5.20898 0.825726 -0.300731 -0.408641 -0.246477 0.300191 -0.137838 0.0609589 0.183865 -0.115416 0.340864
6.69594 -9.87799 5.12992 0.803897 -0.320176 -0.432425 -0.253469 0.253327 -0.137838 0.0609589 0.183865 -0.115416 0.340864
6.72259 -9.89874 5.07486 0.800757 -0.348816 -0.421478 -0.243868 0.126737 -0.372324 -0.134211 0.0170083 -0.133269 0.340864
6.73109 -9.90677 5.05673 0.796783 -0.377093 -0.410092 -0.234013 0.000146404 -0.372324 -0.134211 0.0170083 -0.133269 0.340864
6.73266 -9.90822 5.05342 0.799383 -0.349993 -0.417719 -0.252989 0.0230672 0.0674142 0.167685 -0.0499331 0.0975239 0.340864
6.73759 -9.9119 5.04342 0.801056 -0.322487 -0.424861 -0.271672 0.0459881 0.0674142 0.167685 -0.0499331 0.0975239 0.340864
6.74625 -9.91682 5.02663 0.8018 -0.294607 -0.43151 -0.29004 0.0689089 0.0674142 0.167685 -0.0499331 0.0975239 0.340864
6.75896 -9.92197 5.003 0.801614 -0.266386 -0.437659 -0.308071 0.0918297 0.0674142 0.167685 -0.0499331 0.0975239 0.340864
6.77599 -9.92631 4.9726 0.800499 -0.237856 -0.443301 -0.325746 0.114751 0.0674142 0.167685 -0.0499331 0.0975239 0.340864
6.79756 -9.9288 4.93559 0.798456 -0.20905 -0.448429 -0.343042 0.137671 0.0674142 0.167685 -0.0499331 0.0975239 0.340864
6.82382 -9.92841 4.89223 0.795487 -0.180001 -0.453037 -0.359941 0.160592 0.0674142 0.167685 -0.0499331 0.0975239 0.340864
6.85488 -9.92412 4.84286 0.791596 -0.150744 -0.45712 -0.376423 0.183513 0.0674142 0.167685 -0.0499331 0.0975239 0.340864
6.89079 -9.91492 4.78792 0.786787 -0.121312 -0.460672 -0.392468 0.206434 0.0674142 0.167685 -0.0499331 0.0975239 0.340864
6.93984 -9.8993 4.71861 0.80325 -0.0946966 -0.444468 -0.385059 0.301447 0.279451 -0.0117408 -0.175805 0.117625 0.340864
7.01186 -9.87545 4.62742 0.818671 -0.067958 -0.427688 -0.37715 0.39646 0.279451 -0.0117408 -0.175805 0.117625 0.340864
7.10896 -9.84178 4.51689 0.833031 -0.0411312 -0.410352 -0.368752 0.491474 0.279451 -0.0117408 -0.175805 0.117625 0.340864
7.21853 -9.8063 4.39512 0.829539 -0.0696429 -0.414277 -0.367952 0.494537 0.00900936 -0.0642284 0.0897132 -0.130131 0.340864
7.32639 -9.77814 4.26858 0.82535 -0.0980961 -0.417854 -0.366842 0.4976 0.00900936 -0.0642284 0.0897132 -0.130131 0.340864
7.40817 -9.76249 4.17117 0.831833 -0.119037 -0.403623 -0.361901 0.256246 -0.709864 -0.0976744 -0.0369894 -0.116504 0.340864
7.43814 -9.75898 4.13634 0.837728 -0.139894 -0.389107 -0.356704 0.0148924 -0.709864 -0.0976744 -0.0369894 -0.116504 0.340864
7.47516 -9.75403 4.09303 0.827981 -0.114811 -0.407791 -0.367385 0.321536 0.901893 0.145898 0.052971 0.130363 0.340864
7.54415 -9.74379 4.01477 0.836688 -0.119504 -0.384855 -0.37089 0.295229 -0.0773746 -0.0284938 -0.124836 -0.0749561 0.340864
7.61045 -9.73674 3.94584 0.844862 -0.12412 -0.361674 -0.374159 0.268921 -0.0773746 -0.0284938 -0.124836 -0.0749561 0.340864
7.6733 -9.73251 3.8859 0.852499 -0.128657 -0.338262 -0.37719 0.242614 -0.0773746 -0.0284938 -0.124836 -0.0749561 0.340864
7.73199 -9.7307 3.83454 0.859593 -0.133112 -0.314636 -0.379981 0.216306 -0.0773746 -0.0284938 -0.124836 -0.0749561 0.340864
7.7782 -9.72853 3.79419 0.849217 -0.117577 -0.34359 -0.383343 0.144834 -0.210214 0.0916358 0.128274 0.128949 0.340864
7.81998 -9.72547 3.75591 0.843336 -0.13218 -0.338395 -0.395982 0.189024 0.129971 0.0432934 0.0101233 -0.11428 0.340864
7.87278 -9.72293 3.70735 0.837089 -0.146725 -0.333053 -0.408448 0.233214 0.129971 0.0432934 0.0101233 -0.11428 0.340864
7.93652 -9.72146 3.64845 0.830478 -0.161206 -0.327566 -0.420737 0.277404 0.129971 0.0432934 0.0101233 -0.11428 0.340864
8.01109 -9.72162 3.5791 0.823505 -0.175618 -0.321937 -0.432844 0.321595 0.129971 0.0432934 0.0101233 -0.11428 0.340864
8.08928 -9.72237 3.504 0.815073 -0.181159 -0.334038 -0.437328 0.316183 -0.0159173 0.0452 0.0840671 -0.0132333 0.340864
8.16401 -9.72229 3.428 0.806423 -0.186651 -0.346049 -0.441694 0.310771 -0.0159173 0.0452 0.0840671 -0.0132333 0.340864
8.23528 -9.72138 3.35126 0.797555 -0.192093 -0.357968 -0.445942 0.305359 -0.0159173 0.0452 0.0840671 -0.0132333 0.340864
8.30312 -9.71962 3.27391 0.788474 -0.197484 -0.36979 -0.450071 0.299947 -0.0159173 0.0452 0.0840671 -0.0132333 0.340864
8.36756 -9.717 3.19611 0.779181 -0.202822 -0.381514 -0.454079 0.294535 -0.0159173 0.0452 0.0840671 -0.0132333 0.340864
8.42863 -9.71353 3.11799 0.769679 -0.208105 -0.393134 -0.457964 0.289123 -0.0159173 0.0452 0.0840671 -0.0132333 0.340864
8.48638 -9.70919 3.0397 0.759971 -0.213332 -0.40465 -0.461727 0.283711 -0.0159173 0.0452 0.0840671 -0.0132333 0.340864
8.54083 -9.70399 2.96138 0.750059 -0.218503 -0.416057 -0.465366 0.2783 -0.0159173 0.0452 0.0840671 -0.0132333 0.340864
8.59205 -9.69794 2.88315 0.739945 -0.223614 -0.427352 -0.46888 0.272888 -0.0159173 0.0452 0.0840671 -0.0132333 0.340864
8.65208 -9.69459 2.78686 0.746981 -0.255521 -0.416282 -0.451041 0.395057 0.359321 -0.191871 0.045609 -0.11534 0.340864
8.69372 -9.6936 2.71482 0.73068 -0.249497 -0.452918 -0.445784 0.0945273 -0.88391 0.0899932 0.192874 0.112075 0.340864
8.72195 -9.68964 2.66369 0.729282 -0.22541 -0.449307 -0.464178 0.249878 0.456915 0.141623 -0.101972 0.0430109 0.340864
8.77873 -9.67688 2.56876 0.727203 -0.201112 -0.445277 -0.482139 0.40523 0.456915 0.141623 -0.101972 0.0430109 0.340864
8.84915 -9.65439 2.44773 0.698572 -0.206496 -0.471205 -0.497316 0.429153 0.0703614 0.162739 0.183274 -0.023129 0.340864
8.91575 -9.62399 2.31687 0.668717 -0.211519 -0.496307 -0.511621 0.453075 0.0703614 0.162739 0.183274 -0.023129 0.340864
8.97758 -9.58478 2.17677 0.637691 -0.216172 -0.520541 -0.525031 0.476998 0.0703614 0.162739 0.183274 -0.023129 0.340864
9.02656 -9.54725 2.06365 0.623272 -0.203141 -0.509378 -0.557494 0.281068 -0.576266 0.192061 -0.0792653 -0.103357 0.340864
9.05138 -9.52631 2.00994 0.606714 -0.191273 -0.517599 -0.572193 0.0881554 -0.567389 0.153589 0.0232725 0.00664047 0.340864
9.07052 -9.50699 1.96659 0.604573 -0.175804 -0.537249 -0.561202 0.212934 0.366997 0.0371954 0.0369481 0.152421 0.340864
9.10273 -9.46899 1.88734 0.601979 -0.160202 -0.556495 -0.549791 0.337713 0.366997 0.0371954 0.0369481 0.152421 0.340864
9.14518 -9.41004 1.77234 0.598932 -0.14448 -0.575324 -0.537966 0.462492 0.366997 0.0371954 0.0369481 0.152421 0.340864
9.1858 -9.34786 1.66068 0.584989 -0.133802 -0.571734 -0.559468 0.32646 -0.400093 0.152985 -0.0175257 -0.0583677 0.340864
9.2182 -9.29903 1.57744 0.612173 -0.11099 -0.56951 -0.537199 0.272313 -0.159256 -0.0911482 -0.156672 0.167521 0.340864
9.2461 -9.2596 1.50948 0.63828 -0.0879816 -0.566284 -0.513985 0.218166 -0.159256 -0.0911482 -0.156672 0.167521 0.340864
9.26891 -9.22924 1.45676 0.663263 -0.0648188 -0.562061 -0.489865 0.164019 -0.159256 -0.0911482 -0.156672 0.167521 0.340864
9.28602 -9.2077 1.4192 0.687079 -0.0415418 -0.556848 -0.464884 0.109872 -0.159256 -0.0911482 -0.156672 0.167521 0.340864
9.29682 -9.19477 1.39665 0.709685 -0.0181917 -0.550656 -0.439084 0.055725 -0.159256 -0.0911482 -0.156672 0.167521 0.340864
9.30071 -9.19032 1.3889 0.731042 0.00519035 -0.543494 -0.412511 0.00157794 -0.159256 -0.0911482 -0.156672 0.167521 0.340864
9.30513 -9.18489 1.37972 0.712953 0.00344337 -0.5612 -0.420407 0.0663689 0.190562 0.0717304 0.138469 0.0107631 0.340864
9.31683 -9.16849 1.35285 0.69436 0.00169395 -0.578509 -0.428005 0.13116 0.190562 0.0717304 0.138469 0.0107631 0.340864
9.33404 -9.14021 1.30818 0.675276 -5.66619e-05 -0.595411 -0.435302 0.195951 0.190562 0.0717304 0.138469 0.0107631 0.340864
9.35501 -9.09913 1.24573 0.655716 -0.00180723 -0.611892 -0.442291 0.260742 0.190562 0.0717304 0.138469 0.0107631 0.340864
9.37799 -9.04436 1.1657 0.635693 -0.00355653 -0.62794 -0.448968 0.325533 0.190562 0.0717304 0.138469 0.0107631 0.340864
9.40122 -8.97503 1.06844 0.615221 -0.00530332 -0.643546 -0.455328 0.390324 0.190562 0.0717304 0.138469 0.0107631 0.340864
9.42297 -8.89027 0.954443 0.594315 -0.00704636 -0.658697 -0.461366 0.455115 0.190562 0.0717304 0.138469 0.0107631 0.340864
9.43535 -8.83034 0.876792 0.57933 -0.00917655 -0.665132 -0.471054 0.126456 -0.966642 0.0665555 0.0859435 -0.0281456 0.340864
9.43995 -8.80328 0.844486 0.562817 0.0102579 -0.669926 -0.484077 0.122924 -0.0103908 0.166456 0.0263948 0.0276735 0.340864
9.4439 -8.77522 0.814596 0.54583 0.0296837 -0.674155 -0.496692 0.119391 -0.0103908 0.166456 0.0263948 0.0276735 0.340864
9.44793 -8.72711 0.763922 0.535194 0.00794482 -0.695109 -0.479924 0.292386 0.50881 -0.112657 0.170079 0.0597906 0.340864
9.44832 -8.64203 0.667233 0.52386 -0.0138044 -0.715156 -0.462529 0.465382 0.50881 -0.112657 0.170079 0.0597906 0.340864
9.44539 -8.54757 0.554089 0.533751 -0.0135123 -0.712729 -0.454912 0.401806 -0.186988 -0.0493523 -0.0492669 0.0271424 0.340864
9.44377 -8.46861 0.456164 0.543556 -0.0132181 -0.710186 -0.447222 0.33823 -0.186988 -0.0493523 -0.0492669 0.0271424 0.340864
9.44357 -8.38838 0.3615 0.538585 0.018865 -0.705029 -0.460982 0.391826 0.157637 0.190743 -0.0812133 0.0311486 0.340864
9.44523 -8.28954 0.259138 0.53293 0.0509241 -0.698976 -0.474157 0.445423 0.157637 0.190743 -0.0812133 0.0311486 0.340864
9.44897 -8.17077 0.151208 0.526599 0.0829185 -0.692035 -0.48673 0.499019 0.157637 0.190743 -0.0812133 0.0311486 0.340864
9.45453 -8.06914 0.0631841 0.539187 0.0768301 -0.682488 -0.487426 0.292569 -0.607206 -0.0540157 -0.0630471 -0.0551689 0.340864
9.45892 -8.02133 0.0203025 0.55162 0.0707197 -0.672746 -0.487982 0.086119 -0.607206 -0.0540157 -0.0630471 -0.0551689 0.340864
9.4632 -7.98951 -0.0100932 0.580349 0.0774435 -0.663751 -0.465437 0.174 0.258472 -0.125301 -0.171596 0.0732848 0.340864
9.47206 -7.93814 -0.0627499 0.60823 0.0840542 -0.653788 -0.442212 0.26188 0.258472 -0.125301 -0.171596 0.0732848 0.340864
9.48709 -7.86888 -0.138829 0.635224 0.0905423 -0.64287 -0.418342 0.349761 0.258472 -0.125301 -0.171596 0.0732848 0.340864
9.51002 -7.78341 -0.239245 0.661291 0.0968982 -0.631014 -0.393861 0.437642 0.258472 -0.125301 -0.171596 0.0732848 0.340864
9.52858 -7.72788 -0.309582 0.69096 0.0883221 -0.613989 -0.371203 0.100772 -0.990793 -0.179058 -0.169449 -0.00561484 0.340864
9.53412 -7.71273 -0.329078 0.682918 0.12408 -0.618747 -0.36794 0.0481213 -0.154854 0.131002 -0.0313971 0.171732 0.340864
9.53806 -7.70049 -0.344178 0.695878 0.13902 -0.61919 -0.336201 0.0685296 0.0600244 -0.101524 -0.100914 0.167073 0.340864
9.54316 -7.68439 -0.364944 0.707865 0.153764 -0.618767 -0.303991 0.0889379 0.0600244 -0.101524 -0.100914 0.167073 0.340864
9.54935 -7.66466 -0.391565 0.718862 0.168294 -0.617479 -0.271357 0.109346 0.0600244 -0.101524 -0.100914 0.167073 0.340864
9.55659 -7.64157 -0.424222 0.728853 0.182589 -0.615327 -0.238343 0.129755 0.0600244 -0.101524 -0.100914 0.167073 0.340864
9.56489 -7.61539 -0.463082 0.737825 0.196628 -0.612314 -0.204996 0.150163 0.0600244 -0.101524 -0.100914 0.167073 0.340864
9.57425 -7.5864 -0.508303 0.745765 0.210392 -0.608445 -0.171361 0.170571 0.0600244 -0.101524 -0.100914 0.167073 0.340864
9.58475 -7.5549 -0.560024 0.752662 0.223861 -0.603725 -0.137488 0.190979 0.0600244 -0.101524 -0.100914 0.167073 0.340864
9.59647 -7.52118 -0.618369 0.758506 0.237018 -0.59816 -0.103421 0.211388 0.0600244 -0.101524 -0.100914 0.167073 0.340864
9.60953 -7.48553 -0.683444 0.763289 0.249843 -0.591759 -0.0692106 0.231796 0.0600244 -0.101524 -0.100914 0.167073 0.340864
9.617 -7.46611 -0.718232 0.772486 0.284725 -0.564266 -0.0616552 0.00668435 -0.662093 0.124202 -0.180823 0.158263 0.340864
9.62451 -7.44767 -0.749541 0.773119 0.270708 -0.570148 -0.0627296 0.211562 0.602582 -0.0517243 0.0315094 -0.0661878 0.340864
9.64009 -7.40561 -0.825317 0.758303 0.274755 -0.589689 -0.0418723 0.30649 0.279198 -0.106952 0.10387 0.119178 0.340864
9.65545 -7.35118 -0.931523 0.742688 0.278512 -0.608609 -0.0209709 0.401417 0.279198 -0.106952 0.10387 0.119178 0.340864
9.66745 -7.28645 -1.06919 0.726292 0.281976 -0.626889 -4.73476e-05 0.496344 0.279198 -0.106952 0.10387 0.119178 0.340864
9.67788 -7.2159 -1.21488 0.732521 0.300591 -0.610562 -0.0164843 0.458007 -0.112756 0.165975 -0.0654723 0.00858435 0.340864
9.69021 -7.14354 -1.34476 0.738074 0.31893 -0.593673 -0.0329061 0.41967 -0.112756 0.165975 -0.0654723 0.00858435 0.340864
9.70385 -7.0709 -1.4591 0.742947 0.336974 -0.576236 -0.0492976 0.381333 -0.112756 0.165975 -0.0654723 0.00858435 0.340864
9.71316 -7.0254 -1.52323 0.749639 0.358548 -0.553389 -0.0569656 0.0844829 -0.873088 0.15001 -0.113606 0.0484093 0.340864
9.72011 -6.99157 -1.56457 0.748246 0.387253 -0.534901 -0.0635997 0.23246 0.435227 0.162191 -0.0726356 0.101747 0.340864
9.73317 -6.92156 -1.64061 0.745946 0.415489 -0.515763 -0.0701569 0.380438 0.435227 0.162191 -0.0726356 0.101747 0.340864
9.74578 -6.86124 -1.70053 0.764036 0.41709 -0.485806 -0.079228 0.125288 -0.75044 0.110436 -0.16486 -0.0770899 0.340864
9.75839 -6.82063 -1.73679 0.788537 0.408415 -0.448383 -0.101778 0.203558 0.230205 0.157019 -0.178917 -0.18106 0.340864
9.78378 -6.75933 -1.78579 0.811 0.398684 -0.409802 -0.124064 0.281828 0.230205 0.157019 -0.178917 -0.18106 0.340864
9.82607 -6.67732 -1.84396 0.831367 0.387923 -0.370161 -0.14603 0.360097 0.230205 0.157019 -0.178917 -0.18106 0.340864
9.88905 -6.57524 -1.90739 0.849586 0.37616 -0.329563 -0.167618 0.438367 0.230205 0.157019 -0.178917 -0.18106 0.340864
9.96591 -6.46824 -1.9669 0.863883 0.356106 -0.302456 -0.188187 0.412256 -0.0767979 0.109832 -0.0979315 -0.198513 0.340864
10.0465 -6.37099 -2.01653 0.876657 0.335425 -0.274815 -0.208423 0.386145 -0.0767979 0.109832 -0.0979315 -0.198513 0.340864
10.1292 -6.28381 -2.05695 0.887883 0.314151 -0.24669 -0.228292 0.360033 -0.0767979 0.109832 -0.0979315 -0.198513 0.340864
10.2127 -6.20685 -2.08892 0.897543 0.292324 -0.218129 -0.247758 0.333922 -0.0767979 0.109832 -0.0979315 -0.198513 0.340864
10.2954 -6.14007 -2.11325 0.905619 0.26998 -0.189183 -0.266786 0.307811 -0.0767979 0.109832 -0.0979315 -0.198513 0.340864
10.3761 -6.08327 -2.13078 0.912097 0.24716 -0.159903 -0.285344 0.281699 -0.0767979 0.109832 -0.0979315 -0.198513 0.340864
10.4534 -6.03608 -2.1424 0.916966 0.223904 -0.130342 -0.303399 0.255588 -0.0767979 0.109832 -0.0979315 -0.198513 0.340864
10.5262 -5.99796 -2.14901 0.920217 0.200253 -0.10055 -0.320918 0.229477 -0.0767979 0.109832 -0.0979315 -0.198513 0.340864
10.5886 -5.96621 -2.15112 0.908757 0.228651 -0.0857645 -0.338415 0.182892 -0.137016 0.150599 -0.106276 0.128987 0.340864
10.634 -5.94113 -2.15239 0.900069 0.229164 -0.117897 -0.351368 0.12213 -0.178709 0.0435864 0.192593 0.071877 0.340864
10.6608 -5.92537 -2.15467 0.890233 0.229385 -0.14988 -0.363873 0.0613692 -0.178709 0.0435864 0.192593 0.071877 0.340864
10.6697 -5.91984 -2.15589 0.879261 0.229314 -0.181671 -0.375914 0.000608006 -0.178709 0.0435864 0.192593 0.071877 0.340864
10.692 -5.90397 -2.15877 0.864444 0.266774 -0.168635 -0.39132 0.161489 0.47318 0.17012 -0.11368 0.168503 0.340864
10.7564 -5.85295 -2.16257 0.847872 0.303693 -0.155257 -0.405931 0.32237 0.47318 0.17012 -0.11368 0.168503 0.340864
10.8587 -5.76203 -2.15996 0.829578 0.339995 -0.141563 -0.419719 0.483251 0.47318 0.17012 -0.11368 0.168503 0.340864
10.9449 -5.685 -2.15114 0.839622 0.331148 -0.0996241 -0.418868 0.198614 -0.837169 0.0475776 -0.192943 -0.166148 0.340864
11.0101 -5.62724 -2.14202 0.848613 0.353202 -0.100545 -0.380782 0.316719 0.347369 -0.199197 -0.129293 0.116037 0.340864
11.1013 -5.53853 -2.13046 0.855891 0.374543 -0.101263 -0.341927 0.434824 0.347369 -0.199197 -0.129293 0.116037 0.340864
11.2082 -5.43521 -2.12183 0.870695 0.345389 -0.11242 -0.3316 0.441552 0.0197858 -0.123742 0.0832554 -0.150838 0.340864
11.3222 -5.33581 -2.12051 0.884367 0.315786 -0.12343 -0.320842 0.448279 0.0197858 -0.123742 0.0832554 -0.150838 0.340864
11.4429 -5.24106 -2.12664 0.896889 0.285772 -0.13428 -0.309666 0.455006 0.0197858 -0.123742 0.0832554 -0.150838 0.340864
11.5698 -5.15172 -2.1403 0.908245 0.255387 -0.144955 -0.298088 0.461733 0.0197858 -0.123742 0.0832554 -0.150838 0.340864
11.7025 -5.06851 -2.16152 0.91842 0.224669 -0.155442 -0.286123 0.46846 0.0197858 -0.123742 0.0832554 -0.150838 0.340864
11.8406 -4.99216 -2.19029 0.927401 0.19366 -0.165727 -0.273785 0.475187 0.0197858 -0.123742 0.0832554 -0.150838 0.340864
11.9835 -4.92335 -2.22655 0.935176 0.162399 -0.175796 -0.261092 0.481915 0.0197858 -0.123742 0.0832554 -0.150838 0.340864
12.0955 -4.87257 -2.2549 0.940849 0.178354 -0.152997 -0.244102 0.260849 -0.650192 -0.0639073 -0.172052 0.0649166 0.340864
12.141 -4.85131 -2.26434 0.945491 0.194114 -0.13003 -0.226845 0.0397838 -0.650192 -0.0639073 -0.172052 0.0649166 0.340864
12.154 -4.84456 -2.26649 0.936327 0.226173 -0.128196 -0.236016 0.0472216 0.0218758 0.0898694 -0.035508 0.179342 0.340864
12.1687 -4.83568 -2.26857 0.92604 0.257961 -0.126207 -0.244904 0.0546593 0.0218758 0.0898694 -0.035508 0.179342 0.340864
12.185 -4.82443 -2.27042 0.914642 0.28944 -0.124068 -0.253498 0.0620971 0.0218758 0.0898694 -0.035508 0.179342 0.340864
12.2025 -4.8106 -2.2719 0.902148 0.320572 -0.121779 -0.261788 0.0695349 0.0218758 0.0898694 -0.035508 0.179342 0.340864
12.2211 -4.79401 -2.27282 0.888571 0.351319 -0.119345 -0.269765 0.0769726 0.0218758 0.0898694 -0.035508 0.179342 0.340864
12.2403 -4.77451 -2.27302 0.873929 0.381644 -0.116767 -0.277417 0.0844104 0.0218758 0.0898694 -0.035508 0.179342 0.340864
12.2601 -4.75197 -2.27232 0.858239 0.411513 -0.11405 -0.284738 0.0918482 0.0218758 0.0898694 -0.035508 0.179342 0.340864
12.2799 -4.72631 -2.27055 0.84152 0.440887 -0.111195 -0.291716 0.0992859 0.0218758 0.0898694 -0.035508 0.179342 0.340864
12.2996 -4.69748 -2.26753 0.823791 0.469733 -0.108208 -0.298345 0.106724 0.0218758 0.0898694 -0.035508 0.179342 0.340864
12.3187 -4.66546 -2.26309 0.805075 0.498016 -0.10509 -0.304616 0.114161 0.0218758 0.0898694 -0.035508 0.179342 0.340864
12.3321 -4.64199 -2.25894 0.797078 0.488652 -0.099056 -0.340697 0.0467628 -0.198231 0.197136 0.0988695 -0.054048 0.340864
12.3665 -4.58355 -2.24594 0.785758 0.491441 -0.10147 -0.361626 0.359552 0.919969 0.115514 0.0724904 0.0382611 0.340864
12.4163 -4.49169 -2.22118 0.763807 0.530255 -0.0749229 -0.360298 0.272368 -0.256425 0.140533 -0.196094 0.187268 0.340864
12.4468 -4.42406 -2.19787 0.739797 0.567641 -0.0481739 -0.358 0.185183 -0.256425 0.140533 -0.196094 0.187268 0.340864
12.462 -4.38188 -2.18036 0.713793 0.603496 -0.0212951 -0.354736 0.0979986 -0.256425 0.140533 -0.196094 0.187268 0.340864
12.4664 -4.36569 -2.17261 0.685866 0.637726 0.00564112 -0.350517 0.010814 -0.256425 0.140533 -0.196094 0.187268 0.340864
12.4701 -4.34627 -2.16166 0.67239 0.651557 0.0339463 -0.349589 0.122109 0.327338 0.129789 -0.146674 0.0479736 0.340864
12.4777 -4.29544 -2.1299 0.658124 0.664624 0.0622116 -0.34825 0.233404 0.327338 0.129789 -0.146674 0.0479736 0.340864
12.4863 -4.21494 -2.07421 0.643085 0.676909 0.0904039 -0.346502 0.344699 0.327338 0.129789 -0.146674 0.0479736 0.340864
12.4924 -4.10678 -1.99183 0.62729 0.688399 0.11849 -0.344347 0.455994 0.327338 0.129789 -0.146674 0.0479736 0.340864
12.4919 -4.03098 -1.93004 0.598731 0.711737 0.12939 -0.343817 0.119393 -0.990001 0.083788 -0.109574 0.179359 0.340864
12.4921 -3.98394 -1.88981 0.622619 0.680432 0.124674 -0.365807 0.244792 0.368819 0.033225 0.190236 -0.184055 0.340864
12.5016 -3.90556 -1.82133 0.645227 0.647727 0.119701 -0.387044 0.37019 0.368819 0.033225 0.190236 -0.184055 0.340864
12.5279 -3.79753 -1.72497 0.666508 0.613691 0.114482 -0.407486 0.495588 0.368819 0.033225 0.190236 -0.184055 0.340864
12.5725 -3.67971 -1.6138 0.679959 0.575045 0.120773 -0.438625 0.49308 -0.00737724 0.138643 0.189522 -0.194269 0.340864
12.6315 -3.57118 -1.50121 0.691586 0.534857 0.12674 -0.468588 0.490572 -0.00737724 0.138643 0.189522 -0.194269 0.340864
12.7042 -3.47284 -1.38857 0.701356 0.493232 0.132367 -0.497293 0.488064 -0.00737724 0.138643 0.189522 -0.194269 0.340864
12.79 -3.3855 -1.27723 0.709244 0.450285 0.137639 -0.524663 0.485555 -0.00737724 0.138643 0.189522 -0.194269 0.340864
12.8815 -3.30131 -1.16951 0.719148 0.455021 0.122948 -0.510555 0.482244 -0.00974007 -0.132181 0.017328 0.0274475 0.340864
12.9722 -3.21215 -1.06694 0.728666 0.459513 0.108191 -0.496174 0.478932 -0.00974007 -0.132181 0.017328 0.0274475 0.340864
13.062 -3.11828 -0.969714 0.737794 0.463759 0.0933758 -0.481527 0.47562 -0.00974007 -0.132181 0.017328 0.0274475 0.340864
13.1508 -3.02 -0.877986 0.746527 0.467757 0.0785109 -0.466623 0.472309 -0.00974007 -0.132181 0.017328 0.0274475 0.340864
13.2386 -2.91761 -0.791913 0.754861 0.471504 0.063604 -0.451469 0.468997 -0.00974007 -0.132181 0.017328 0.0274475 0.340864
13.3253 -2.8114 -0.71163 0.76279 0.474999 0.048663 -0.436072 0.465686 -0.00974007 -0.132181 0.017328 0.0274475 0.340864
13.4065 -2.70254 -0.638407 0.766801 0.494483 0.0367479 -0.407618 0.442193 -0.069096 -0.176875 -0.0748899 0.0986574 0.340864
13.4783 -2.59278 -0.573485 0.769779 0.513301 0.0247832 -0.378614 0.4187 -0.069096 -0.176875 -0.0748899 0.0986574 0.340864
13.5411 -2.48326 -0.516859 0.77172 0.531427 0.0127852 -0.3491 0.395208 -0.069096 -0.176875 -0.0748899 0.0986574 0.340864
13.5953 -2.37511 -0.468412 0.772621 0.548837 0.000769866 -0.319115 0.371715 -0.069096 -0.176875 -0.0748899 0.0986574 0.340864
13.6417 -2.26936 -0.427928 0.772481 0.565507 -0.0112465 -0.288701 0.348222 -0.069096 -0.176875 -0.0748899 0.0986574 0.340864
13.6858 -2.16845 -0.392154 0.781022 0.547164 -0.0131202 -0.30074 0.332822 -0.0452946 0.0327592 0.079156 -0.109386 0.340864
13.7244 -2.07873 -0.362164 0.781098 0.568624 -0.0107432 -0.257755 0.268278 -0.189836 -0.188383 -0.187313 0.0974971 0.340864
13.7509 -2.00593 -0.34138 0.779366 0.588768 -0.00834133 -0.214174 0.203734 -0.189836 -0.188383 -0.187313 0.0974971 0.340864
13.7683 -1.95296 -0.328808 0.788552 0.591001 -0.00210559 -0.169996 0.13247 -0.209599 -0.192466 -0.184917 -0.0272784 0.340864
13.7782 -1.92211 -0.322913 0.796099 0.592004 0.00413453 -0.125465 0.0612064 -0.209599 -0.192466 -0.184917 -0.0272784 0.340864
13.8009 -1.85138 -0.308669 0.792524 0.590994 0.0203882 -0.14905 0.383737 0.948618 0.169733 0.00667488 -0.00370139 0.340864
13.843 -1.72154 -0.279843 0.788841 0.59022 0.00157275 -0.171369 0.436992 0.156634 0.0419658 0.165567 0.028371 0.340864
13.891 -1.57484 -0.247873 0.784475 0.588935 -0.0172441 -0.193539 0.490248 0.156634 0.0419658 0.165567 0.028371 0.340864
13.9433 -1.42321 -0.20978 0.788071 0.579319 0.0130214 -0.20776 0.479684 -0.0310685 0.165434 -0.0798324 -0.0927466 0.340864
13.998 -1.27892 -0.162848 0.790703 0.568995 0.0432709 -0.221726 0.469121 -0.0310685 0.165434 -0.0798324 -0.0927466 0.340864
14.0544 -1.14243 -0.107661 0.792367 0.557974 0.0734675 -0.23542 0.458558 -0.0310685 0.165434 -0.0798324 -0.0927466 0.340864
14.1121 -1.0141 -0.0448351 0.793061 0.54627 0.103574 -0.248827 0.447994 -0.0310685 0.165434 -0.0798324 -0.0927466 0.340864
14.1563 -0.910649 0.00843682 0.780692 0.572883 0.0995492 -0.228944 0.284374 -0.481236 -0.103822 -0.091623 0.157706 0.340864
14.1768 -0.851262 0.0365888 0.767329 0.598766 0.0953974 -0.208769 0.120754 -0.481236 -0.103822 -0.091623 0.157706 0.340864
14.1874 -0.812228 0.0556299 0.747094 0.61645 0.126977 -0.213816 0.1422 0.0630748 0.148982 -0.15788 0.115174 0.340864
14.1966 -0.7676 0.0806299 0.725555 0.633057 0.158335 -0.218491 0.163645 0.0630748 0.148982 -0.15788 0.115174 0.340864
14.2035 -0.717891 0.11215 0.70275 0.648561 0.189417 -0.222784 0.18509 0.0630748 0.148982 -0.15788 0.115174 0.340864
14.2072 -0.663714 0.150639 0.678719 0.662932 0.220168 -0.226689 0.206536 0.0630748 0.148982 -0.15788 0.115174 0.340864
14.2066 -0.605777 0.196424 0.653503 0.676147 0.250535 -0.230198 0.227981 0.0630748 0.148982 -0.15788 0.115174 0.340864
14.2007 -0.544872 0.249707 0.627147 0.688182 0.280465 -0.233305 0.249427 0.0630748 0.148982 -0.15788 0.115174 0.340864
14.1885 -0.481871 0.310555 0.599697 0.699016 0.309906 -0.236006 0.270872 0.0630748 0.148982 -0.15788 0.115174 0.340864
14.1692 -0.417712 0.378898 0.571201 0.70863 0.338805 -0.238294 0.292318 0.0630748 0.148982 -0.15788 0.115174 0.340864
14.1418 -0.35339 0.45453 0.541707 0.717008 0.367114 -0.240167 0.313763 0.0630748 0.148982 -0.15788 0.115174 0.340864
14.1054 -0.289947 0.537101 0.511269 0.724135 0.394782 -0.24162 0.335209 0.0630748 0.148982 -0.15788 0.115174 0.340864
14.0779 -0.243934 0.597715 0.53615 0.718327 0.37488 -0.236675 0.140902 -0.571489 -0.121546 0.104843 -0.106669 0.340864
14.064 -0.217548 0.629089 0.543289 0.720444 0.37971 -0.204006 0.113634 -0.0802003 -0.0972467 -0.140503 -0.102272 0.340864
14.0528 -0.195641 0.652512 0.549805 0.721735 0.384105 -0.171104 0.086366 -0.0802003 -0.0972467 -0.140503 -0.102272 0.340864
14.0443 -0.178877 0.668618 0.555691 0.722199 0.388059 -0.138006 0.0590979 -0.0802003 -0.0972467 -0.140503 -0.102272 0.340864
14.039 -0.1679 0.678089 0.560941 0.721836 0.391569 -0.10475 0.0318298 -0.0802003 -0.0972467 -0.140503 -0.102272 0.340864
14.0368 -0.163325 0.681647 0.565547 0.720645 0.394631 -0.0713731 0.00456168 -0.0802003 -0.0972467 -0.140503 -0.102272 0.340864
