0 0 0 0 0 0 1 4.66374e-310 0 0 0 0 0
0.249725 -0.0295857 0.0325872 0.0478377 -0.0996772 -0.0841368 0.990301 0.498151 0.488384 0.0941039 -0.19608 -0.165509 1.02259
0.445214 -0.0540621 0.0763798 0.00669165 -0.129766 -0.0155746 0.9914 0.0959783 -0.591431 -0.147725 -0.0868873 0.183897 0.681728
0.935606 -0.21664 0.0726208 0.178096 0.0610205 -0.256369 0.948068 0.345203 0.104716 0.175488 0.156625 -0.185308 2.38605
1.3 -0.410476 0.00776753 0.180382 -0.000420565 -0.242275 0.953292 0.146622 -0.116812 -0.0160758 -0.0725956 0.00426139 1.70432
1.71234 -0.550998 -0.0170062 0.303373 -0.0214574 -0.106289 0.946682 0.368213 0.130348 0.13404 -0.0880117 0.14706 1.70432
1.88573 -0.597805 -0.011156 0.266339 -0.0956483 -0.140221 0.948817 0.160898 -0.304875 -0.126241 -0.164805 -0.162567 0.681728
2.1319 -0.700395 -0.00311371 0.190897 -0.0309025 -0.222503 0.955561 0.362963 0.198103 -0.110953 0.18595 -0.131928 1.02259
2.1987 -0.733315 -0.00382066 0.19084 -0.0534208 -0.224934 0.954008 0.0751808 -0.84642 -0.0276076 -0.124063 -0.0409963 0.340864
2.84531 -1.06447 0.0559806 -0.0187505 -0.058635 -0.2335 0.970406 0.46101 0.141849 -0.150966 0.033098 -0.0123531 2.72691
3.29687 -1.24358 0.117963 0.0717137 -0.079053 -0.111963 0.987964 0.116292 -0.202775 0.0900289 -0.0444447 0.150864 1.70432
3.36793 -1.26383 0.132504 0.157426 -0.16097 -0.142349 0.963869 0.0315305 -0.0830991 0.156561 -0.177427 -0.0625478 1.02259
3.42147 -1.29218 0.144033 0.253975 -0.135207 -0.265986 0.920036 0.0594733 0.0205462 0.18249 0.0347114 -0.156315 1.36346
3.67659 -1.57839 0.284331 0.215774 -0.373463 -0.358239 0.828029 0.34494 0.139935 -0.0622314 -0.196641 -0.173776 2.04519
3.99926 -2.17224 0.657697 0.144638 -0.380802 -0.410202 0.815968 0.412374 0.033056 -0.0387998 0.0256365 -0.0741158 2.04519
4.08325 -2.34363 0.764446 0.214377 -0.392928 -0.383215 0.807958 0.230875 -0.266911 0.126041 -0.133819 0.128175 0.681728
4.12165 -2.42472 0.816177 0.198594 -0.424024 -0.382667 0.796448 0.378463 0.434083 -0.131894 -0.13954 -0.0990549 0.340864
4.16296 -2.53011 0.886761 0.198042 -0.448761 -0.403168 0.77256 0.406466 0.0823604 0.0207836 -0.150324 -0.180141 0.340864
4.41081 -3.08649 1.36001 0.261724 -0.520297 -0.226735 0.78063 0.351747 -0.0268231 -0.0596341 -0.110805 0.151974 2.04519
4.5515 -3.32705 1.59209 0.254334 -0.455753 -0.290773 0.801907 0.35997 0.00806152 0.0719001 0.156878 -0.0630685 1.02259
4.94381 -3.78935 2.12431 0.176655 -0.450404 -0.122679 0.866533 0.117406 -0.0713422 -0.0910449 0.00803856 0.0707754 3.40864
5.03238 -3.8642 2.26072 0.185103 -0.502629 -0.158071 0.829527 0.409605 0.429705 0.0688591 -0.166936 -0.119605 0.681728
5.2547 -4.00163 2.5801 0.142547 -0.42335 -0.0316811 0.894121 0.200054 -0.154081 -0.145173 0.120513 0.160076 1.36346
5.57754 -3.98741 2.9347 0.0456555 -0.379043 0.127295 0.915444 0.367725 0.09863 -0.184165 0.0343908 0.127987 1.70432
5.98554 -3.87836 3.3574 -0.0884579 -0.393946 0.0527245 0.913346 0.335281 -0.0190852 -0.109275 -0.0331975 -0.141164 1.70432
6.24021 -3.81948 3.64688 0.00903677 -0.430401 0.0769472 0.899306 0.238512 -0.0711531 0.118147 -0.0464784 0.0950317 1.36346
6.40022 -3.80024 3.90196 0.0230091 -0.534648 0.0112023 0.844687 0.206533 -0.0235144 0.0728366 -0.170506 -0.0735345 1.36346
6.49842 -3.79478 4.06955 -0.0234324 -0.456151 0.0225131 0.889309 0.175084 -0.0308323 -0.0926746 0.175565 -0.027439 1.02259
6.83699 -3.73106 4.593 -0.153604 -0.496375 -0.00908276 0.854362 0.351785 0.0742444 -0.0853918 -0.0467027 -0.0723071 2.38605
7.20471 -3.67311 5.06706 -0.20275 -0.364329 -0.062414 0.906786 0.156472 -0.0820643 -0.00528656 0.110631 -0.0757549 2.38605
7.24733 -3.67148 5.10695 -0.188183 -0.360029 -0.0625324 0.911623 0.187038 0.0898994 0.0853101 0.0278134 0.0272374 0.340864
7.4959 -3.60379 5.28925 -0.249639 -0.26838 0.173379 0.914107 0.081027 -0.0445425 -0.114543 0.112775 0.149462 2.38605
7.57224 -3.56685 5.32938 -0.271693 -0.275554 0.109001 0.915626 0.195062 0.167699 -0.0037052 -0.0766635 -0.186142 0.681728
7.74222 -3.49185 5.44166 -0.212285 -0.338264 0.107344 0.910489 0.443956 0.366021 0.177552 -0.155515 0.0955618 0.681728
8.18911 -3.24176 5.75477 -0.234806 -0.310019 0.19173 0.901107 0.44001 -0.00290178 -0.0796338 0.0560195 0.0945842 1.36346
8.30104 -3.17112 5.82321 -0.21725 -0.288661 0.181151 0.914692 0.436572 -0.0101097 0.107045 0.143198 -0.0688973 0.340864
9.12822 -2.60502 5.99332 -0.37057 -0.0579176 0.316495 0.871295 0.431133 -0.0022856 -0.19692 0.170975 0.0318381 2.38605
9.43329 -2.39373 5.95017 -0.384921 -0.0667188 0.266934 0.880983 0.118483 -0.229889 -0.00479371 -0.0441609 -0.0644689 1.36346
10.009 -2.19796 5.72853 -0.439393 0.20202 0.176643 0.857274 0.363586 0.0901113 -0.0915977 0.138618 -0.134454 2.72691
10.8673 -2.18977 5.21836 -0.400234 0.266166 0.0654832 0.87446 0.477261 0.0477627 0.00618162 0.00808588 -0.113309 2.38605
10.9834 -2.20637 5.15035 -0.397353 0.259776 0.0322469 0.879538 0.320389 -0.461389 -0.0228035 -0.11798 -0.16242 0.340864
11.0324 -2.21532 5.12244 -0.361854 0.274042 0.016269 0.890897 0.0156437 -0.896311 0.183148 0.0258473 -0.172465 0.340864
11.352 -2.24604 4.88147 -0.446977 0.313964 0.150434 0.824019 0.378487 0.177864 -0.0629944 0.0995952 0.127625 2.04519
11.4243 -2.24787 4.82173 -0.474618 0.282785 0.162999 0.817436 0.17343 -0.603107 -0.100528 -0.130437 0.199822 0.340864
12.1956 -2.24405 4.39841 -0.744601 0.108941 0.156195 0.63977 0.403527 0.0751951 -0.186297 -0.093014 0.121869 3.06778
12.6739 -2.20269 4.22344 -0.797537 0.0350928 0.167065 0.578613 0.19796 -0.120922 -0.0786122 -0.0480474 0.0910787 1.70432
12.8981 -2.16169 4.12008 -0.79942 0.0681798 0.279596 0.527357 0.17093 -0.0198749 -0.0642146 0.162763 0.0698276 1.36346
13.3906 -1.94565 3.72688 -0.791625 -0.0257932 0.416219 0.446573 0.484768 0.153842 -0.0245321 0.0664063 0.166859 2.04519
13.7511 -1.57836 3.30553 -0.674633 -0.106166 0.527926 0.504868 0.498491 0.0100906 0.190801 0.151996 0.136504 1.36346
14.0747 -0.867425 2.66458 -0.705528 -0.244624 0.5867 0.313324 0.246225 -0.092745 -0.0579092 -0.0496895 0.164095 2.72691
14.2185 -0.383067 2.26088 -0.668308 -0.218153 0.571605 0.423134 0.388258 0.0696242 0.075964 0.0455435 -0.077368 2.04519
14.3311 0.0942696 1.80189 -0.620868 -0.0859703 0.679676 0.381014 0.272996 -0.0565009 -0.105691 0.144017 -0.00806925 2.04519
14.424 0.356499 1.35545 -0.783108 -0.0820144 0.58307 0.200115 0.245775 -0.0133438 -0.167118 -0.18277 0.0691631 2.04519
14.5613 0.462048 0.904093 -0.785858 0.0300445 0.608366 0.106842 0.325047 0.0466307 -0.166498 0.0389438 -0.0336908 1.70432
14.5773 0.466421 0.8457 -0.794809 0.019307 0.602518 0.0698428 0.0320257 -0.861828 -0.139304 -0.0592893 0.179995 0.340864
14.5908 0.479071 0.757561 -0.726203 -0.0925716 0.67977 0.0444021 0.100765 0.0505437 0.0789486 0.140875 0.159932 1.36346
14.5482 0.466712 0.496909 -0.543997 -0.0304849 0.815965 -0.193232 0.125177 0.0102573 -0.187801 0.174295 0.11935 2.38605
14.5393 0.458805 0.471209 -0.569872 -0.0113521 0.801738 -0.179818 0.0414224 -0.246338 -0.01695 -0.189108 -0.114106 0.340864
14.5301 0.441549 0.426978 -0.634214 0.0777177 0.732185 -0.235875 0.0299104 -0.00846467 -0.134268 -0.159171 0.00879592 1.36346
14.5277 0.432983 0.410666 -0.581003 0.0746093 0.767287 -0.261035 0.00652254 -0.0229293 -0.0461218 0.125414 0.0156547 1.02259
