0 0 0 0 0 0 1 4.64559e-310 0 0 0 0 0
0.00328266 -1.60233e-05 -5.31388e-05 0.00210846 0.0121335 -0.00367964 0.999917 0.0193128 0.0568025 0.012403 0.0713755 -0.0216455 0.340864
0.0131243 -0.000127489 -0.00042523 0.00421657 0.024265 -0.00735867 0.99967 0.0386257 0.0568025 0.012403 0.0713755 -0.0216455 0.340864
0.0295059 -0.000427865 -0.00143536 0.00632398 0.0363925 -0.0110365 0.999257 0.0579385 0.0568025 0.012403 0.0713755 -0.0216455 0.340864
0.0523959 -0.00100835 -0.0034024 0.00843035 0.0485139 -0.0147125 0.998679 0.0772514 0.0568025 0.012403 0.0713755 -0.0216455 0.340864
0.08175 -0.00195777 -0.00664454 0.0105353 0.0606274 -0.018386 0.997936 0.0965642 0.0568025 0.012403 0.0713755 -0.0216455 0.340864
0.117511 -0.00336241 -0.0114789 0.0126386 0.0727308 -0.0220566 0.997028 0.115877 0.0568025 0.012403 0.0713755 -0.0216455 0.340864
0.159611 -0.00530598 -0.0182212 0.0147397 0.0848223 -0.0257234 0.995955 0.13519 0.0568025 0.012403 0.0713755 -0.0216455 0.340864
0.220458 -0.0100944 -0.0289015 -0.00498465 0.087807 -0.0504609 0.994846 0.229336 0.276901 -0.127373 0.0231728 -0.135016 0.340864
0.296617 -0.0159519 -0.0402673 -0.0232159 0.0607416 -0.0235454 0.997606 0.225036 -0.0126471 -0.100771 -0.153658 0.16859 0.340864
0.372026 -0.0177061 -0.0473656 -0.0414054 0.033567 0.00341236 0.998573 0.220736 -0.0126471 -0.100771 -0.153658 0.16859 0.340864
0.446226 -0.0153504 -0.0504655 -0.0595205 0.00633213 0.030364 0.997745 0.216436 -0.0126471 -0.100771 -0.153658 0.16859 0.340864
0.518778 -0.00891617 -0.0498569 -0.0775286 -0.0209141 0.0572611 0.995125 0.212136 -0.0126471 -0.100771 -0.153658 0.16859 0.340864
0.589274 0.00152828 -0.0458468 -0.0953975 -0.0481228 0.0840554 0.990716 0.207836 -0.0126471 -0.100771 -0.153658 0.16859 0.340864
0.648626 0.0105058 -0.0401732 -0.119325 -0.0624813 0.0525571 0.989493 0.146898 -0.179231 -0.124149 -0.113564 -0.181728 0.340864
0.687712 0.0142042 -0.0351634 -0.143041 -0.076729 0.0209657 0.986515 0.0859593 -0.179231 -0.124149 -0.113564 -0.181728 0.340864
0.721288 0.0159505 -0.0289726 -0.110769 -0.10869 0.00768089 0.987855 0.115183 0.0859519 0.198412 -0.192137 -0.0358122 0.340864
0.764027 0.0170486 -0.0180722 -0.0782491 -0.140408 -0.00562109 0.986981 0.144407 0.0859519 0.198412 -0.192137 -0.0358122 0.340864
0.815413 0.0167507 -0.00130283 -0.0455539 -0.171811 -0.0189105 0.983894 0.17363 0.0859519 0.198412 -0.192137 -0.0358122 0.340864
0.874806 0.0142016 0.0223711 -0.0127566 -0.202829 -0.0321575 0.978603 0.202854 0.0859519 0.198412 -0.192137 -0.0358122 0.340864
0.941448 0.00845207 0.0538408 0.0200693 -0.233392 -0.0453324 0.971118 0.232078 0.0859519 0.198412 -0.192137 -0.0358122 0.340864
1.01447 -0.00152598 0.093835 0.0528502 -0.263432 -0.0584057 0.961457 0.261301 0.0859519 0.198412 -0.192137 -0.0358122 0.340864
1.09293 -0.0168236 0.142904 0.0855127 -0.292882 -0.0713481 0.949641 0.290525 0.0859519 0.198412 -0.192137 -0.0358122 0.340864
1.17577 -0.0385772 0.201404 0.117983 -0.321675 -0.0841307 0.935696 0.319749 0.0859519 0.198412 -0.192137 -0.0358122 0.340864
1.25942 -0.0628747 0.263046 0.109702 -0.314503 -0.0814226 0.939374 0.307988 -0.0345901 -0.049708 0.0486549 0.00603378 0.340864
1.34096 -0.085101 0.321423 0.101406 -0.307287 -0.0787031 0.94292 0.296227 -0.0345901 -0.049708 0.0486549 0.00603378 0.340864
1.42029 -0.10536 0.376575 0.0930953 -0.300027 -0.0759725 0.946332 0.284467 -0.0345901 -0.049708 0.0486549 0.00603378 0.340864
1.49731 -0.123755 0.428546 0.0847714 -0.292725 -0.0732312 0.949612 0.272706 -0.0345901 -0.049708 0.0486549 0.00603378 0.340864
1.57193 -0.140389 0.477385 0.0764356 -0.285382 -0.0704796 0.952758 0.260945 -0.0345901 -0.049708 0.0486549 0.00603378 0.340864
1.64053 -0.153787 0.519764 0.0412467 -0.264162 -0.0663897 0.961306 0.219924 -0.120651 -0.199185 0.146075 -0.0230718 0.340864
1.69903 -0.163049 0.552742 0.00598454 -0.242471 -0.0621817 0.968145 0.178903 -0.120651 -0.199185 0.146075 -0.0230718 0.340864
1.7467 -0.16907 0.577059 -0.0292883 -0.220349 -0.0578631 0.973263 0.137881 -0.120651 -0.199185 0.146075 -0.0230718 0.340864
1.78284 -0.172649 0.593586 -0.0645091 -0.197836 -0.0534416 0.976649 0.0968597 -0.120651 -0.199185 0.146075 -0.0230718 0.340864
1.80683 -0.174477 0.603313 -0.0996151 -0.17497 -0.0489251 0.978299 0.0558383 -0.120651 -0.199185 0.146075 -0.0230718 0.340864
1.81813 -0.175132 0.607335 -0.134544 -0.151794 -0.0443216 0.978209 0.0148168 -0.120651 -0.199185 0.146075 -0.0230718 0.340864
1.85429 -0.175805 0.61756 -0.0986297 -0.12627 -0.0135597 0.986987 0.206271 0.563099 0.192887 0.169771 0.19126 0.340864
1.95436 -0.173273 0.640297 -0.0624231 -0.100373 0.0172424 0.99284 0.397724 0.563099 0.192887 0.169771 0.19126 0.340864
2.07931 -0.170016 0.662786 -0.0702432 -0.0782119 -0.00380031 0.994452 0.349455 -0.141968 -0.0349087 0.121876 -0.135835 0.340864
2.18886 -0.172011 0.677846 -0.0779932 -0.0559732 -0.0248392 0.995071 0.301186 -0.141968 -0.0349087 0.121876 -0.135835 0.340864
2.28242 -0.177887 0.686852 -0.0856654 -0.0336786 -0.0458534 0.994698 0.252917 -0.141968 -0.0349087 0.121876 -0.135835 0.340864
2.35963 -0.186227 0.691175 -0.0932522 -0.0113505 -0.0668218 0.993333 0.204648 -0.141968 -0.0349087 0.121876 -0.135835 0.340864
2.42027 -0.195577 0.692173 -0.100746 0.010989 -0.0877235 0.990976 0.156379 -0.141968 -0.0349087 0.121876 -0.135835 0.340864
2.46433 -0.204455 0.691178 -0.108139 0.0333175 -0.108538 0.987631 0.10811 -0.141968 -0.0349087 0.121876 -0.135835 0.340864
2.49198 -0.211368 0.689486 -0.115424 0.0556128 -0.129244 0.983301 0.059841 -0.141968 -0.0349087 0.121876 -0.135835 0.340864
2.51447 -0.217106 0.687657 -0.0830695 0.0483296 -0.110827 0.989182 0.0771745 0.0509807 0.191672 -0.0561587 0.105381 0.340864
2.54294 -0.223139 0.685474 -0.0505922 0.0409751 -0.0922475 0.993605 0.0945079 0.0509807 0.191672 -0.0561587 0.105381 0.340864
2.57745 -0.228998 0.683079 -0.0180404 0.0335603 -0.0735318 0.996565 0.111841 0.0509807 0.191672 -0.0561587 0.105381 0.340864
2.61801 -0.234226 0.680659 0.014538 0.026096 -0.0547077 0.998055 0.129175 0.0509807 0.191672 -0.0561587 0.105381 0.340864
2.66463 -0.238379 0.678449 0.0470951 0.0185933 -0.035803 0.998075 0.146508 0.0509807 0.191672 -0.0561587 0.105381 0.340864
2.7173 -0.241035 0.676725 0.0795827 0.0110631 -0.0168456 0.996625 0.163842 0.0509807 0.191672 -0.0561587 0.105381 0.340864
2.77593 -0.241797 0.675806 0.111953 0.00351668 0.00213668 0.993705 0.181175 0.0509807 0.191672 -0.0561587 0.105381 0.340864
2.84046 -0.240299 0.676047 0.144158 -0.00403494 0.0211158 0.989321 0.198509 0.0509807 0.191672 -0.0561587 0.105381 0.340864
2.91075 -0.23621 0.677841 0.176151 -0.0115806 0.0400638 0.983479 0.215842 0.0509807 0.191672 -0.0561587 0.105381 0.340864
2.98981 -0.22857 0.680661 0.163944 -0.00720464 0.0603204 0.984597 0.25172 0.105522 -0.0741955 0.00152573 0.120639 0.340864
3.07562 -0.217849 0.686261 0.174755 -0.0354366 0.0728773 0.981272 0.258105 0.0187811 0.0753168 -0.171958 0.0471469 0.340864
3.16289 -0.205671 0.697423 0.185376 -0.0636303 0.0853554 0.976884 0.264491 0.0187811 0.0753168 -0.171958 0.0471469 0.340864
3.25127 -0.192134 0.714389 0.195796 -0.091755 0.097741 0.971438 0.270876 0.0187811 0.0753168 -0.171958 0.0471469 0.340864
3.34034 -0.177351 0.737377 0.206005 -0.11978 0.110021 0.96494 0.277262 0.0187811 0.0753168 -0.171958 0.0471469 0.340864
3.42969 -0.161452 0.766576 0.21599 -0.147676 0.122181 0.957398 0.283648 0.0187811 0.0753168 -0.171958 0.0471469 0.340864
3.5189 -0.144581 0.802146 0.225742 -0.175412 0.13421 0.94882 0.290033 0.0187811 0.0753168 -0.171958 0.0471469 0.340864
3.60752 -0.126898 0.844213 0.235249 -0.202958 0.146093 0.939214 0.296419 0.0187811 0.0753168 -0.171958 0.0471469 0.340864
3.67638 -0.11231 0.878429 0.212775 -0.18972 0.145602 0.947382 0.163982 -0.389521 -0.146276 0.0642616 -0.018244 0.340864
3.70595 -0.10563 0.89206 0.190142 -0.17634 0.145003 0.954842 0.0315443 -0.389521 -0.146276 0.0642616 -0.018244 0.340864
3.71602 -0.103172 0.896236 0.182351 -0.156988 0.149482 0.95904 0.0342224 0.00787684 -0.0696162 0.101405 0.0351394 0.340864
3.72703 -0.100281 0.90031 0.174473 -0.137561 0.153889 0.962785 0.0369006 0.00787684 -0.0696162 0.101405 0.0351394 0.340864
3.73898 -0.0969327 0.904205 0.166513 -0.118069 0.158224 0.966074 0.0395787 0.00787684 -0.0696162 0.101405 0.0351394 0.340864
3.75185 -0.0931044 0.907842 0.158473 -0.0985218 0.162484 0.968906 0.0422568 0.00787684 -0.0696162 0.101405 0.0351394 0.340864
3.76604 -0.089394 0.91117 0.190016 -0.0784562 0.123862 0.970771 0.0462765 0.0118225 0.181329 0.181683 -0.185015 0.340864
3.78195 -0.0865347 0.914043 0.221009 -0.0581637 0.0848806 0.969828 0.0502961 0.0118225 0.181329 0.181683 -0.185015 0.340864
3.79949 -0.0846951 0.916233 0.251363 -0.0377029 0.045654 0.96608 0.0543158 0.0118225 0.181329 0.181683 -0.185015 0.340864
3.81858 -0.0840213 0.9175 0.280989 -0.017133 0.00629536 0.959537 0.0583355 0.0118225 0.181329 0.181683 -0.185015 0.340864
3.83908 -0.0846329 0.917594 0.309803 0.0034864 -0.0330815 0.950219 0.0623551 0.0118225 0.181329 0.181683 -0.185015 0.340864
3.86083 -0.0866201 0.916266 0.33772 0.0240957 -0.0723626 0.938151 0.0663748 0.0118225 0.181329 0.181683 -0.185015 0.340864
3.88362 -0.0900398 0.913265 0.364661 0.0446354 -0.111434 0.92337 0.0703944 0.0118225 0.181329 0.181683 -0.185015 0.340864
3.90724 -0.0949138 0.908351 0.390546 0.0650459 -0.150184 0.905918 0.0744141 0.0118225 0.181329 0.181683 -0.185015 0.340864
3.93143 -0.101226 0.901292 0.415302 0.0852682 -0.188499 0.885845 0.0784337 0.0118225 0.181329 0.181683 -0.185015 0.340864
3.95569 -0.108778 0.892779 0.444306 0.079572 -0.213942 0.866308 0.0792045 0.002267 0.179841 0.0101178 -0.182766 0.340864
3.97965 -0.117366 0.883604 0.472464 0.0737244 -0.238979 0.845122 0.0799753 0.002267 0.179841 0.0101178 -0.182766 0.340864
4.00324 -0.126937 0.8737 0.499723 0.0677365 -0.26356 0.822329 0.0807461 0.002267 0.179841 0.0101178 -0.182766 0.340864
4.0264 -0.137427 0.863004 0.526031 0.0616197 -0.28764 0.797971 0.0815169 0.002267 0.179841 0.0101178 -0.182766 0.340864
4.05429 -0.151361 0.849491 0.497657 0.0602557 -0.297858 0.812396 0.118374 0.108404 -0.183872 0.0680086 -0.0174938 0.340864
4.09193 -0.171794 0.831352 0.468725 0.0588242 -0.307743 0.825912 0.155232 0.108404 -0.183872 0.0680086 -0.0174938 0.340864
4.13903 -0.199429 0.8089 0.439269 0.0573269 -0.317283 0.838504 0.192089 0.108404 -0.183872 0.0680086 -0.0174938 0.340864
4.1953 -0.234935 0.782527 0.40932 0.0557653 -0.326468 0.850156 0.228947 0.108404 -0.183872 0.0680086 -0.0174938 0.340864
4.26047 -0.278945 0.752696 0.378914 0.0541414 -0.335287 0.860857 0.265804 0.108404 -0.183872 0.0680086 -0.0174938 0.340864
4.33426 -0.332046 0.719941 0.348083 0.0524568 -0.343731 0.870595 0.302662 0.108404 -0.183872 0.0680086 -0.0174938 0.340864
4.41167 -0.386949 0.688539 0.334283 0.0469685 -0.320314 0.885126 0.285425 -0.0506978 -0.104315 -0.0526417 0.142344 0.340864
4.48748 -0.436028 0.662096 0.320155 0.0414342 -0.296584 0.898789 0.268188 -0.0506978 -0.104315 -0.0526417 0.142344 0.340864
4.56116 -0.479377 0.640179 0.305713 0.0358592 -0.272563 0.911572 0.25095 -0.0506978 -0.104315 -0.0526417 0.142344 0.340864
4.63217 -0.517143 0.622357 0.290972 0.0302491 -0.248275 0.923461 0.233713 -0.0506978 -0.104315 -0.0526417 0.142344 0.340864
4.70004 -0.54953 0.608195 0.275945 0.0246094 -0.223743 0.934445 0.216476 -0.0506978 -0.104315 -0.0526417 0.142344 0.340864
4.76431 -0.57679 0.597268 0.260649 0.0189455 -0.198993 0.944513 0.199239 -0.0506978 -0.104315 -0.0526417 0.142344 0.340864
4.82456 -0.599229 0.589154 0.245096 0.0132631 -0.174047 0.953656 0.182001 -0.0506978 -0.104315 -0.0526417 0.142344 0.340864
4.88041 -0.617193 0.583444 0.229304 0.00756763 -0.14893 0.961864 0.164764 -0.0506978 -0.104315 -0.0526417 0.142344 0.340864
4.94 -0.633847 0.580269 0.217369 -0.0175406 -0.127804 0.967527 0.199772 0.102965 -0.0962423 -0.16039 0.0911806 0.340864
5.01171 -0.651541 0.580981 0.205162 -0.0426269 -0.106517 0.97198 0.23478 0.102965 -0.0962423 -0.16039 0.0911806 0.340864
5.09538 -0.669391 0.586979 0.192699 -0.0676599 -0.085097 0.975217 0.269788 0.102965 -0.0962423 -0.16039 0.0911806 0.340864
5.1907 -0.686448 0.599614 0.179994 -0.0926082 -0.0635705 0.977233 0.304796 0.102965 -0.0962423 -0.16039 0.0911806 0.340864
5.29723 -0.701709 0.620166 0.167064 -0.117441 -0.0419645 0.978027 0.339804 0.102965 -0.0962423 -0.16039 0.0911806 0.340864
5.41312 -0.714769 0.643024 0.169171 -0.0922398 -0.034347 0.98066 0.359331 0.0574323 0.0104931 0.138812 0.0707035 0.340864
5.53677 -0.725677 0.661308 0.171159 -0.066974 -0.0267053 0.982602 0.378858 0.0574323 0.0104931 0.138812 0.0707035 0.340864
5.66797 -0.734078 0.674356 0.173026 -0.041661 -0.0190448 0.983851 0.398385 0.0574323 0.0104931 0.138812 0.0707035 0.340864
5.80643 -0.739617 0.681515 0.174771 -0.0163186 -0.0113709 0.984408 0.417912 0.0574323 0.0104931 0.138812 0.0707035 0.340864
5.95181 -0.741944 0.682148 0.176393 0.00903527 -0.00368897 0.984271 0.437439 0.0574323 0.0104931 0.138812 0.0707035 0.340864
6.10369 -0.740715 0.675635 0.177891 0.0343828 0.00399555 0.983441 0.456966 0.0574323 0.0104931 0.138812 0.0707035 0.340864
6.24458 -0.739636 0.662662 0.152809 0.0582308 -0.012127 0.986464 0.37543 -0.239811 -0.15212 0.153667 -0.0633269 0.340864
6.35716 -0.741879 0.646386 0.127503 0.0819935 -0.0282318 0.98804 0.293894 -0.239811 -0.15212 0.153667 -0.0633269 0.340864
6.45738 -0.74282 0.629894 0.158811 0.0779994 -0.00448977 0.984213 0.303712 0.0288766 0.195675 -0.0443856 0.119288 0.340864
6.56108 -0.73851 0.614535 0.18987 0.0738825 0.0192593 0.978836 0.31353 0.0288766 0.195675 -0.0443856 0.119288 0.340864
6.66802 -0.728737 0.600775 0.220629 0.0696493 0.0429781 0.971918 0.323349 0.0288766 0.195675 -0.0443856 0.119288 0.340864
6.77793 -0.713336 0.589101 0.251041 0.0653064 0.0666292 0.96347 0.333167 0.0288766 0.195675 -0.0443856 0.119288 0.340864
6.89053 -0.692191 0.580014 0.281058 0.0608607 0.0901754 0.953504 0.342985 0.0288766 0.195675 -0.0443856 0.119288 0.340864
7.00144 -0.669919 0.570374 0.250563 0.0743905 0.0770367 0.962159 0.324906 -0.0531727 -0.197276 0.0783522 -0.0450076 0.340864
7.10635 -0.651208 0.557127 0.219727 0.0878191 0.0637932 0.969504 0.306827 -0.0531727 -0.197276 0.0783522 -0.0450076 0.340864
7.20512 -0.636043 0.540905 0.188592 0.101128 0.050463 0.97553 0.288748 -0.0531727 -0.197276 0.0783522 -0.0450076 0.340864
7.29765 -0.624352 0.522329 0.157201 0.1143 0.0370641 0.980229 0.27067 -0.0531727 -0.197276 0.0783522 -0.0450076 0.340864
7.38384 -0.616002 0.502005 0.125596 0.127316 0.0236147 0.983595 0.252591 -0.0531727 -0.197276 0.0783522 -0.0450076 0.340864
7.46363 -0.610809 0.48052 0.0938193 0.140159 0.0101332 0.985622 0.234512 -0.0531727 -0.197276 0.0783522 -0.0450076 0.340864
7.537 -0.608536 0.458431 0.0619154 0.152811 -0.00336201 0.986308 0.216434 -0.0531727 -0.197276 0.0783522 -0.0450076 0.340864
7.60393 -0.608898 0.436265 0.0299272 0.165255 -0.0168527 0.985653 0.198355 -0.0531727 -0.197276 0.0783522 -0.0450076 0.340864
7.65987 -0.61145 0.415256 -0.000104032 0.192277 -0.0327154 0.980795 0.153504 -0.131913 -0.186065 0.16722 -0.0585212 0.340864
7.70054 -0.615217 0.397457 -0.0301351 0.218933 -0.0485157 0.974067 0.108654 -0.131913 -0.186065 0.16722 -0.0585212 0.340864
7.72655 -0.618983 0.384463 -0.0601087 0.245171 -0.0642235 0.965481 0.0638033 -0.131913 -0.186065 0.16722 -0.0585212 0.340864
7.73863 -0.621415 0.37769 -0.0899677 0.270942 -0.0798087 0.955053 0.0189528 -0.131913 -0.186065 0.16722 -0.0585212 0.340864
7.74846 -0.623763 0.371542 -0.116135 0.289188 -0.068486 0.94773 0.0506041 0.0930921 -0.124298 0.132479 0.0922405 0.340864
7.76683 -0.628179 0.359173 -0.142164 0.307087 -0.0570812 0.93927 0.0822554 0.0930921 -0.124298 0.132479 0.0922405 0.340864
7.79333 -0.63465 0.339989 -0.168022 0.324617 -0.0456078 0.929684 0.113907 0.0930921 -0.124298 0.132479 0.0922405 0.340864
7.82748 -0.643222 0.313426 -0.193678 0.341758 -0.0340798 0.918982 0.145558 0.0930921 -0.124298 0.132479 0.0922405 0.340864
7.86119 -0.651371 0.284708 -0.184181 0.366057 -0.0169382 0.912027 0.119363 -0.0770437 0.0827607 0.162989 0.0445013 0.340864
7.88701 -0.65684 0.260042 -0.174496 0.389981 0.000220692 0.904138 0.0931683 -0.0770437 0.0827607 0.162989 0.0445013 0.340864
7.90546 -0.660141 0.240308 -0.164632 0.413507 0.0173794 0.895325 0.0669735 -0.0770437 0.0827607 0.162989 0.0445013 0.340864
7.91716 -0.661804 0.226317 -0.154599 0.436609 0.0345203 0.885596 0.0407786 -0.0770437 0.0827607 0.162989 0.0445013 0.340864
7.92279 -0.662374 0.218798 -0.144409 0.459265 0.0516259 0.874961 0.0145838 -0.0770437 0.0827607 0.162989 0.0445013 0.340864
7.93238 -0.663486 0.205622 -0.151142 0.448717 0.0292295 0.880315 0.0815074 0.196834 -0.0874193 -0.089834 -0.0897556 0.340864
7.95612 -0.667676 0.174853 -0.157772 0.43786 0.00681309 0.885065 0.148431 0.196834 -0.0874193 -0.089834 -0.0897556 0.340864
7.99487 -0.676849 0.127549 -0.164293 0.426703 -0.015608 0.889207 0.215355 0.196834 -0.0874193 -0.089834 -0.0897556 0.340864
8.04938 -0.692902 0.06489 -0.170701 0.415253 -0.0380184 0.892738 0.282278 0.196834 -0.0874193 -0.089834 -0.0897556 0.340864
8.10791 -0.713258 -0.0045346 -0.147544 0.441318 -0.0549662 0.88343 0.265184 -0.0502775 0.0767156 0.137449 -0.173865 0.340864
8.16418 -0.732232 -0.0732278 -0.113802 0.424057 -0.0525924 0.896916 0.269018 0.0112776 0.187682 -0.133591 -0.0559325 0.340864
8.22406 -0.748191 -0.141373 -0.0798749 0.406108 -0.0501333 0.908946 0.272853 0.0112776 0.187682 -0.133591 -0.0559325 0.340864
8.28761 -0.761207 -0.208592 -0.0458185 0.3875 -0.0475927 0.9195 0.276687 0.0112776 0.187682 -0.133591 -0.0559325 0.340864
8.32206 -0.76766 -0.243177 -0.0560811 0.377918 -0.0561229 0.922433 0.0130018 -0.775545 -0.0768481 -0.057941 -0.0193423 0.340864
8.32623 -0.768471 -0.24721 -0.041222 0.373312 -0.0547378 0.925172 0.0214574 0.0248694 0.0830922 -0.0355334 -0.0230944 0.340864
8.33251 -0.769561 -0.25318 -0.0263525 0.368612 -0.053339 0.927678 0.029913 0.0248694 0.0830922 -0.0355334 -0.0230944 0.340864
8.34095 -0.770854 -0.261052 -0.0114763 0.363818 -0.0519267 0.929951 0.0383686 0.0248694 0.0830922 -0.0355334 -0.0230944 0.340864
8.35157 -0.772274 -0.27079 0.00340272 0.358934 -0.0505014 0.931989 0.0468242 0.0248694 0.0830922 -0.0355334 -0.0230944 0.340864
8.36443 -0.773749 -0.282351 0.0182809 0.353959 -0.0490635 0.933794 0.0552798 0.0248694 0.0830922 -0.0355334 -0.0230944 0.340864
8.38446 -0.775972 -0.300717 0.018913 0.36626 -0.0525714 0.928834 0.105091 0.146504 0.000251653 0.0780928 -0.0206942 0.340864
8.41611 -0.779793 -0.331327 0.0195415 0.378492 -0.0560694 0.923698 0.154903 0.146504 0.000251653 0.0780928 -0.0206942 0.340864
8.45872 -0.785377 -0.374803 0.0201663 0.390652 -0.0595568 0.918388 0.204714 0.146504 0.000251653 0.0780928 -0.0206942 0.340864
8.51161 -0.792879 -0.431741 0.0207873 0.402739 -0.0630329 0.912905 0.254525 0.146504 0.000251653 0.0780928 -0.0206942 0.340864
8.57404 -0.802446 -0.50271 0.0214045 0.41475 -0.0664972 0.90725 0.304337 0.146504 0.000251653 0.0780928 -0.0206942 0.340864
8.64527 -0.81422 -0.588248 0.0220175 0.426682 -0.069949 0.901424 0.354148 0.146504 0.000251653 0.0780928 -0.0206942 0.340864
8.71944 -0.830918 -0.681003 0.00617332 0.430443 -0.0982989 0.897228 0.351449 -0.00793868 -0.153106 0.0406739 -0.111818 0.340864
8.791 -0.85504 -0.772992 -0.00967758 0.433737 -0.126542 0.892057 0.34875 -0.00793868 -0.153106 0.0406739 -0.111818 0.340864
8.84885 -0.879896 -0.849783 -0.00493079 0.438064 -0.148983 0.886499 0.235444 -0.333254 -0.0294472 0.0320766 -0.134266 0.340864
8.88303 -0.897128 -0.896999 -0.000181153 0.442138 -0.171339 0.88043 0.122137 -0.333254 -0.0294472 0.0320766 -0.134266 0.340864
8.92847 -0.925155 -0.962854 -0.0182962 0.447865 -0.191521 0.873156 0.376581 0.748365 -0.140563 0.066821 -0.0647553 0.340864
8.99992 -0.976993 -1.07003 -0.0419906 0.453401 -0.205772 0.866212 0.440242 0.187236 -0.153775 0.0719006 -0.0191949 0.340864
9.07845 -1.03645 -1.17792 -0.0726051 0.4168 -0.202472 0.883182 0.419472 -0.0610881 -0.18738 -0.193965 0.128105 0.340864
9.1622 -1.09585 -1.27168 -0.103033 0.379127 -0.19865 0.897878 0.398702 -0.0610881 -0.18738 -0.193965 0.128105 0.340864
9.24976 -1.15397 -1.35151 -0.133195 0.340476 -0.194316 0.910262 0.377932 -0.0610881 -0.18738 -0.193965 0.128105 0.340864
9.33974 -1.20973 -1.41784 -0.163014 0.300949 -0.189482 0.9203 0.357162 -0.0610881 -0.18738 -0.193965 0.128105 0.340864
9.4231 -1.25995 -1.47387 -0.139506 0.304413 -0.196621 0.921526 0.303386 -0.158165 0.119671 -0.016467 -0.0822245 0.340864
9.49198 -1.30199 -1.5221 -0.115912 0.307689 -0.203638 0.922184 0.24961 -0.158165 0.119671 -0.016467 -0.0822245 0.340864
9.54674 -1.33579 -1.56201 -0.0922469 0.310775 -0.21053 0.922272 0.195834 -0.158165 0.119671 -0.016467 -0.0822245 0.340864
9.58773 -1.36134 -1.59309 -0.0685246 0.31367 -0.217292 0.921792 0.142058 -0.158165 0.119671 -0.016467 -0.0822245 0.340864
9.61532 -1.37866 -1.61482 -0.04476 0.316371 -0.223919 0.920742 0.0882814 -0.158165 0.119671 -0.016467 -0.0822245 0.340864
9.62984 -1.38782 -1.62669 -0.0209678 0.318877 -0.230409 0.919124 0.0345053 -0.158165 0.119671 -0.016467 -0.0822245 0.340864
9.66495 -1.40793 -1.65671 -0.0239731 0.33447 -0.195497 0.921594 0.261872 0.668726 0.0706944 0.0880773 0.195865 0.340864
9.73271 -1.4394 -1.71409 0.00029847 0.326905 -0.157174 0.931895 0.292497 0.0900716 0.199806 -0.0838158 0.172976 0.340864
9.81158 -1.4655 -1.77768 0.0245694 0.318615 -0.118502 0.940127 0.323121 0.0900716 0.199806 -0.0838158 0.172976 0.340864
9.90167 -1.48428 -1.8467 0.0487858 0.309616 -0.0795672 0.94627 0.353745 0.0900716 0.199806 -0.0838158 0.172976 0.340864
10.0029 -1.49383 -1.92014 0.0728937 0.29993 -0.0404554 0.950312 0.38437 0.0900716 0.199806 -0.0838158 0.172976 0.340864
10.1132 -1.49479 -1.99642 0.059706 0.293989 -0.00861909 0.953903 0.404451 0.0590622 -0.02051 -0.0500717 0.199582 0.340864
10.2302 -1.48843 -2.07462 0.0464445 0.287684 0.0232279 0.956316 0.424532 0.0590622 -0.02051 -0.0500717 0.199582 0.340864
10.3536 -1.47399 -2.15459 0.0331256 0.281024 0.0550461 0.957548 0.444613 0.0590622 -0.02051 -0.0500717 0.199582 0.340864
10.4828 -1.45069 -2.23619 0.0197658 0.274017 0.0867963 0.957596 0.464694 0.0590622 -0.02051 -0.0500717 0.199582 0.340864
10.6172 -1.4178 -2.3193 0.00638152 0.266671 0.118439 0.956461 0.484775 0.0590622 -0.02051 -0.0500717 0.199582 0.340864
10.7484 -1.37775 -2.39631 -0.00958012 0.243535 0.148571 0.958397 0.440746 -0.129497 -0.0264984 -0.145499 0.192406 0.340864
10.8678 -1.33432 -2.46046 -0.0255254 0.219985 0.178451 0.958703 0.396718 -0.129497 -0.0264984 -0.145499 0.192406 0.340864
10.9746 -1.28897 -2.51296 -0.0414273 0.19606 0.208026 0.957376 0.352689 -0.129497 -0.0264984 -0.145499 0.192406 0.340864
11.0683 -1.2432 -2.55503 -0.0572587 0.171801 0.237248 0.954421 0.30866 -0.129497 -0.0264984 -0.145499 0.192406 0.340864
11.1484 -1.19857 -2.5879 -0.0729927 0.14725 0.266066 0.949841 0.264631 -0.129497 -0.0264984 -0.145499 0.192406 0.340864
11.2149 -1.15664 -2.61276 -0.0886024 0.122449 0.294431 0.943645 0.220602 -0.129497 -0.0264984 -0.145499 0.192406 0.340864
11.268 -1.11899 -2.63077 -0.104061 0.097439 0.322295 0.935843 0.176573 -0.129497 -0.0264984 -0.145499 0.192406 0.340864
11.3079 -1.08715 -2.64307 -0.119343 0.0722634 0.34961 0.926449 0.132544 -0.129497 -0.0264984 -0.145499 0.192406 0.340864
11.3387 -1.06265 -2.65108 -0.105627 0.0600987 0.319794 0.939661 0.103483 -0.0854753 0.0963888 -0.064649 -0.186995 0.340864
11.3631 -1.04551 -2.65602 -0.0917633 0.04785 0.28953 0.951558 0.0744209 -0.0854753 0.0963888 -0.064649 -0.186995 0.340864
11.3803 -1.03493 -2.65862 -0.0777709 0.0355342 0.258861 0.962123 0.0453593 -0.0854753 0.0963888 -0.064649 -0.186995 0.340864
11.4029 -1.02206 -2.66094 -0.0905814 0.0140671 0.256794 0.962109 0.108493 0.185688 -0.0402558 -0.141959 0.000819596 0.340864
11.4443 -0.998666 -2.66355 -0.103335 -0.00740891 0.254565 0.96149 0.171627 0.185688 -0.0402558 -0.141959 0.000819596 0.340864
11.5045 -0.964745 -2.66491 -0.116023 -0.0288802 0.252176 0.960266 0.234761 0.185688 -0.0402558 -0.141959 0.000819596 0.340864
11.5833 -0.920266 -2.66353 -0.128639 -0.0503334 0.249629 0.958438 0.297894 0.185688 -0.0402558 -0.141959 0.000819596 0.340864
11.6807 -0.865165 -2.65788 -0.141173 -0.0717548 0.246924 0.956007 0.361028 0.185688 -0.0402558 -0.141959 0.000819596 0.340864
11.7963 -0.79935 -2.64647 -0.153619 -0.0931312 0.244064 0.952975 0.424162 0.185688 -0.0402558 -0.141959 0.000819596 0.340864
11.9296 -0.722696 -2.62782 -0.165968 -0.114449 0.24105 0.949342 0.487296 0.185688 -0.0402558 -0.141959 0.000819596 0.340864
12.0572 -0.64395 -2.61026 -0.153674 -0.0947523 0.275391 0.944228 0.40062 -0.25493 0.0126168 0.157554 0.188126 0.340864
12.1562 -0.5742 -2.60122 -0.141112 -0.0748905 0.309252 0.937466 0.313943 -0.25493 0.0126168 0.157554 0.188126 0.340864
12.2228 -0.522799 -2.59628 -0.131608 -0.0800744 0.320693 0.934571 0.181796 -0.388669 0.0543994 -0.00307537 0.0768546 0.340864
12.2532 -0.498082 -2.59352 -0.12207 -0.0852377 0.332053 0.931437 0.0496483 -0.388669 0.0543994 -0.00307537 0.0768546 0.340864
12.2685 -0.485048 -2.59189 -0.12854 -0.0918793 0.33961 0.9272 0.0688991 0.0566202 -0.0293095 -0.0457259 0.0512081 0.340864
12.2884 -0.46741 -2.5896 -0.13499 -0.0985061 0.347113 0.922815 0.08815 0.0566202 -0.0293095 -0.0457259 0.0512081 0.340864
12.3128 -0.444994 -2.58659 -0.141417 -0.105117 0.35456 0.91828 0.107401 0.0566202 -0.0293095 -0.0457259 0.0512081 0.340864
12.3414 -0.417625 -2.58281 -0.147822 -0.111711 0.361949 0.913598 0.126652 0.0566202 -0.0293095 -0.0457259 0.0512081 0.340864
12.3741 -0.385136 -2.57822 -0.154203 -0.118287 0.369281 0.908769 0.145903 0.0566202 -0.0293095 -0.0457259 0.0512081 0.340864
12.4107 -0.347361 -2.57277 -0.16056 -0.124844 0.376553 0.903793 0.165153 0.0566202 -0.0293095 -0.0457259 0.0512081 0.340864
12.451 -0.304141 -2.56645 -0.16689 -0.131381 0.383764 0.898672 0.184404 0.0566202 -0.0293095 -0.0457259 0.0512081 0.340864
12.4948 -0.25532 -2.55922 -0.173194 -0.137896 0.390914 0.893406 0.203655 0.0566202 -0.0293095 -0.0457259 0.0512081 0.340864
12.5408 -0.20343 -2.55199 -0.204414 -0.142851 0.385111 0.888537 0.206283 0.00772965 -0.152962 -0.107708 -0.0395786 0.340864
12.5878 -0.151151 -2.54569 -0.235418 -0.147654 0.378902 0.882728 0.208911 0.00772965 -0.152962 -0.107708 -0.0395786 0.340864
12.6359 -0.0985472 -2.5403 -0.266174 -0.152302 0.372293 0.875987 0.211539 0.00772965 -0.152962 -0.107708 -0.0395786 0.340864
12.6851 -0.0456865 -2.53581 -0.296648 -0.156789 0.36529 0.86832 0.214167 0.00772965 -0.152962 -0.107708 -0.0395786 0.340864
12.7355 0.0073644 -2.5322 -0.326809 -0.161109 0.357901 0.859736 0.216796 0.00772965 -0.152962 -0.107708 -0.0395786 0.340864
12.7871 0.0605382 -2.52945 -0.356625 -0.16526 0.350134 0.850243 0.219424 0.00772965 -0.152962 -0.107708 -0.0395786 0.340864
12.8435 0.115364 -2.52652 -0.347246 -0.157677 0.330415 0.863357 0.243603 0.0711167 0.0779774 0.0286281 -0.132441 0.340864
12.9085 0.172953 -2.52234 -0.337621 -0.149982 0.310462 0.87586 0.267783 0.0711167 0.0779774 0.0286281 -0.132441 0.340864
12.9824 0.23259 -2.51684 -0.327759 -0.142181 0.290289 0.887745 0.291963 0.0711167 0.0779774 0.0286281 -0.132441 0.340864
13.0656 0.293529 -2.50999 -0.317664 -0.13428 0.269912 0.899003 0.316142 0.0711167 0.0779774 0.0286281 -0.132441 0.340864
13.1584 0.354998 -2.50181 -0.307346 -0.126284 0.249344 0.909625 0.340322 0.0711167 0.0779774 0.0286281 -0.132441 0.340864
13.2609 0.416202 -2.49231 -0.29681 -0.118199 0.2286 0.919606 0.364502 0.0711167 0.0779774 0.0286281 -0.132441 0.340864
13.3735 0.476327 -2.48159 -0.286065 -0.11003 0.207694 0.928937 0.388681 0.0711167 0.0779774 0.0286281 -0.132441 0.340864
13.4961 0.534549 -2.46973 -0.275118 -0.101784 0.186642 0.937611 0.412861 0.0711167 0.0779774 0.0286281 -0.132441 0.340864
13.6289 0.59003 -2.45688 -0.263976 -0.0934659 0.165458 0.945624 0.437041 0.0711167 0.0779774 0.0286281 -0.132441 0.340864
13.7718 0.64193 -2.44322 -0.252648 -0.0850816 0.144157 0.952968 0.46122 0.0711167 0.0779774 0.0286281 -0.132441 0.340864
13.9038 0.689288 -2.42613 -0.243205 -0.121251 0.155009 0.949801 0.369987 -0.268333 0.0734832 -0.180252 0.122028 0.340864
14.0042 0.730029 -2.40562 -0.233392 -0.157236 0.165624 0.945185 0.278754 -0.268333 0.0734832 -0.180252 0.122028 0.340864
14.074 0.761803 -2.38581 -0.223222 -0.19298 0.175987 0.939127 0.187521 -0.268333 0.0734832 -0.180252 0.122028 0.340864
14.1149 0.782506 -2.37076 -0.212712 -0.228431 0.186081 0.931637 0.0962881 -0.268333 0.0734832 -0.180252 0.122028 0.340864
14.1385 0.794497 -2.35988 -0.20448 -0.257269 0.153342 0.931927 0.072074 -0.0712181 0.121076 -0.189664 -0.132631 0.340864
14.1551 0.801947 -2.35073 -0.195844 -0.2856 0.120301 0.930379 0.0478598 -0.0712181 0.121076 -0.189664 -0.132631 0.340864
14.1714 0.808859 -2.34038 -0.196783 -0.308388 0.117692 0.923213 0.072672 0.072977 0.00711436 -0.140443 0.0154688 0.340864
14.1936 0.818698 -2.32468 -0.197609 -0.330999 0.115014 0.915512 0.0974841 0.072977 0.00711436 -0.140443 0.0154688 0.340864
14.2212 0.831503 -2.30303 -0.19832 -0.353418 0.112271 0.907282 0.122296 0.072977 0.00711436 -0.140443 0.0154688 0.340864
14.2537 0.847307 -2.27487 -0.198916 -0.375633 0.109462 0.898527 0.147108 0.072977 0.00711436 -0.140443 0.0154688 0.340864
14.2902 0.86633 -2.24037 -0.174162 -0.388458 0.126075 0.896032 0.168934 0.0641916 0.0994874 -0.03793 0.159146 0.340864
14.3301 0.888832 -2.19984 -0.149223 -0.400872 0.142554 0.892588 0.190759 0.0641916 0.0994874 -0.03793 0.159146 0.340864
14.3728 0.914868 -2.15296 -0.124126 -0.412861 0.158883 0.888198 0.212584 0.0641916 0.0994874 -0.03793 0.159146 0.340864
14.4179 0.944439 -2.09942 -0.0988968 -0.424413 0.175043 0.882866 0.234409 0.0641916 0.0994874 -0.03793 0.159146 0.340864
14.4649 0.977488 -2.03893 -0.0735634 -0.435515 0.191017 0.8766 0.256234 0.0641916 0.0994874 -0.03793 0.159146 0.340864
14.5132 1.01391 -1.97118 -0.048152 -0.446156 0.206789 0.869405 0.278059 0.0641916 0.0994874 -0.03793 0.159146 0.340864
14.5623 1.05354 -1.89592 -0.0226895 -0.456324 0.222342 0.861289 0.299885 0.0641916 0.0994874 -0.03793 0.159146 0.340864
14.6118 1.09615 -1.81286 0.00279692 -0.466008 0.23766 0.85226 0.32171 0.0641916 0.0994874 -0.03793 0.159146 0.340864
14.6612 1.14149 -1.72178 0.0282804 -0.475199 0.252725 0.842328 0.343535 0.0641916 0.0994874 -0.03793 0.159146 0.340864
14.6964 1.17516 -1.65609 -0.010014 -0.466168 0.24644 0.84962 0.137594 -0.605709 -0.186863 0.00924848 -0.147568 0.340864
14.7185 1.19443 -1.62013 -0.0153815 -0.442362 0.223377 0.868436 0.135489 -0.00618945 0.00301476 0.161474 -0.158698 0.340864
14.7432 1.21212 -1.58598 -0.0207262 -0.417901 0.199984 0.885966 0.133385 -0.00618945 0.00301476 0.161474 -0.158698 0.340864
14.7702 1.22811 -1.55375 -0.0260401 -0.392821 0.176294 0.902183 0.131281 -0.00618945 0.00301476 0.161474 -0.158698 0.340864
14.7993 1.24231 -1.52355 -0.0313155 -0.367158 0.152343 0.917064 0.129176 -0.00618945 0.00301476 0.161474 -0.158698 0.340864
14.8272 1.25547 -1.49462 -0.0327567 -0.396044 0.162692 0.90311 0.119562 -0.0282773 -0.0068118 -0.185382 0.0705542 0.340864
14.8509 1.26826 -1.46639 -0.0341606 -0.424479 0.172856 0.888128 0.109948 -0.0282773 -0.0068118 -0.185382 0.0705542 0.340864
14.8706 1.28054 -1.43925 -0.0355256 -0.452431 0.182823 0.872135 0.100333 -0.0282773 -0.0068118 -0.185382 0.0705542 0.340864
14.8796 1.28703 -1.42584 -0.0520096 -0.452166 0.213023 0.864559 0.0020134 -0.289177 -0.166841 -0.0302227 0.119175 0.340864
14.8804 1.2878 -1.4244 -0.0378087 -0.477214 0.225491 0.848523 0.00882693 0.0200398 0.0655518 -0.148464 0.128968 0.340864
14.8822 1.28954 -1.42103 -0.0235608 -0.50167 0.23768 0.831432 0.0156405 0.0200398 0.0655518 -0.148464 0.128968 0.340864
14.8844 1.29225 -1.41561 -0.00928363 -0.525503 0.249574 0.81331 0.022454 0.0200398 0.0655518 -0.148464 0.128968 0.340864
14.887 1.29588 -1.40802 0.00500505 -0.548684 0.261157 0.794177 0.0292675 0.0200398 0.0655518 -0.148464 0.128968 0.340864
14.8895 1.30037 -1.39819 0.0192875 -0.571183 0.272417 0.774059 0.036081 0.0200398 0.0655518 -0.148464 0.128968 0.340864
14.8918 1.30565 -1.38605 0.033546 -0.592973 0.283338 0.752979 0.0428946 0.0200398 0.0655518 -0.148464 0.128968 0.340864
14.8934 1.31162 -1.37158 0.0477629 -0.614027 0.293907 0.730964 0.0497081 0.0200398 0.0655518 -0.148464 0.128968 0.340864
14.8942 1.31815 -1.35476 0.0619205 -0.634318 0.304111 0.708041 0.0565216 0.0200398 0.0655518 -0.148464 0.128968 0.340864
14.8937 1.3251 -1.33562 0.0760011 -0.653822 0.313938 0.68424 0.0633352 0.0200398 0.0655518 -0.148464 0.128968 0.340864
14.8918 1.33232 -1.31419 0.0899874 -0.672513 0.323375 0.659588 0.0701487 0.0200398 0.0655518 -0.148464 0.128968 0.340864
14.8889 1.33963 -1.28911 0.120232 -0.674105 0.315506 0.65695 0.0845303 0.0422988 0.152929 0.0450917 0.0933071 0.340864
14.8857 1.34665 -1.2589 0.150359 -0.675032 0.307325 0.653663 0.0989119 0.0422988 0.152929 0.0450917 0.0933071 0.340864
14.8822 1.35282 -1.22353 0.180337 -0.675293 0.298841 0.649732 0.113293 0.0422988 0.152929 0.0450917 0.0933071 0.340864
14.8787 1.35762 -1.183 0.210137 -0.674888 0.290063 0.64516 0.127675 0.0422988 0.152929 0.0450917 0.0933071 0.340864
14.8754 1.36052 -1.13736 0.23973 -0.673818 0.280999 0.639952 0.142057 0.0422988 0.152929 0.0450917 0.0933071 0.340864
14.8724 1.36098 -1.08672 0.269087 -0.672083 0.271657 0.634113 0.156438 0.0422988 0.152929 0.0450917 0.0933071 0.340864
14.8701 1.35852 -1.03119 0.298178 -0.669685 0.262048 0.627648 0.17082 0.0422988 0.152929 0.0450917 0.0933071 0.340864
14.8685 1.35265 -0.970983 0.326975 -0.666627 0.25218 0.620565 0.185201 0.0422988 0.152929 0.0450917 0.0933071 0.340864
14.8679 1.34048 -0.894948 0.330574 -0.676786 0.206924 0.624391 0.26786 0.243113 0.198381 0.0703275 -0.176372 0.340864
14.8683 1.31698 -0.792506 0.333451 -0.68547 0.161217 0.626857 0.350518 0.243113 0.198381 0.0703275 -0.176372 0.340864
14.866 1.29152 -0.684845 0.30432 -0.702139 0.18141 0.617641 0.300555 -0.146951 -0.154999 -0.165904 -0.0669767 0.340864
14.8584 1.2749 -0.592973 0.274696 -0.717671 0.201309 0.607425 0.250592 -0.146951 -0.154999 -0.165904 -0.0669767 0.340864
14.8478 1.26544 -0.517625 0.244627 -0.732041 0.220883 0.596225 0.200629 -0.146951 -0.154999 -0.165904 -0.0669767 0.340864
14.836 1.26137 -0.459227 0.214162 -0.745225 0.240099 0.58406 0.150665 -0.146951 -0.154999 -0.165904 -0.0669767 0.340864
14.8253 1.26084 -0.417886 0.18335 -0.757203 0.258926 0.57095 0.100702 -0.146951 -0.154999 -0.165904 -0.0669767 0.340864
14.8174 1.26196 -0.393395 0.152241 -0.767955 0.277333 0.556915 0.0507388 -0.146951 -0.154999 -0.165904 -0.0669767 0.340864
14.8144 1.26279 -0.385237 0.120886 -0.777463 0.295292 0.541978 0.000775546 -0.146951 -0.154999 -0.165904 -0.0669767 0.340864
14.811 1.26395 -0.376448 0.124109 -0.769926 0.275141 0.562236 0.0549608 0.159368 0.0749435 0.136623 -0.079347 0.340864
14.8023 1.26701 -0.350115 0.127221 -0.761708 0.254747 0.581997 0.109146 0.159368 0.0749435 0.136623 -0.079347 0.340864
14.7901 1.27135 -0.305668 0.130222 -0.752817 0.234127 0.601243 0.163331 0.159368 0.0749435 0.136623 -0.079347 0.340864
14.7759 1.27626 -0.242684 0.133107 -0.74326 0.213301 0.619959 0.217516 0.159368 0.0749435 0.136623 -0.079347 0.340864
14.7658 1.28153 -0.185891 0.123078 -0.721402 0.232566 0.640582 0.123305 -0.277094 -0.164414 0.142245 0.0176524 0.340864
14.7624 1.2852 -0.160474 0.11288 -0.698551 0.251511 0.660323 0.0290926 -0.277094 -0.164414 0.142245 0.0176524 0.340864
14.7608 1.28685 -0.149093 0.145904 -0.721106 0.2577 0.626346 0.0392481 0.029869 0.158848 -0.182564 0.19512 0.340864
14.7577 1.28803 -0.134403 0.17852 -0.741648 0.263169 0.59062 0.0494035 0.029869 0.158848 -0.182564 0.19512 0.340864
14.7527 1.28823 -0.116577 0.210638 -0.760119 0.267903 0.553244 0.059559 0.029869 0.158848 -0.182564 0.19512 0.340864
14.7455 1.28689 -0.0958649 0.242168 -0.776467 0.271889 0.514324 0.0697144 0.029869 0.158848 -0.182564 0.19512 0.340864
14.7358 1.28347 -0.0725897 0.273022 -0.790648 0.275117 0.473968 0.0798699 0.029869 0.158848 -0.182564 0.19512 0.340864
14.7236 1.27742 -0.0471406 0.303113 -0.802621 0.277576 0.432288 0.0900253 0.029869 0.158848 -0.182564 0.19512 0.340864
14.7087 1.2682 -0.0199672 0.332359 -0.812353 0.279259 0.389402 0.100181 0.029869 0.158848 -0.182564 0.19512 0.340864
14.6912 1.25528 0.00842874 0.360676 -0.819817 0.280164 0.345428 0.110336 0.029869 0.158848 -0.182564 0.19512 0.340864
14.6712 1.2382 0.0375023 0.387986 -0.824992 0.280286 0.30049 0.120492 0.029869 0.158848 -0.182564 0.19512 0.340864
14.6488 1.2165 0.066675 0.414213 -0.827864 0.279625 0.254713 0.130647 0.029869 0.158848 -0.182564 0.19512 0.340864
14.63 1.19615 0.0901006 0.427483 -0.829464 0.258578 0.249771 0.0829131 -0.140394 0.137069 0.0466522 0.0373228 0.340864
14.6118 1.17486 0.112637 0.426941 -0.838647 0.218143 0.258469 0.128448 0.133927 0.188645 0.129839 -0.0984031 0.340864
14.5862 1.14323 0.14404 0.425633 -0.846324 0.177317 0.266703 0.173984 0.133927 0.188645 0.129839 -0.0984031 0.340864
14.5533 1.10061 0.183682 0.423561 -0.852483 0.136172 0.274458 0.219519 0.133927 0.188645 0.129839 -0.0984031 0.340864
14.513 1.0464 0.230867 0.420728 -0.85711 0.0947831 0.28172 0.265054 0.133927 0.188645 0.129839 -0.0984031 0.340864
14.4744 0.997815 0.271383 0.391688 -0.87795 0.0911824 0.259751 0.170921 -0.276864 0.03603 -0.152625 -0.191765 0.340864
14.4463 0.962318 0.29927 0.424203 -0.862564 0.0696988 0.266792 0.142129 -0.0846818 0.136198 0.126847 0.166819 0.340864
14.4259 0.931087 0.321568 0.455952 -0.845621 0.0480893 0.273351 0.113337 -0.0846818 0.136198 0.126847 0.166819 0.340864
14.4124 0.905284 0.338317 0.486878 -0.827151 0.026393 0.279417 0.0845453 -0.0846818 0.136198 0.126847 0.166819 0.340864
14.4043 0.885959 0.349708 0.516926 -0.807189 0.00464914 0.284978 0.0557535 -0.0846818 0.136198 0.126847 0.166819 0.340864
14.4004 0.87403 0.356078 0.54604 -0.785769 -0.0171032 0.290025 0.0269617 -0.0846818 0.136198 0.126847 0.166819 0.340864
14.3981 0.864425 0.360786 0.567876 -0.769708 -0.0209337 0.290908 0.0373971 0.0306924 0.0537434 0.0415968 0.146092 0.340864
14.3958 0.851461 0.366825 0.589287 -0.753069 -0.0247485 0.291574 0.0478325 0.0306924 0.0537434 0.0415968 0.146092 0.340864
14.3939 0.835069 0.374081 0.610255 -0.735866 -0.0285448 0.29202 0.058268 0.0306924 0.0537434 0.0415968 0.146092 0.340864
14.3926 0.815206 0.38243 0.630765 -0.71811 -0.0323196 0.292248 0.0687034 0.0306924 0.0537434 0.0415968 0.146092 0.340864
14.3924 0.791865 0.39174 0.650803 -0.699815 -0.0360702 0.292256 0.0791388 0.0306924 0.0537434 0.0415968 0.146092 0.340864
14.3937 0.765065 0.401868 0.670351 -0.680996 -0.0397937 0.292045 0.0895742 0.0306924 0.0537434 0.0415968 0.146092 0.340864
14.3968 0.73486 0.412667 0.689397 -0.661665 -0.0434874 0.291615 0.10001 0.0306924 0.0537434 0.0415968 0.146092 0.340864
14.402 0.701331 0.423982 0.707926 -0.641838 -0.0471484 0.290966 0.110445 0.0306924 0.0537434 0.0415968 0.146092 0.340864
14.4098 0.664593 0.435651 0.725924 -0.62153 -0.0507741 0.290098 0.12088 0.0306924 0.0537434 0.0415968 0.146092 0.340864
14.4183 0.632347 0.445772 0.741302 -0.6031 -0.0390237 0.291923 0.0841715 -0.107967 -0.0190054 -0.0166499 0.15554 0.340864
14.4248 0.612 0.452433 0.756149 -0.584237 -0.0272454 0.293538 0.0474626 -0.107967 -0.0190054 -0.0166499 0.15554 0.340864
14.4281 0.603173 0.455449 0.770453 -0.564954 -0.0154474 0.294942 0.0107537 -0.107967 -0.0190054 -0.0166499 0.15554 0.340864
14.4306 0.597591 0.457495 0.775296 -0.545263 -0.0156978 0.318368 0.0271608 0.0482563 -0.0951589 0.112726 0.107049 0.340864
14.4357 0.587472 0.46145 0.779395 -0.525048 -0.0159331 0.341488 0.0435679 0.0482563 -0.0951589 0.112726 0.107049 0.340864
14.444 0.573132 0.467406 0.782745 -0.50433 -0.016153 0.36428 0.0599751 0.0482563 -0.0951589 0.112726 0.107049 0.340864
14.4559 0.554913 0.475412 0.785345 -0.483127 -0.0163575 0.386723 0.0763822 0.0482563 -0.0951589 0.112726 0.107049 0.340864
14.4718 0.533188 0.485475 0.78719 -0.46146 -0.0165463 0.408794 0.0927893 0.0482563 -0.0951589 0.112726 0.107049 0.340864
14.4922 0.508355 0.497554 0.788279 -0.43935 -0.0167192 0.430473 0.109196 0.0482563 -0.0951589 0.112726 0.107049 0.340864
14.5175 0.48083 0.51157 0.788612 -0.416819 -0.016876 0.451739 0.125604 0.0482563 -0.0951589 0.112726 0.107049 0.340864
14.548 0.451051 0.527397 0.788188 -0.393887 -0.0170166 0.472571 0.142011 0.0482563 -0.0951589 0.112726 0.107049 0.340864
14.5842 0.41947 0.544867 0.787007 -0.370577 -0.0171409 0.492949 0.158418 0.0482563 -0.0951589 0.112726 0.107049 0.340864
14.6126 0.395608 0.558607 0.769308 -0.379966 -0.0206189 0.513192 0.0744439 -0.246982 -0.138419 0.0347924 -0.0901027 0.340864
14.6307 0.379899 0.568275 0.749239 -0.392008 -0.0195264 0.533469 0.0777373 0.00968651 -0.156269 0.00646038 -0.0936053 0.340864
14.6492 0.363474 0.579193 0.728452 -0.403673 -0.0184152 0.553233 0.0810307 0.00968651 -0.156269 0.00646038 -0.0936053 0.340864
14.6659 0.349049 0.589688 0.73102 -0.389938 0.00133113 0.559962 0.0629095 -0.0532978 -0.0658812 -0.024217 0.129958 0.340864
14.6788 0.338993 0.597877 0.733127 -0.375956 0.0210766 0.566337 0.0447882 -0.0532978 -0.0658812 -0.024217 0.129958 0.340864
14.6876 0.332822 0.603522 0.734772 -0.361738 0.0408088 0.572355 0.0266669 -0.0532978 -0.0658812 -0.024217 0.129958 0.340864
14.6936 0.328903 0.607223 0.759501 -0.350501 0.0402422 0.546524 0.0206874 -0.0175869 0.193456 -0.00874983 0.105505 0.340864
14.6982 0.32596 0.609811 0.783162 -0.338771 0.039619 0.519925 0.0147079 -0.0175869 0.193456 -0.00874983 0.105505 0.340864
14.7013 0.324012 0.611408 0.805722 -0.326566 0.0389402 0.492595 0.00872832 -0.0175869 0.193456 -0.00874983 0.105505 0.340864
