0 0 0 0 0 0 1 4.65127e-310 0 0 0 0 0
0.550869 -0.137352 0.0449079 -0.224766 -0.0273318 -0.188716 0.955573 0.480565 0.201918 -0.191726 -0.0233142 -0.160976 2.38605
0.857207 -0.254065 0.0737947 -0.241682 0.0261078 -0.182774 0.952629 0.48774 0.0105521 -0.020316 0.16336 -0.0216332 0.681728
1.08068 -0.340245 0.0862788 -0.233934 0.0089737 -0.18501 0.954445 0.217704 -0.397112 0.0136164 -0.0539041 0.00629662 0.681728
1.97508 -0.97652 -0.130377 -0.242372 0.304397 -0.316146 0.865246 0.451747 0.0688363 0.0147236 0.152068 -0.126318 3.40864
2.15402 -1.15591 -0.236907 -0.238017 0.29639 -0.261337 0.887245 0.357158 -0.139101 0.0684315 -0.00505497 0.161841 0.681728
3.10066 -1.69465 -0.425194 -0.47526 0.062035 -0.146632 0.86532 0.46767 0.0406293 -0.18246 -0.0842077 0.166822 2.72691
3.25647 -1.74154 -0.420333 -0.484988 0.0529319 -0.122744 0.864245 0.489976 0.0656051 -0.0516587 0.0292322 0.149682 0.340864
3.96879 -2.04595 -0.449012 -0.58191 0.21244 -0.194687 0.760491 0.273462 -0.106134 -0.116986 0.119001 -0.145489 2.04519
4.05434 -2.09885 -0.460974 -0.566292 0.211218 -0.168471 0.778664 0.322517 0.144278 0.163472 0.0436826 0.122784 0.340864
4.14952 -2.15245 -0.472942 -0.568354 0.176604 -0.173834 0.78458 0.323961 0.00424933 -0.0307073 -0.181756 0.0991809 0.340864
4.3745 -2.27483 -0.505482 -0.568302 0.214776 -0.147229 0.780531 0.435628 0.164216 0.0266958 0.134685 -0.00451447 0.681728
5.13597 -2.48988 -0.846845 -0.535663 0.260365 0.216556 0.773549 0.211678 -0.0823346 0.080016 0.179829 0.188091 2.72691
5.17236 -2.48726 -0.877776 -0.539217 0.273501 0.227874 0.763227 0.069665 -0.417686 -0.0480947 0.106721 0.0287049 0.340864
5.80284 -2.25676 -1.34 -0.371827 0.149347 0.299767 0.865783 0.466006 0.129523 0.152493 -0.0302972 0.0347649 3.06778
5.97419 -2.16084 -1.44685 -0.411273 0.120293 0.330192 0.841045 0.191593 -0.403549 -0.0885775 -0.0646638 0.148483 0.681728
6.1051 -2.07606 -1.52114 -0.411768 0.0662645 0.340289 0.842769 0.316715 0.184002 0.0569312 -0.122588 0.0888775 0.681728
6.23299 -1.9743 -1.57843 -0.347208 -0.0367904 0.395034 0.84973 0.0236236 -0.287344 0.188741 -0.0841749 0.161117 1.02259
6.24705 -1.96027 -1.58108 -0.322045 -0.0999868 0.365686 0.867504 0.0353815 0.0172911 0.157791 -0.156904 -0.0267628 0.681728
6.42352 -1.83808 -1.59754 -0.396921 -0.0647107 0.244242 0.88239 0.281965 0.181312 -0.0899128 -0.0507749 -0.19135 1.36346
6.50214 -1.79192 -1.60781 -0.40993 -0.0482877 0.279025 0.867047 0.257881 -0.070837 -0.140227 0.141972 0.159341 0.340864
6.59265 -1.73582 -1.62732 -0.399065 -0.000285489 0.29312 0.868808 0.0606159 -0.290096 -0.011569 0.148639 -0.0218417 0.681728
6.63216 -1.71283 -1.63652 -0.374976 -0.014532 0.264492 0.888384 0.213697 0.45024 0.193741 -0.0984763 -0.146628 0.340864
7.13985 -1.39283 -1.88421 -0.473254 0.123243 0.374728 0.787668 0.33578 0.0512951 -0.138249 0.1155 0.0605824 2.38605
7.22135 -1.33868 -1.95175 -0.485857 0.144845 0.371627 0.777725 0.363645 0.0819563 -0.135949 0.0708895 -0.0434566 0.340864
7.56724 -1.1646 -2.18349 -0.514226 0.0879159 0.235304 0.820046 0.0803498 -0.13887 -8.97712e-05 -0.125197 -0.0885772 2.04519
7.66334 -1.13383 -2.2414 -0.626271 0.167067 0.301653 0.699199 0.0569192 -0.0137827 -0.197501 0.0986059 0.0615576 1.70432
7.90352 -1.04377 -2.51316 -0.563414 0.249768 0.396093 0.680655 0.383829 0.1923 0.027347 0.164111 0.0110153 1.70432
7.96648 -1.01749 -2.60404 -0.559179 0.284126 0.383165 0.678068 0.284759 -0.291383 -0.0906864 0.108414 -0.165858 0.340864
8.23016 -0.837702 -3.10395 -0.463479 0.29438 0.488256 0.678332 0.415165 0.0767093 0.107386 0.120776 0.0451322 1.70432
8.35026 -0.725458 -3.33029 -0.422692 0.25779 0.40622 0.768024 0.134339 -0.27532 0.123805 -0.136348 -0.185822 1.02259
8.56185 -0.596782 -3.68315 -0.55393 0.304316 0.421934 0.65002 0.373997 0.140976 -0.195829 0.0230517 0.0877497 1.70432
8.62513 -0.565836 -3.80957 -0.524064 0.33025 0.427019 0.658746 0.477403 0.304135 0.0873921 0.174285 -0.140216 0.340864
8.99612 -0.497884 -4.32017 -0.545716 0.300937 0.16541 0.764376 0.15139 -0.159811 -0.0325835 -0.199303 -0.193726 2.04519
9.23214 -0.489479 -4.45277 -0.663392 0.059755 0.168619 0.726573 0.116375 -0.0171639 -0.0692005 -0.189275 0.174431 2.04519
9.51891 -0.448526 -4.57496 -0.712272 0.118931 0.202839 0.661348 0.253867 0.0808777 -0.102214 0.0723152 -0.000559336 1.70432
9.84248 -0.428744 -4.72003 -0.741249 0.118547 0.14112 0.645432 0.164258 -0.0527116 -0.0444631 -0.0567517 -0.0398794 1.70432
10.164 -0.471758 -4.84643 -0.753831 0.205602 0.0690225 0.620244 0.34876 0.135664 -0.0701936 0.00583241 -0.156262 1.36346
10.632 -0.524598 -5.06102 -0.740024 0.13665 0.206517 0.625334 0.16061 -0.0922302 0.0447164 0.0598328 0.131965 2.04519
10.8632 -0.498322 -5.20155 -0.70487 0.143452 0.255951 0.645809 0.372537 0.207771 0.0833627 0.0888819 0.0330555 1.02259
11.4005 -0.413358 -5.68076 -0.368423 0.371267 0.264442 0.810244 0.103575 -0.087896 0.186466 0.145634 -0.165768 3.06778
11.5552 -0.44128 -5.81046 -0.531938 0.268723 -0.114078 0.794869 0.0507848 -0.0194081 -0.190758 -0.197209 -0.154796 2.72691
11.7092 -0.518852 -5.85424 -0.564354 0.213455 -0.111215 0.789666 0.472498 0.620167 -0.100274 -0.109815 0.117119 0.681728
12.5108 -0.724122 -5.87182 -0.592422 -0.134203 -0.0639272 0.791795 0.077908 -0.128951 -0.0330602 -0.163642 0.160032 3.06778
12.6992 -0.717746 -5.78862 -0.511817 -0.210612 -0.125765 0.823328 0.326803 0.244015 0.16895 -0.192817 0.017967 1.02259
12.8012 -0.71337 -5.7292 -0.538102 -0.26434 -0.122671 0.7909 0.0207402 -0.450093 -0.134361 -0.135919 0.0601391 0.681728
13.2076 -0.594325 -5.2889 -0.400352 -0.462335 -0.0878464 0.786287 0.495106 0.199313 0.0619342 -0.132382 0.14423 2.38605
13.6469 -0.375678 -4.70452 -0.468773 -0.4474 -0.0507246 0.759942 0.403277 -0.0540175 -0.0944585 0.0240698 -0.0126483 1.70432
14.2369 0.111312 -3.67769 -0.367042 -0.582935 -0.0188977 0.724645 0.437043 0.0110347 0.0260486 -0.0716328 0.0863584 3.06778
14.33 0.227737 -3.40389 -0.37763 -0.596793 -0.0733683 0.704167 0.4801 0.0633193 0.0479766 -0.122935 -0.1205 0.681728
14.4281 0.327407 -3.08648 -0.387994 -0.573358 -0.16986 0.701333 0.200544 -0.274075 0.100042 -0.0409833 -0.163387 1.02259
14.518 0.413245 -2.70776 -0.37475 -0.61596 -0.179154 0.669373 0.385926 0.13631 -0.00738449 -0.0795391 0.0179157 1.36346
14.6282 0.453008 -2.27131 -0.362333 -0.507202 -0.300029 0.722111 0.281419 -0.0768427 0.180315 0.0853616 -0.154538 1.36346
14.7375 0.494182 -1.76674 -0.468973 -0.595447 -0.288895 0.584848 0.330835 0.029068 -0.188095 -0.115219 -0.065424 1.70432
14.7468 0.511934 -1.68179 -0.437973 -0.607645 -0.29526 0.593101 0.182708 -0.435667 0.131007 -0.0833212 0.134386 0.340864
14.745 0.606138 -1.41311 -0.508139 -0.703724 -0.247666 0.430382 0.0982348 -0.0414085 -0.168037 -0.112865 -0.0201176 2.04519
14.7258 0.722571 -1.13565 -0.429586 -0.663537 -0.258671 0.555215 0.155853 0.0242091 0.0969663 0.0675734 0.0514956 2.38605
14.7107 0.815766 -0.892349 -0.447821 -0.705567 -0.218018 0.504083 0.356377 0.196593 -0.137276 -0.0688629 0.0300331 1.02259
14.6873 0.908913 -0.710507 -0.50569 -0.716283 -0.245895 0.413222 0.0471132 -0.3032 -0.10321 -0.136318 -0.137331 1.02259
14.6775 0.955042 -0.610586 -0.48212 -0.634218 -0.326114 0.508898 0.0253664 -0.0071068 0.0890729 0.0367941 -0.0224639 3.06778
14.6771 0.959274 -0.597776 -0.52259 -0.645082 -0.332 0.447823 0.00110977 -0.023781 -0.0978361 -0.0665392 -0.0850632 1.02259
