0 0 0 0 0 0 1 1.13618e-313 0 0 0 0 0
0.0743855 0.00473107 0.00650459 -0.0191916 -0.065932 0.0465158 0.996555 0.0440431 0.0129539 -0.0113021 -0.0388282 0.0273937 3.40864
0.1335 0.0104798 0.011872 -0.060614 -0.0199498 0.0470722 0.996851 0.0144436 -0.0145096 -0.0426249 0.0430934 -0.00301459 2.04519
0.233145 0.013698 0.0188407 -0.0501969 -0.0458457 -0.00686997 0.997663 0.0695829 0.0231678 0.0107029 -0.0240294 -0.0437521 2.38605
0.349683 0.00954278 0.0274765 -0.0509277 -0.0284403 -0.0294292 0.997863 0.159725 0.0883746 0.000852649 0.0318603 -0.0459128 1.02259
0.55452 -0.00431406 0.042909 -0.0739289 -0.0412522 -0.0417633 0.995534 0.243991 0.0826139 -0.0452946 -0.0251055 -0.0242739 1.02259
1.12089 -0.0199676 0.076307 -0.0706148 -0.0164372 0.00793466 0.997337 0.312736 0.0336986 0.00237258 0.0277735 0.0469394 2.04519
1.97777 0.00737868 0.0660429 -0.110535 0.0252383 0.0251365 0.993234 0.317904 0.0018999 -0.0299572 0.0311917 0.00999834 2.72691
2.1845 0.0169479 0.0540307 -0.105483 0.0274459 0.0270805 0.993673 0.291806 -0.0383791 0.014883 0.00742217 0.00455366 0.681728
2.93172 0.0603839 0.00634521 -0.163647 0.0277179 0.0391299 0.985353 0.259671 -0.0118144 -0.0429308 0.000143099 0.0101283 2.72691
3.113 0.0698352 -0.00529229 -0.153534 0.0272219 0.0225339 0.987511 0.27537 0.0230863 0.0290542 -0.00843802 -0.0489341 0.681728
3.47134 0.0717281 -0.0153881 -0.123672 -0.00339705 -0.017258 0.992167 0.146541 -0.0757817 0.0350914 -0.0421415 -0.0418024 1.70432
3.69476 0.065516 -0.0199343 -0.0938846 0.0256129 -0.00861851 0.995216 0.182275 0.0262749 0.0447231 0.043171 0.00755808 1.36346
4.25211 0.0557996 -0.0295171 -0.139711 -0.00536316 -0.00696059 0.990153 0.227729 0.0167111 -0.0340665 -0.0221787 0.0041847 2.72691
4.85636 0.0573731 -0.0173607 -0.14232 -0.0146047 0.00624224 0.989693 0.280174 0.0220358 -0.00233868 -0.00612654 0.0120566 2.38605
5.15503 0.0643364 -0.00150917 -0.114306 -0.0435888 0.0104899 0.992433 0.159847 -0.088476 0.0415318 -0.0409907 0.0128284 1.36346
5.89393 0.0508465 0.110972 -0.190283 -0.0957049 -0.0462032 0.97596 0.329165 0.0553328 -0.048638 -0.0391089 -0.0350018 3.06778
6.53548 -0.00578422 0.23473 -0.169035 -0.0762898 -0.0721506 0.980001 0.442553 0.0666987 0.0292865 0.0157874 -0.0315347 1.70432
7.00368 -0.0577856 0.309878 -0.18603 -0.060187 -0.063955 0.978611 0.492861 0.0493218 -0.0320686 0.0358593 0.00767333 1.02259
7.63906 -0.134924 0.398777 -0.175636 -0.0538302 -0.0792193 0.979785 0.457456 -0.0260331 0.0172295 0.00409884 -0.0226775 1.36346
8.83374 -0.322212 0.479896 -0.107302 0.0130899 -0.0847664 0.99052 0.33539 -0.039891 0.0487276 0.0391179 -0.00828714 3.06778
9.4818 -0.451175 0.455478 -0.0664531 0.0412105 -0.107643 0.99111 0.313025 -0.0109632 0.0417943 0.0215097 -0.0256617 2.04519
9.92105 -0.555897 0.415014 -0.108904 0.0704353 -0.116703 0.984662 0.220408 -0.0544807 -0.0467625 0.0390749 -0.011612 1.70432
10.2142 -0.623529 0.369739 -0.0507555 0.113283 -0.0821366 0.98886 0.00342468 -0.0797732 0.0479551 0.0286135 0.0189643 2.72691
10.3166 -0.64459 0.345724 -0.106384 0.126023 -0.0925072 0.981959 0.0866769 0.0349799 -0.0466548 0.0146493 -0.00434436 2.38605
10.5821 -0.695523 0.269977 -0.131974 0.162122 -0.061154 0.975992 0.243687 0.0923591 -0.0217428 0.0493218 0.0348644 1.70432
10.7858 -0.730791 0.207855 -0.146297 0.149528 -0.0618666 0.975916 0.179663 -0.0627693 -0.0291675 -0.0225459 0.00643966 1.02259
11.3811 -0.803567 0.0555944 -0.109444 0.114615 -0.0263978 0.98701 0.275497 0.0352331 0.0299697 -0.0241496 0.0256773 2.72691
11.5564 -0.815773 0.018035 -0.094756 0.101358 -0.0198138 0.990129 0.253206 -0.0327811 0.0448354 -0.0385606 0.0186727 0.681728
11.9788 -0.838012 -0.079516 -0.0692202 0.126633 -0.0136412 0.989438 0.385174 0.0970353 0.0387508 0.0370292 0.00163977 1.36346
12.8356 -0.823995 -0.334333 -0.0922006 0.162346 0.0606071 0.980546 0.199725 -0.0606041 -0.00881075 0.0274292 0.0482822 3.06778
13.1664 -0.777223 -0.434113 -0.0707416 0.115686 0.0983933 0.985866 0.210806 0.00651841 0.0359002 -0.0492468 0.0442031 1.70432
13.962 -0.57331 -0.63417 -0.131492 0.0976557 0.166346 0.972369 0.286747 0.0223355 -0.0301686 -0.0102412 0.0451389 3.40864
14.662 -0.396666 -0.77631 -0.130322 0.0614697 0.0958264 0.984914 0.19465 -0.0300972 0.00125594 -0.0297635 -0.0431925 3.06778
14.889 -0.354152 -0.812628 -0.108288 0.0714923 0.104276 0.986047 0.263796 0.0677904 0.0419825 0.0255212 0.0108902 1.02259
