0 0 0 0 0 0 1 4.67538e-310 0 0 0 0 0
0.0144182 -0.000413843 -0.000629145 -0.00747137 0.0328082 -0.0213182 0.999206 0.0849429 0.249832 -0.0439608 0.19304 -0.125435 0.340864
0.0574078 -0.00333276 -0.00500518 -0.0149309 0.0655643 -0.0426026 0.996827 0.169886 0.249832 -0.0439608 0.19304 -0.125435 0.340864
0.128177 -0.011308 -0.0167768 -0.0223667 0.0982163 -0.0638194 0.992865 0.254829 0.249832 -0.0439608 0.19304 -0.125435 0.340864
0.225414 -0.0269116 -0.039443 -0.029767 0.130712 -0.0849349 0.987327 0.339771 0.249832 -0.0439608 0.19304 -0.125435 0.340864
0.31235 -0.0450535 -0.0635082 -0.0491073 0.143244 -0.106227 0.982744 0.201535 -0.406576 -0.123259 0.0822532 -0.113293 0.340864
0.345313 -0.0534455 -0.0735717 -0.0335908 0.161723 -0.12846 0.977863 0.00714153 -0.571747 0.0811169 0.0948378 -0.150017 0.340864
0.346632 -0.05387 -0.0740381 -0.0610736 0.183575 -0.161257 0.967763 0.00145798 -0.0167163 -0.174839 0.14965 -0.174528 0.340864
0.352343 -0.0563344 -0.076418 -0.0595564 0.204056 -0.189948 0.958506 0.0377237 0.106664 -0.00624414 0.114866 -0.181145 0.340864
0.367962 -0.0642582 -0.0837496 -0.0579599 0.224265 -0.218386 0.947973 0.0739894 0.106664 -0.00624414 0.114866 -0.181145 0.340864
0.380736 -0.0708682 -0.0905587 -0.0530936 0.257763 -0.185198 0.946806 0.0196465 -0.159832 0.113595 0.193472 0.16579 0.340864
0.386267 -0.0737853 -0.0940304 -0.0682528 0.284029 -0.212979 0.932367 0.0224367 0.00820666 -0.10248 0.176073 -0.155724 0.340864
0.392102 -0.0775505 -0.0982014 -0.0832824 0.309756 -0.240356 0.916158 0.025227 0.00820666 -0.10248 0.176073 -0.155724 0.340864
0.398098 -0.0822538 -0.10308 -0.0981537 0.334893 -0.267276 0.898207 0.0280172 0.00820666 -0.10248 0.176073 -0.155724 0.340864
0.404106 -0.0879755 -0.108658 -0.112838 0.359395 -0.293688 0.87855 0.0308075 0.00820666 -0.10248 0.176073 -0.155724 0.340864
0.409969 -0.0947845 -0.114909 -0.127309 0.383214 -0.319542 0.857224 0.0335978 0.00820666 -0.10248 0.176073 -0.155724 0.340864
0.415523 -0.102737 -0.121792 -0.141537 0.406305 -0.34479 0.834268 0.036388 0.00820666 -0.10248 0.176073 -0.155724 0.340864
0.420605 -0.111877 -0.129246 -0.155497 0.428623 -0.369382 0.809728 0.0391783 0.00820666 -0.10248 0.176073 -0.155724 0.340864
0.42505 -0.122232 -0.137196 -0.169161 0.450128 -0.393272 0.78365 0.0419686 0.00820666 -0.10248 0.176073 -0.155724 0.340864
0.433735 -0.148776 -0.157475 -0.171676 0.479093 -0.395179 0.764743 0.161083 0.350337 0.0315584 0.187539 -0.0747078 0.340864
0.448511 -0.20641 -0.203147 -0.173983 0.507479 -0.396609 0.744913 0.280198 0.350337 0.0315584 0.187539 -0.0747078 0.340864
0.464563 -0.294888 -0.27563 -0.176081 0.535254 -0.397561 0.724185 0.399313 0.350337 0.0315584 0.187539 -0.0747078 0.340864
0.480432 -0.392082 -0.359363 -0.186728 0.546379 -0.366264 0.729694 0.361134 -0.112291 0.0849229 0.0873792 0.168237 0.340864
0.497338 -0.476408 -0.43763 -0.197142 0.556823 -0.334511 0.734293 0.322955 -0.112291 0.0849229 0.0873792 0.168237 0.340864
0.514451 -0.548361 -0.509756 -0.20731 0.566572 -0.302341 0.737976 0.284776 -0.112291 0.0849229 0.0873792 0.168237 0.340864
0.531025 -0.60852 -0.575063 -0.21722 0.575615 -0.269794 0.740739 0.246597 -0.112291 0.0849229 0.0873792 0.168237 0.340864
0.546402 -0.657551 -0.632873 -0.226859 0.58394 -0.23691 0.742579 0.208418 -0.112291 0.0849229 0.0873792 0.168237 0.340864
0.560016 -0.696193 -0.682517 -0.236215 0.591536 -0.203731 0.743492 0.170239 -0.112291 0.0849229 0.0873792 0.168237 0.340864
0.571402 -0.725251 -0.723341 -0.245277 0.598396 -0.170298 0.743479 0.13206 -0.112291 0.0849229 0.0873792 0.168237 0.340864
0.580193 -0.74559 -0.754712 -0.254033 0.604509 -0.136653 0.742538 0.0938811 -0.112291 0.0849229 0.0873792 0.168237 0.340864
0.58613 -0.758125 -0.776023 -0.262472 0.609868 -0.102837 0.740671 0.0557021 -0.112291 0.0849229 0.0873792 0.168237 0.340864
0.58906 -0.763811 -0.786701 -0.270583 0.614467 -0.068893 0.737881 0.0175232 -0.112291 0.0849229 0.0873792 0.168237 0.340864
0.59517 -0.773589 -0.809183 -0.266044 0.614112 -0.0213667 0.742718 0.131134 0.334149 0.199117 0.0548024 0.19248 0.340864
0.61098 -0.793762 -0.867698 -0.260893 0.612342 0.0262088 0.745845 0.244744 0.334149 0.199117 0.0548024 0.19248 0.340864
0.636432 -0.818178 -0.963936 -0.25514 0.609163 0.073724 0.747254 0.358355 0.334149 0.199117 0.0548024 0.19248 0.340864
0.670818 -0.840555 -1.09896 -0.2488 0.604581 0.121069 0.746942 0.471965 0.334149 0.199117 0.0548024 0.19248 0.340864
0.693256 -0.852045 -1.20265 -0.208227 0.633547 0.118635 0.735653 0.155891 -0.929631 0.13252 0.192837 -0.189423 0.340864
0.705447 -0.861821 -1.28255 -0.209286 0.65199 0.0890251 0.723314 0.323149 0.491935 -0.142952 0.0888089 -0.138199 0.340864
0.721227 -0.885691 -1.41784 -0.210059 0.66954 0.0592927 0.709983 0.490406 0.491935 -0.142952 0.0888089 -0.138199 0.340864
0.734618 -0.922775 -1.57641 -0.208653 0.682819 0.0201472 0.699868 0.470904 -0.0573597 -0.165482 0.047433 -0.181959 0.340864
0.742544 -0.967502 -1.72644 -0.206869 0.694861 -0.0190348 0.688484 0.451402 -0.0573597 -0.165482 0.047433 -0.181959 0.340864
0.74763 -1.0056 -1.84902 -0.187553 0.690337 -0.0128552 0.698637 0.304299 -0.432656 0.115347 -0.0544663 -0.04729 0.340864
0.751756 -1.02603 -1.92465 -0.168136 0.685444 -0.00666863 0.708415 0.157196 -0.432656 0.115347 -0.0544663 -0.04729 0.340864
0.756942 -1.04307 -1.98873 -0.202857 0.673134 0.00212477 0.711151 0.234094 0.22617 -0.107036 -0.0522799 0.188968 0.340864
0.767326 -1.06945 -2.07694 -0.237285 0.659853 0.0109151 0.71286 0.310992 0.22617 -0.107036 -0.0522799 0.188968 0.340864
0.784889 -1.10636 -2.18849 -0.271372 0.645621 0.0196897 0.713542 0.387889 0.22617 -0.107036 -0.0522799 0.188968 0.340864
0.805843 -1.15214 -2.30716 -0.281587 0.648272 -0.0162721 0.707239 0.370544 -0.0510155 -0.189867 -0.0235266 -0.115677 0.340864
0.824856 -1.20381 -2.41716 -0.291396 0.649987 -0.0522105 0.699913 0.353199 -0.0510155 -0.189867 -0.0235266 -0.115677 0.340864
0.841702 -1.26033 -2.51834 -0.300784 0.650763 -0.0880734 0.691577 0.335853 -0.0510155 -0.189867 -0.0235266 -0.115677 0.340864
0.860621 -1.33072 -2.63621 -0.281958 0.650091 -0.0976071 0.698824 0.479378 0.422131 0.0525646 -0.0571024 -0.105912 0.340864
0.875242 -1.3842 -2.72605 -0.289357 0.647372 -0.0982054 0.698239 0.141593 -0.993486 -0.0352331 -0.00568254 0.0300075 0.340864
0.883419 -1.41832 -2.78436 -0.257516 0.661201 -0.108901 0.69616 0.258794 0.344708 0.0945215 0.0281214 -0.189963 0.340864
0.892147 -1.47016 -2.8786 -0.225335 0.674155 -0.119452 0.69316 0.375994 0.344708 0.0945215 0.0281214 -0.189963 0.340864
0.898429 -1.53757 -3.00992 -0.192855 0.686216 -0.129846 0.689243 0.493195 0.344708 0.0945215 0.0281214 -0.189963 0.340864
0.902267 -1.59167 -3.12343 -0.182093 0.683478 -0.117689 0.697029 0.24684 -0.724573 0.0994528 -0.0369583 0.014901 0.340864
0.904055 -1.6086 -3.16187 -0.17127 0.680514 -0.105493 0.704584 0.000485328 -0.724573 0.0994528 -0.0369583 0.014901 0.340864
0.90571 -1.62415 -3.20141 -0.14614 0.686449 -0.111492 0.703563 0.249618 0.732743 0.0828023 0.00704625 -0.132089 0.340864
0.908606 -1.66785 -3.32085 -0.120908 0.6919 -0.117413 0.702047 0.49875 0.732743 0.0828023 0.00704625 -0.132089 0.340864
0.90876 -1.71204 -3.46034 -0.0932559 0.705387 -0.0979878 0.695795 0.362176 -0.40169 0.198166 0.0758713 -0.0462429 0.340864
0.905996 -1.73579 -3.55734 -0.0654771 0.717912 -0.0784292 0.688596 0.225601 -0.40169 0.198166 0.0758713 -0.0462429 0.340864
0.903046 -1.74506 -3.60992 -0.0376091 0.729458 -0.0587638 0.680458 0.0890262 -0.40169 0.198166 0.0758713 -0.0462429 0.340864
0.899839 -1.74988 -3.65459 -0.0315302 0.731405 -0.0282174 0.68063 0.175983 0.255755 0.15614 0.0117126 0.0958282 0.340864
0.894434 -1.75418 -3.72888 -0.0254207 0.732639 0.00235646 0.680139 0.262939 0.255755 0.15614 0.0117126 0.0958282 0.340864
0.890662 -1.75803 -3.8054 -0.0273327 0.714576 -0.0211045 0.698705 0.188334 -0.219428 -0.105753 -0.155846 -0.0831964 0.340864
0.890716 -1.76239 -3.85655 -0.0292113 0.695638 -0.0445397 0.716415 0.113728 -0.219428 -0.105753 -0.155846 -0.0831964 0.340864
0.891986 -1.76551 -3.88231 -0.031054 0.675848 -0.0679203 0.733248 0.0391224 -0.219428 -0.105753 -0.155846 -0.0831964 0.340864
0.895145 -1.77283 -3.92566 -0.042589 0.677289 -0.0847877 0.729573 0.220122 0.53235 -0.116915 0.0223517 -0.0286278 0.340864
0.898076 -1.7892 -4.02842 -0.0135122 0.703897 -0.0833248 0.705268 0.392423 0.506769 0.137846 0.19696 -0.128399 0.340864
0.896396 -1.80125 -4.10306 -0.0572998 0.719836 -0.084307 0.686619 0.0525164 -0.999725 -0.179471 0.164796 0.166893 0.340864
0.895604 -1.80554 -4.12666 -0.0460343 0.710163 -0.0689655 0.699137 0.0886921 0.106399 0.109895 -0.0924973 0.0237323 0.340864
0.895564 -1.81071 -4.16259 -0.0347407 0.700056 -0.0535817 0.711227 0.124868 0.106399 0.109895 -0.0924973 0.0237323 0.340864
0.897063 -1.81583 -4.2109 -0.0234257 0.68952 -0.0381651 0.722881 0.161043 0.106399 0.109895 -0.0924973 0.0237323 0.340864
0.899305 -1.82154 -4.26926 -0.0277369 0.694613 -0.0475198 0.717277 0.184131 0.0679048 -0.055905 0.044069 -0.0242527 0.340864
0.900798 -1.82929 -4.33532 -0.0320436 0.699592 -0.0568666 0.711555 0.207219 0.0679048 -0.055905 0.044069 -0.0242527 0.340864
0.901286 -1.83936 -4.40901 -0.036345 0.704457 -0.0662042 0.705717 0.230306 0.0679048 -0.055905 0.044069 -0.0242527 0.340864
0.90051 -1.85204 -4.49025 -0.0406405 0.709207 -0.075531 0.699763 0.253394 0.0679048 -0.055905 0.044069 -0.0242527 0.340864
0.898208 -1.8676 -4.57894 -0.0449293 0.713841 -0.0848454 0.693695 0.276481 0.0679048 -0.055905 0.044069 -0.0242527 0.340864
0.894117 -1.88632 -4.67497 -0.0492108 0.718359 -0.0941459 0.687514 0.299569 0.0679048 -0.055905 0.044069 -0.0242527 0.340864
0.887974 -1.90846 -4.77822 -0.0534842 0.722759 -0.103431 0.68122 0.322657 0.0679048 -0.055905 0.044069 -0.0242527 0.340864
0.881493 -1.93186 -4.87709 -0.0546146 0.718478 -0.119778 0.682978 0.276211 -0.136605 -0.0760838 -0.0290827 -0.0582858 0.340864
0.876428 -1.95368 -4.96013 -0.0557292 0.71399 -0.13609 0.684538 0.229765 -0.136605 -0.0760838 -0.0290827 -0.0582858 0.340864
0.872591 -1.97315 -5.02749 -0.0568276 0.709294 -0.152363 0.6859 0.183319 -0.136605 -0.0760838 -0.0290827 -0.0582858 0.340864
0.869818 -1.98953 -5.07933 -0.0579095 0.704393 -0.168591 0.687062 0.136873 -0.136605 -0.0760838 -0.0290827 -0.0582858 0.340864
0.867971 -2.00206 -5.11583 -0.0589746 0.699287 -0.184771 0.688026 0.0904276 -0.136605 -0.0760838 -0.0290827 -0.0582858 0.340864
0.866938 -2.00999 -5.13724 -0.0600227 0.693979 -0.200897 0.68879 0.0439818 -0.136605 -0.0760838 -0.0290827 -0.0582858 0.340864
0.866002 -2.0169 -5.15393 -0.0938132 0.699811 -0.198585 0.679726 0.0624517 0.0543234 -0.123801 0.101401 0.13457 0.340864
0.864424 -2.0272 -5.17596 -0.127485 0.70476 -0.196021 0.669804 0.0809216 0.0543234 -0.123801 0.101401 0.13457 0.340864
0.862117 -2.0414 -5.20303 -0.160996 0.708818 -0.19321 0.659035 0.0993916 0.0543234 -0.123801 0.101401 0.13457 0.340864
0.859046 -2.06 -5.23478 -0.194304 0.71198 -0.190154 0.647434 0.117862 0.0543234 -0.123801 0.101401 0.13457 0.340864
0.855226 -2.08346 -5.27086 -0.227366 0.714244 -0.186859 0.635015 0.136331 0.0543234 -0.123801 0.101401 0.13457 0.340864
0.852236 -2.11623 -5.31767 -0.240299 0.687846 -0.190555 0.657885 0.200282 0.188089 -0.0622854 -0.185463 0.100995 0.340864
0.853066 -2.1557 -5.37584 -0.230398 0.671035 -0.169649 0.683994 0.213366 0.0384845 0.141004 -0.15228 0.093894 0.340864
0.858487 -2.19456 -5.43946 -0.220151 0.653219 -0.148489 0.709077 0.226451 0.0384845 0.141004 -0.15228 0.093894 0.340864
0.866575 -2.2374 -5.50767 -0.222265 0.643864 -0.192707 0.70633 0.249829 0.0687588 -0.190519 -0.0839072 -0.166653 0.340864
0.87473 -2.28966 -5.57912 -0.223923 0.633186 -0.236529 0.702131 0.273207 0.0687588 -0.190519 -0.0839072 -0.166653 0.340864
0.879165 -2.327 -5.62582 -0.219319 0.638111 -0.254536 0.692766 0.0794972 -0.569735 -0.0535437 0.0250981 -0.111045 0.340864
0.885015 -2.3758 -5.68852 -0.22131 0.637886 -0.225725 0.702262 0.389155 0.910757 0.111964 0.00359228 0.139411 0.340864
0.8905 -2.42406 -5.75404 -0.216953 0.658627 -0.213676 0.688102 0.0906656 -0.877908 0.0723257 0.148732 -0.0123795 0.340864
0.893495 -2.46679 -5.81707 -0.213298 0.666649 -0.191351 0.68809 0.35768 0.785338 0.111364 0.0564199 0.0659532 0.340864
0.896887 -2.52365 -5.89918 -0.224147 0.661933 -0.217439 0.681412 0.2302 -0.374942 -0.159926 -0.0134236 -0.0646542 0.340864
0.898296 -2.5583 -5.9439 -0.234803 0.656645 -0.243338 0.674145 0.10272 -0.374942 -0.159926 -0.0134236 -0.0646542 0.340864
0.899141 -2.57467 -5.9644 -0.215101 0.647387 -0.237886 0.691398 0.0516937 -0.150076 0.10978 -0.124044 -0.0169981 0.340864
0.903098 -2.61796 -6.0184 -0.223688 0.636716 -0.252075 0.693552 0.356132 0.895407 -0.101168 -0.0575447 -0.00849431 0.340864
0.907728 -2.67373 -6.08711 -0.231628 0.651922 -0.235045 0.682715 0.165135 -0.561756 0.0396865 0.136827 0.0631478 0.340864
0.908471 -2.70255 -6.12388 -0.222567 0.671969 -0.23243 0.667007 0.109776 -0.162819 0.0527333 0.131796 -0.073283 0.340864
0.907532 -2.71937 -6.14614 -0.213343 0.691519 -0.229643 0.650807 0.0544178 -0.162819 0.0527333 0.131796 -0.073283 0.340864
0.903563 -2.7503 -6.19064 -0.192902 0.702142 -0.216906 0.650183 0.265245 0.620081 0.143649 0.0315783 -0.0485678 0.340864
0.892235 -2.81706 -6.29691 -0.172327 0.712277 -0.204019 0.649108 0.476073 0.620081 0.143649 0.0315783 -0.0485678 0.340864
0.882116 -2.89215 -6.42299 -0.177002 0.692669 -0.197471 0.670735 0.38932 -0.255156 0.00797233 -0.153258 0.0904342 0.340864
0.881106 -2.95204 -6.52419 -0.181516 0.672426 -0.190743 0.691746 0.302567 -0.255156 0.00797233 -0.153258 0.0904342 0.340864
0.885641 -2.99666 -6.60003 -0.185862 0.651566 -0.183839 0.712124 0.215814 -0.255156 0.00797233 -0.153258 0.0904342 0.340864
0.889627 -3.01827 -6.63881 -0.165517 0.65051 -0.165472 0.722537 0.046389 -0.498309 0.165887 -0.0462564 0.0113779 0.340864
0.891649 -3.02879 -6.65796 -0.17944 0.649556 -0.186636 0.714874 0.082701 0.1068 -0.148564 0.0182147 -0.0432118 0.340864
0.894381 -3.04674 -6.68705 -0.193236 0.648147 -0.207669 0.70671 0.119013 0.1068 -0.148564 0.0182147 -0.0432118 0.340864
0.897488 -3.07315 -6.72535 -0.206897 0.646283 -0.228557 0.69805 0.155325 0.1068 -0.148564 0.0182147 -0.0432118 0.340864
0.900616 -3.109 -6.77208 -0.220413 0.643965 -0.249284 0.688901 0.191637 0.1068 -0.148564 0.0182147 -0.0432118 0.340864
0.903401 -3.15519 -6.82635 -0.233774 0.641196 -0.269836 0.679268 0.227949 0.1068 -0.148564 0.0182147 -0.0432118 0.340864
0.905466 -3.21255 -6.88722 -0.246972 0.637977 -0.290199 0.669159 0.264261 0.1068 -0.148564 0.0182147 -0.0432118 0.340864
0.906422 -3.28185 -6.95367 -0.259996 0.634311 -0.310359 0.658581 0.300574 0.1068 -0.148564 0.0182147 -0.0432118 0.340864
0.905875 -3.36373 -7.02463 -0.272838 0.6302 -0.3303 0.647541 0.336886 0.1068 -0.148564 0.0182147 -0.0432118 0.340864
0.903424 -3.4588 -7.09896 -0.285488 0.625647 -0.35001 0.636047 0.373198 0.1068 -0.148564 0.0182147 -0.0432118 0.340864
0.898664 -3.56753 -7.17549 -0.297938 0.620655 -0.369475 0.624106 0.40951 0.1068 -0.148564 0.0182147 -0.0432118 0.340864
0.893133 -3.65815 -7.23792 -0.295033 0.636532 -0.35219 0.619471 0.238702 -0.502375 0.100165 0.0992022 0.0149515 0.340864
0.889754 -3.70005 -7.26873 -0.291957 0.65204 -0.3347 0.614476 0.0678948 -0.502375 0.100165 0.0992022 0.0149515 0.340864
0.884608 -3.74626 -7.30529 -0.286374 0.666096 -0.322539 0.608502 0.280043 0.623965 0.0842445 0.083617 -0.0133543 0.340864
0.870542 -3.84655 -7.38883 -0.280673 0.679877 -0.310244 0.602278 0.492191 0.623965 0.0842445 0.083617 -0.0133543 0.340864
0.855793 -3.92918 -7.46098 -0.27689 0.701231 -0.294004 0.587511 0.159006 -0.979956 0.0929612 0.154642 -0.0198015 0.340864
0.838557 -3.99637 -7.52681 -0.232631 0.716262 -0.292685 0.589226 0.403661 0.719575 0.187251 -0.0295306 -0.199591 0.340864
0.813198 -4.0906 -7.6234 -0.227358 0.698699 -0.312854 0.601873 0.404011 0.00102831 -0.0796449 -0.150861 -0.0463247 0.340864
0.791239 -4.18713 -7.71871 -0.221879 0.680505 -0.33274 0.613976 0.40436 0.00102831 -0.0796449 -0.150861 -0.0463247 0.340864
0.771913 -4.28037 -7.80596 -0.209163 0.662716 -0.369994 0.616574 0.35541 -0.143973 -0.134665 -0.148203 -0.157195 0.340864
0.754426 -4.36409 -7.87907 -0.196055 0.643686 -0.406554 0.618017 0.306459 -0.143973 -0.134665 -0.148203 -0.157195 0.340864
0.745054 -4.40662 -7.91573 -0.198994 0.663137 -0.38401 0.610891 0.0284281 -0.817737 0.112992 0.130742 0.0536195 0.340864
0.736362 -4.45154 -7.9568 -0.205236 0.654072 -0.36549 0.629671 0.333252 0.896542 0.0513259 -0.0700638 0.14395 0.340864
0.718136 -4.53605 -8.03897 -0.192981 0.685831 -0.347278 0.609748 0.368528 0.103752 0.159737 0.189984 -0.0608876 0.340864
0.690261 -4.62356 -8.13275 -0.180362 0.716295 -0.328411 0.588674 0.403804 0.103752 0.159737 0.189984 -0.0608876 0.340864
0.651227 -4.71271 -8.23787 -0.167403 0.745407 -0.308924 0.56649 0.439079 0.103752 0.159737 0.189984 -0.0608876 0.340864
0.599577 -4.8021 -8.35381 -0.154127 0.773112 -0.288854 0.543236 0.474355 0.103752 0.159737 0.189984 -0.0608876 0.340864
0.54401 -4.89473 -8.47564 -0.154717 0.749189 -0.314529 0.562005 0.483539 0.0270127 -0.142318 -0.184126 -0.0257874 0.340864
0.49426 -4.99464 -8.59844 -0.155062 0.724079 -0.339706 0.579884 0.492723 0.0270127 -0.142318 -0.184126 -0.0257874 0.340864
0.463605 -5.06692 -8.679 -0.190833 0.713659 -0.349045 0.576577 0.169079 -0.951896 -0.185681 0.0415083 0.123429 0.340864
0.450637 -5.10605 -8.7164 -0.226345 0.689523 -0.354628 0.589546 0.158479 -0.0311759 -0.178936 -0.0696768 0.183926 0.340864
0.441688 -5.14538 -8.74933 -0.261394 0.66398 -0.359486 0.60131 0.147879 -0.0311759 -0.178936 -0.0696768 0.183926 0.340864
0.436418 -5.18421 -8.77784 -0.295909 0.63708 -0.36361 0.611846 0.13728 -0.0311759 -0.178936 -0.0696768 0.183926 0.340864
0.434443 -5.22191 -8.80207 -0.32982 0.608878 -0.366991 0.621132 0.12668 -0.0311759 -0.178936 -0.0696768 0.183926 0.340864
0.435338 -5.2579 -8.82221 -0.363057 0.579432 -0.369622 0.629148 0.11608 -0.0311759 -0.178936 -0.0696768 0.183926 0.340864
0.43865 -5.29167 -8.83852 -0.395552 0.548803 -0.371498 0.63588 0.10548 -0.0311759 -0.178936 -0.0696768 0.183926 0.340864
0.443898 -5.32279 -8.8513 -0.42724 0.517052 -0.372615 0.641312 0.0948804 -0.0311759 -0.178936 -0.0696768 0.183926 0.340864
0.450588 -5.35091 -8.86089 -0.458054 0.484245 -0.372971 0.645435 0.0842806 -0.0311759 -0.178936 -0.0696768 0.183926 0.340864
0.458218 -5.37573 -8.86768 -0.487932 0.450449 -0.372565 0.648238 0.0736808 -0.0311759 -0.178936 -0.0696768 0.183926 0.340864
0.485078 -5.44618 -8.88229 -0.520907 0.427352 -0.36342 0.643391 0.378182 0.895591 -0.166087 0.0232922 0.177966 0.340864
0.510657 -5.51319 -8.89307 -0.516061 0.419809 -0.403957 0.627901 0.0485499 -0.969506 -0.1472 -0.124225 -0.175662 0.340864
0.527662 -5.56318 -8.89884 -0.517579 0.420303 -0.404465 0.625991 0.263896 0.633371 -0.0114835 0.00861032 -0.00416258 0.340864
0.567912 -5.68218 -8.91223 -0.519094 0.420795 -0.404969 0.624077 0.479242 0.633371 -0.0114835 0.00861032 -0.00416258 0.340864
0.621302 -5.83665 -8.92388 -0.539469 0.398318 -0.417842 0.612963 0.484767 0.0162503 -0.194182 -0.0457827 0.0453434 0.340864
0.677807 -5.99244 -8.9245 -0.559192 0.375359 -0.430209 0.601107 0.490292 0.0162503 -0.194182 -0.0457827 0.0453434 0.340864
0.737295 -6.14877 -8.91385 -0.578238 0.351946 -0.442056 0.588524 0.495817 0.0162503 -0.194182 -0.0457827 0.0453434 0.340864
0.797851 -6.30293 -8.89643 -0.578113 0.342517 -0.446993 0.590479 0.483827 -0.0352647 -0.0276583 -0.0538065 0.0198041 0.340864
0.857602 -6.45274 -8.87694 -0.57792 0.333048 -0.451877 0.592364 0.471837 -0.0352647 -0.0276583 -0.0538065 0.0198041 0.340864
0.916465 -6.59821 -8.85549 -0.577659 0.32354 -0.456709 0.594179 0.459847 -0.0352647 -0.0276583 -0.0538065 0.0198041 0.340864
0.974362 -6.73934 -8.83221 -0.577331 0.313994 -0.461487 0.595926 0.447857 -0.0352647 -0.0276583 -0.0538065 0.0198041 0.340864
1.03122 -6.87613 -8.80722 -0.576935 0.304411 -0.466211 0.597602 0.435867 -0.0352647 -0.0276583 -0.0538065 0.0198041 0.340864
1.07242 -6.97533 -8.78526 -0.596146 0.293266 -0.478233 0.574368 0.209203 -0.66666 -0.198515 0.0143132 -0.0337585 0.340864
1.08646 -7.00764 -8.77699 -0.619717 0.296253 -0.449067 0.571422 0.00365232 -0.60456 -0.0312592 0.183803 0.120469 0.340864
1.09122 -7.01787 -8.77424 -0.645285 0.310417 -0.449003 0.534458 0.0646777 0.179487 -0.183232 0.179863 -0.104542 0.340864
1.10402 -7.04634 -8.76568 -0.66942 0.323891 -0.447942 0.496307 0.125703 0.179487 -0.183232 0.179863 -0.104542 0.340864
1.1243 -7.09286 -8.75002 -0.692068 0.336646 -0.445886 0.457054 0.186729 0.179487 -0.183232 0.179863 -0.104542 0.340864
1.15161 -7.15713 -8.72595 -0.713179 0.348653 -0.442839 0.416786 0.247754 0.179487 -0.183232 0.179863 -0.104542 0.340864
1.18566 -7.23866 -8.69213 -0.732706 0.359886 -0.43881 0.375592 0.308779 0.179487 -0.183232 0.179863 -0.104542 0.340864
1.2263 -7.33685 -8.64726 -0.750607 0.37032 -0.433806 0.333564 0.369805 0.179487 -0.183232 0.179863 -0.104542 0.340864
1.27353 -7.45096 -8.59008 -0.76684 0.379931 -0.427838 0.290796 0.43083 0.179487 -0.183232 0.179863 -0.104542 0.340864
1.32751 -7.58015 -8.51937 -0.781371 0.388699 -0.420921 0.247381 0.491856 0.179487 -0.183232 0.179863 -0.104542 0.340864
1.38316 -7.71111 -8.4475 -0.770932 0.37775 -0.423943 0.288515 0.445944 -0.135035 0.170284 -0.14977 0.123948 0.340864
1.43518 -7.83073 -8.38694 -0.759006 0.366071 -0.426147 0.329091 0.400032 -0.135035 0.170284 -0.14977 0.123948 0.340864
1.48341 -7.93838 -8.33675 -0.745614 0.353686 -0.427529 0.369032 0.35412 -0.135035 0.170284 -0.14977 0.123948 0.340864
1.5276 -8.03356 -8.29595 -0.730784 0.340618 -0.428085 0.408262 0.308208 -0.135035 0.170284 -0.14977 0.123948 0.340864
1.56741 -8.11586 -8.26358 -0.714543 0.326893 -0.427816 0.446703 0.262297 -0.135035 0.170284 -0.14977 0.123948 0.340864
1.6024 -8.18498 -8.23868 -0.696923 0.312537 -0.42672 0.484282 0.216385 -0.135035 0.170284 -0.14977 0.123948 0.340864
1.63204 -8.24073 -8.2203 -0.677958 0.297577 -0.424802 0.520926 0.170473 -0.135035 0.170284 -0.14977 0.123948 0.340864
1.65574 -8.28305 -8.20756 -0.657685 0.282044 -0.422063 0.556566 0.124561 -0.135035 0.170284 -0.14977 0.123948 0.340864
1.67286 -8.31198 -8.1996 -0.636142 0.265966 -0.41851 0.59113 0.0786494 -0.135035 0.170284 -0.14977 0.123948 0.340864
1.68268 -8.32768 -8.19565 -0.613372 0.249375 -0.414149 0.624555 0.0327376 -0.135035 0.170284 -0.14977 0.123948 0.340864
1.68902 -8.33682 -8.19315 -0.634879 0.217771 -0.403764 0.621674 0.0343265 0.00467306 -0.151206 -0.0220241 0.176762 0.340864
1.6962 -8.34582 -8.18999 -0.655385 0.185823 -0.392742 0.617814 0.0359153 0.00467306 -0.151206 -0.0220241 0.176762 0.340864
1.70422 -8.35458 -8.18618 -0.674857 0.153582 -0.3811 0.612978 0.0375041 0.00467306 -0.151206 -0.0220241 0.176762 0.340864
1.71309 -8.36298 -8.18168 -0.693265 0.121099 -0.368858 0.607176 0.039093 0.00467306 -0.151206 -0.0220241 0.176762 0.340864
1.74217 -8.38953 -8.16599 -0.683307 0.121817 -0.382203 0.610061 0.210244 0.503385 0.0393857 -0.0755219 -0.0514266 0.340864
1.80923 -8.4541 -8.12792 -0.673153 0.1225 -0.395438 0.612771 0.381394 0.503385 0.0393857 -0.0755219 -0.0514266 0.340864
1.89255 -8.53424 -8.08306 -0.678378 0.133562 -0.372724 0.618903 0.34811 -0.0978948 0.0475511 0.137566 0.0561044 0.340864
1.97143 -8.60622 -8.04708 -0.683126 0.144531 -0.349749 0.6246 0.314826 -0.0978948 0.0475511 0.137566 0.0561044 0.340864
2.04503 -8.67007 -8.01912 -0.687394 0.155398 -0.326527 0.629858 0.281542 -0.0978948 0.0475511 0.137566 0.0561044 0.340864
2.11256 -8.7259 -7.99831 -0.691179 0.166155 -0.303076 0.634672 0.248257 -0.0978948 0.0475511 0.137566 0.0561044 0.340864
2.17329 -8.77384 -7.98368 -0.694478 0.176796 -0.279411 0.639041 0.214973 -0.0978948 0.0475511 0.137566 0.0561044 0.340864
2.22658 -8.81407 -7.97427 -0.697288 0.187312 -0.25555 0.64296 0.181689 -0.0978948 0.0475511 0.137566 0.0561044 0.340864
2.29183 -8.8644 -7.96723 -0.679423 0.216254 -0.251896 0.654345 0.304911 0.362417 0.161834 0.0850688 -0.107483 0.340864
2.38752 -8.9441 -7.96361 -0.660674 0.244914 -0.247914 0.66488 0.428133 0.362417 0.161834 0.0850688 -0.107483 0.340864
2.46921 -9.01236 -7.96607 -0.65324 0.250373 -0.218621 0.680291 0.198357 -0.675812 0.139163 0.102168 0.105139 0.340864
2.5261 -9.05556 -7.96995 -0.668853 0.235662 -0.1983 0.676591 0.222505 0.071025 -0.0656991 0.0447502 0.156107 0.340864
2.59192 -9.10039 -7.97422 -0.683874 0.220742 -0.177803 0.672291 0.246654 0.071025 -0.0656991 0.0447502 0.156107 0.340864
2.66696 -9.14602 -7.97899 -0.698288 0.205626 -0.157149 0.667395 0.270802 0.071025 -0.0656991 0.0447502 0.156107 0.340864
2.75146 -9.19162 -7.9844 -0.712083 0.190328 -0.136355 0.661907 0.294951 0.071025 -0.0656991 0.0447502 0.156107 0.340864
2.84558 -9.2363 -7.99064 -0.725246 0.174861 -0.115441 0.655832 0.319099 0.071025 -0.0656991 0.0447502 0.156107 0.340864
2.94942 -9.27921 -7.99791 -0.737766 0.159239 -0.0944237 0.649175 0.343248 0.071025 -0.0656991 0.0447502 0.156107 0.340864
3.06299 -9.31947 -8.00646 -0.749632 0.143476 -0.073323 0.641943 0.367396 0.071025 -0.0656991 0.0447502 0.156107 0.340864
3.16371 -9.35093 -8.01374 -0.730574 0.127365 -0.0735324 0.666808 0.254801 -0.331163 0.174525 -0.0909865 0.0649067 0.340864
3.22852 -9.36935 -8.01755 -0.710609 0.111095 -0.0736506 0.690847 0.142206 -0.331163 0.174525 -0.0909865 0.0649067 0.340864
3.25677 -9.37666 -8.0188 -0.689762 0.0946881 -0.0736773 0.714027 0.0296102 -0.331163 0.174525 -0.0909865 0.0649067 0.340864
3.28393 -9.38305 -8.02023 -0.708532 0.10242 -0.0567195 0.6959 0.134701 0.309092 -0.139616 0.119531 0.0424608 0.340864
3.34585 -9.39694 -8.0252 -0.726573 0.110046 -0.0397034 0.677056 0.239793 0.309092 -0.139616 0.119531 0.0424608 0.340864
3.44247 -9.4177 -8.03583 -0.743867 0.117559 -0.0226464 0.657517 0.344884 0.309092 -0.139616 0.119531 0.0424608 0.340864
3.57355 -9.4448 -8.05427 -0.760397 0.124951 -0.00556613 0.637302 0.449975 0.309092 -0.139616 0.119531 0.0424608 0.340864
3.69728 -9.47067 -8.07429 -0.758598 0.133099 -0.00457893 0.637803 0.302818 -0.432814 0.00997795 0.034532 -0.0340479 0.340864
3.7723 -9.48723 -8.0874 -0.756746 0.141237 -0.00359141 0.638259 0.155662 -0.432814 0.00997795 0.034532 -0.0340479 0.340864
3.8655 -9.50894 -8.10338 -0.759929 0.139155 -0.0127834 0.634807 0.415081 0.763 -0.0349984 -0.0457973 -0.0226756 0.340864
3.99802 -9.544 -8.1259 -0.774044 0.162537 -0.0208879 0.611557 0.402146 -0.038045 -0.161554 0.0711927 -0.125006 0.340864
4.10801 -9.57985 -8.14337 -0.773321 0.176428 -0.0543713 0.606541 0.286232 -0.340923 -0.0505552 -0.0978012 -0.185049 0.340864
4.17967 -9.60829 -8.15214 -0.771562 0.190082 -0.0877819 0.600712 0.170319 -0.340923 -0.0505552 -0.0978012 -0.185049 0.340864
4.24796 -9.63754 -8.15997 -0.773478 0.191643 -0.0741717 0.599587 0.269072 0.29045 0.0041442 0.0695344 0.0425742 0.340864
4.34723 -9.67851 -8.17369 -0.775244 0.193166 -0.0605472 0.598345 0.367825 0.29045 0.0041442 0.0695344 0.0425742 0.340864
4.47759 -9.73027 -8.19481 -0.776862 0.194652 -0.0469111 0.596989 0.466578 0.29045 0.0041442 0.0695344 0.0425742 0.340864
4.5728 -9.76503 -8.2122 -0.790758 0.181551 -0.0182059 0.584303 0.138403 -0.965219 -0.0775356 0.103554 0.17312 0.340864
4.64837 -9.7879 -8.22761 -0.795169 0.16802 0.00117751 0.582644 0.33484 0.577756 -0.00362254 0.0459028 0.134108 0.340864
4.71774 -9.80626 -8.24172 -0.788553 0.149213 0.00491165 0.59657 0.0953351 -0.704427 0.0916404 -0.0607163 0.0941434 0.340864
4.8032 -9.82416 -8.25898 -0.790358 0.134174 0.0245845 0.597267 0.428273 0.97923 0.0146028 0.0378193 0.140372 0.340864
4.91443 -9.84268 -8.28351 -0.795633 0.122968 0.0523287 0.590855 0.250645 -0.522438 -0.0248285 0.0939295 0.154689 0.340864
4.96746 -9.84894 -8.29675 -0.80014 0.111643 0.0800224 0.583873 0.0730157 -0.522438 -0.0248285 0.0939295 0.154689 0.340864
5.00119 -9.85147 -8.30546 -0.785014 0.0991017 0.07725 0.6066 0.132489 0.174922 0.163026 -0.0639387 0.0288809 0.340864
5.05478 -9.85422 -8.31825 -0.769174 0.0864699 0.0744073 0.628775 0.191963 0.174922 0.163026 -0.0639387 0.0288809 0.340864
5.12839 -9.85635 -8.33431 -0.752634 0.0737593 0.0714969 0.650377 0.251436 0.174922 0.163026 -0.0639387 0.0288809 0.340864
5.22219 -9.85706 -8.35275 -0.735408 0.0609816 0.0685214 0.671387 0.31091 0.174922 0.163026 -0.0639387 0.0288809 0.340864
5.33628 -9.85563 -8.3726 -0.717513 0.0481484 0.0654835 0.691786 0.370383 0.174922 0.163026 -0.0639387 0.0288809 0.340864
5.4056 -9.8546 -8.38543 -0.71829 0.0749191 0.0803632 0.687014 0.0444329 -0.958678 -0.0294043 0.172821 -0.0503893 0.340864
5.44925 -9.85262 -8.39549 -0.702485 0.055857 0.106232 0.701505 0.21936 0.514492 0.145546 0.0333591 0.17131 0.340864
5.55011 -9.84139 -8.4196 -0.685632 0.0367117 0.131942 0.714949 0.394287 0.514492 0.145546 0.0333591 0.17131 0.340864
5.68939 -9.8217 -8.45118 -0.692164 0.0267071 0.120832 0.711053 0.453812 0.175072 -0.0378207 -0.0911118 -0.00193579 0.340864
5.79734 -9.80467 -8.4768 -0.680634 0.0338515 0.153449 0.715573 0.206552 -0.727235 0.066691 0.170203 0.102331 0.340864
5.88849 -9.78874 -8.50333 -0.697896 0.047282 0.161185 0.696222 0.359741 0.450557 -0.160743 0.0757883 -0.000305514 0.340864
5.96876 -9.77765 -8.52869 -0.718352 0.0727546 0.146009 0.676283 0.139811 -0.646855 -0.194058 0.0281771 -0.14217 0.340864
6.03877 -9.76899 -8.55033 -0.724496 0.0461152 0.151553 0.670829 0.294293 0.454361 -0.0222403 -0.0854989 0.141959 0.340864
6.15879 -9.74879 -8.5841 -0.730054 0.0194385 0.156976 0.664832 0.448776 0.454361 -0.0222403 -0.0854989 0.141959 0.340864
6.27645 -9.72757 -8.61175 -0.727279 0.00466843 0.12643 0.67458 0.273205 -0.516385 0.0628728 -0.187532 -0.0653615 0.340864
6.33786 -9.71772 -8.62201 -0.723593 -0.0101075 0.0957253 0.683482 0.0976344 -0.516385 0.0628728 -0.187532 -0.0653615 0.340864
6.35968 -9.71497 -8.62527 -0.717502 0.0276453 0.0967461 0.689251 0.0331651 -0.189616 0.0277318 0.159943 -0.159514 0.340864
6.38875 -9.7113 -8.63111 -0.722608 0.0198228 0.125357 0.679507 0.142619 0.321924 -0.0527332 0.0877313 0.155417 0.340864
6.45314 -9.70007 -8.64623 -0.726991 0.0119805 0.153842 0.669083 0.252073 0.321924 -0.0527332 0.0877313 0.155417 0.340864
6.55147 -9.6779 -8.673 -0.730647 0.00412613 0.182173 0.65799 0.361528 0.321924 -0.0527332 0.0877313 0.155417 0.340864
6.68201 -9.64158 -8.71382 -0.733572 -0.00373233 0.210322 0.646238 0.470982 0.321924 -0.0527332 0.0877313 0.155417 0.340864
6.81985 -9.59926 -8.75621 -0.743955 -0.0245778 0.195413 0.638546 0.413184 -0.169992 -0.0465533 -0.156611 0.0425722 0.340864
6.94093 -9.56127 -8.78726 -0.753725 -0.045403 0.180344 0.630327 0.355387 -0.169992 -0.0465533 -0.156611 0.0425722 0.340864
7.0446 -9.52788 -8.80866 -0.762875 -0.0661908 0.165126 0.62159 0.29759 -0.169992 -0.0465533 -0.156611 0.0425722 0.340864
7.13034 -9.49941 -8.82217 -0.771396 -0.0869241 0.149772 0.61234 0.239793 -0.169992 -0.0465533 -0.156611 0.0425722 0.340864
7.19778 -9.47624 -8.82957 -0.779282 -0.107586 0.134294 0.602586 0.181995 -0.169992 -0.0465533 -0.156611 0.0425722 0.340864
7.24672 -9.45878 -8.83262 -0.786525 -0.128159 0.118706 0.592336 0.124198 -0.169992 -0.0465533 -0.156611 0.0425722 0.340864
7.27709 -9.44749 -8.83311 -0.793121 -0.148626 0.10302 0.581598 0.0664007 -0.169992 -0.0465533 -0.156611 0.0425722 0.340864
7.28898 -9.44289 -8.83278 -0.799064 -0.168971 0.0872496 0.57038 0.00860346 -0.169992 -0.0465533 -0.156611 0.0425722 0.340864
7.31247 -9.43265 -8.83082 -0.793202 -0.198743 0.0867514 0.569039 0.142608 0.394131 0.0291437 -0.100571 0.144803 0.340864
7.37606 -9.40144 -8.82313 -0.786609 -0.228331 0.0861731 0.567173 0.276612 0.394131 0.0291437 -0.100571 0.144803 0.340864
7.47724 -9.34547 -8.80657 -0.779289 -0.257709 0.0855152 0.564784 0.410617 0.394131 0.0291437 -0.100571 0.144803 0.340864
7.59836 -9.27008 -8.78111 -0.770565 -0.288869 0.0854277 0.561682 0.441992 0.0922799 0.0305767 -0.104256 0.157363 0.340864
7.72282 -9.18264 -8.7484 -0.761026 -0.319724 0.0852498 0.557986 0.473367 0.0922799 0.0305767 -0.104256 0.157363 0.340864
7.83987 -9.09672 -8.71922 -0.774364 -0.298838 0.104838 0.547783 0.39799 -0.221697 -0.136794 0.13039 -0.049184 0.340864
7.93875 -9.02635 -8.70269 -0.786848 -0.277622 0.124311 0.536976 0.322614 -0.221697 -0.136794 0.13039 -0.049184 0.340864
8.01831 -8.97155 -8.69567 -0.798465 -0.2561 0.143647 0.525577 0.247237 -0.221697 -0.136794 0.13039 -0.049184 0.340864
8.07761 -8.93209 -8.69493 -0.809203 -0.234296 0.162824 0.513599 0.17186 -0.221697 -0.136794 0.13039 -0.049184 0.340864
8.11595 -8.90749 -8.69726 -0.819049 -0.212234 0.181822 0.501056 0.0964831 -0.221697 -0.136794 0.13039 -0.049184 0.340864
8.13285 -8.89705 -8.69945 -0.827992 -0.189938 0.20062 0.48796 0.0211062 -0.221697 -0.136794 0.13039 -0.049184 0.340864
8.14853 -8.88799 -8.70276 -0.825767 -0.159725 0.217908 0.495089 0.0871956 0.194381 -0.0138621 0.181554 -0.103479 0.340864
8.18351 -8.86908 -8.71223 -0.822495 -0.12931 0.23492 0.501591 0.153285 0.194381 -0.0138621 0.181554 -0.103479 0.340864
8.23769 -8.84173 -8.73034 -0.818181 -0.0987309 0.251634 0.507457 0.219374 0.194381 -0.0138621 0.181554 -0.103479 0.340864
8.3107 -8.80736 -8.75952 -0.812829 -0.0680266 0.26803 0.51268 0.285464 0.194381 -0.0138621 0.181554 -0.103479 0.340864
8.40184 -8.76739 -8.80217 -0.806448 -0.0372362 0.284085 0.517253 0.351553 0.194381 -0.0138621 0.181554 -0.103479 0.340864
8.51013 -8.72321 -8.8606 -0.799044 -0.00639851 0.299781 0.521171 0.417643 0.194381 -0.0138621 0.181554 -0.103479 0.340864
8.6343 -8.67619 -8.93705 -0.790628 0.0244473 0.315096 0.524428 0.483732 0.194381 -0.0138621 0.181554 -0.103479 0.340864
8.73852 -8.63586 -9.00462 -0.801513 -0.00341941 0.320249 0.504982 0.28448 -0.586034 -0.0716422 -0.0793977 0.183145 0.340864
8.78828 -8.61424 -9.03633 -0.811356 -0.0312816 0.324985 0.484879 0.0852289 -0.586034 -0.0716422 -0.0793977 0.183145 0.340864
8.82018 -8.59888 -9.0548 -0.812038 -0.0610962 0.303748 0.49457 0.149703 0.189629 0.105235 -0.185964 0.0630844 0.340864
8.87073 -8.5731 -9.07941 -0.811555 -0.0908231 0.282074 0.503551 0.214177 0.189629 0.105235 -0.185964 0.0630844 0.340864
8.94033 -8.53564 -9.10712 -0.809908 -0.12042 0.259996 0.51181 0.278651 0.189629 0.105235 -0.185964 0.0630844 0.340864
9.02907 -8.48537 -9.13479 -0.8071 -0.149844 0.237545 0.519335 0.343125 0.189629 0.105235 -0.185964 0.0630844 0.340864
9.08391 -8.45147 -9.15103 -0.791575 -0.161814 0.277369 0.519896 0.04808 -0.867779 0.0317253 0.174746 0.191455 0.340864
9.09206 -8.44579 -9.1538 -0.772322 -0.160203 0.285542 0.544352 0.0125916 -0.104378 0.162373 0.0976918 -0.00408662 0.340864
9.09806 -8.44154 -9.15568 -0.780656 -0.174734 0.269595 0.536063 0.0320148 0.057127 -0.0249127 -0.140802 0.0210234 0.340864
9.10937 -8.43354 -9.15874 -0.788518 -0.189159 0.253485 0.527449 0.0514379 0.057127 -0.0249127 -0.140802 0.0210234 0.340864
9.12605 -8.42174 -9.16254 -0.795905 -0.20347 0.237223 0.518518 0.0708611 0.057127 -0.0249127 -0.140802 0.0210234 0.340864
9.14814 -8.40606 -9.16662 -0.802811 -0.217659 0.220816 0.509273 0.0902843 0.057127 -0.0249127 -0.140802 0.0210234 0.340864
9.17563 -8.38645 -9.17054 -0.809232 -0.231716 0.204277 0.499721 0.109707 0.057127 -0.0249127 -0.140802 0.0210234 0.340864
9.20849 -8.36283 -9.17386 -0.815165 -0.245633 0.187614 0.489868 0.129131 0.057127 -0.0249127 -0.140802 0.0210234 0.340864
9.24664 -8.33512 -9.17612 -0.820606 -0.259402 0.170839 0.479719 0.148554 0.057127 -0.0249127 -0.140802 0.0210234 0.340864
9.28997 -8.30323 -9.1769 -0.825552 -0.273014 0.15396 0.46928 0.167977 0.057127 -0.0249127 -0.140802 0.0210234 0.340864
9.33837 -8.26709 -9.17575 -0.829999 -0.286462 0.136988 0.458558 0.1874 0.057127 -0.0249127 -0.140802 0.0210234 0.340864
9.40138 -8.21695 -9.1725 -0.81336 -0.306562 0.14995 0.471149 0.28672 0.292118 0.100729 0.0437013 0.151019 0.340864
9.48714 -8.14153 -9.16669 -0.7959 -0.326353 0.162761 0.483265 0.38604 0.292118 0.100729 0.0437013 0.151019 0.340864
9.59322 -8.03858 -9.15736 -0.777639 -0.345816 0.175409 0.494895 0.48536 0.292118 0.100729 0.0437013 0.151019 0.340864
9.67427 -7.95589 -9.14776 -0.787787 -0.35906 0.153706 0.476278 0.198077 -0.84495 -0.0568965 -0.186207 -0.00402835 0.340864
9.71154 -7.91647 -9.14021 -0.770096 -0.390124 0.129051 0.487956 0.124246 -0.21715 0.183904 -0.160676 0.101717 0.340864
9.75127 -7.87227 -9.12728 -0.762941 -0.407494 0.106323 0.490474 0.233543 0.32146 0.0972989 -0.141627 0.0279651 0.340864
9.8135 -7.80125 -9.10115 -0.755118 -0.424508 0.0835023 0.492562 0.342839 0.32146 0.0972989 -0.141627 0.0279651 0.340864
9.89651 -7.7038 -9.05789 -0.746633 -0.44115 0.0606084 0.494218 0.452135 0.32146 0.0972989 -0.141627 0.0279651 0.340864
9.97865 -7.61283 -9.01428 -0.752534 -0.406219 0.0632699 0.514465 0.313287 -0.408378 0.0524225 0.163721 -0.168256 0.340864
10.0356 -7.55841 -8.98849 -0.757177 -0.370609 0.0658257 0.533852 0.174438 -0.408378 0.0524225 0.163721 -0.168256 0.340864
10.0619 -7.53652 -8.97834 -0.760554 -0.33438 0.0682713 0.552346 0.0355893 -0.408378 0.0524225 0.163721 -0.168256 0.340864
10.0785 -7.52301 -8.97245 -0.773598 -0.359941 0.0691318 0.516923 0.0947226 0.173922 -0.192354 -0.15417 0.10576 0.340864
10.1085 -7.49548 -8.96135 -0.785034 -0.384755 0.0698485 0.480424 0.153856 0.173922 -0.192354 -0.15417 0.10576 0.340864
10.1506 -7.45226 -8.94543 -0.794837 -0.408768 0.0704199 0.442927 0.212989 0.173922 -0.192354 -0.15417 0.10576 0.340864
10.203 -7.39185 -8.92539 -0.802988 -0.431931 0.070845 0.404509 0.272123 0.173922 -0.192354 -0.15417 0.10576 0.340864
10.2642 -7.31287 -8.90219 -0.809469 -0.454196 0.0711228 0.36525 0.331256 0.173922 -0.192354 -0.15417 0.10576 0.340864
10.3325 -7.21415 -8.87704 -0.814267 -0.475517 0.0712527 0.325231 0.390389 0.173922 -0.192354 -0.15417 0.10576 0.340864
10.4063 -7.0947 -8.8514 -0.817372 -0.49585 0.0712344 0.284537 0.449523 0.173922 -0.192354 -0.15417 0.10576 0.340864
10.4619 -6.99249 -8.83056 -0.805047 -0.528244 0.0561581 0.264013 0.245948 -0.598747 -0.0205082 -0.181462 0.175123 0.340864
10.4821 -6.94885 -8.82095 -0.791233 -0.559661 0.040978 0.243001 0.0423744 -0.598747 -0.0205082 -0.181462 0.175123 0.340864
10.5005 -6.90556 -8.81003 -0.791084 -0.552689 0.0314257 0.260258 0.241657 0.586124 0.110306 0.0223552 -0.0497758 0.340864
10.5464 -6.80321 -8.78049 -0.790588 -0.545475 0.0218596 0.2774 0.440939 0.586124 0.110306 0.0223552 -0.0497758 0.340864
10.5976 -6.70183 -8.75122 -0.809437 -0.511435 0.0405337 0.285662 0.248941 -0.564698 -0.056648 0.16653 -0.189435 0.340864
10.6236 -6.65814 -8.74035 -0.826723 -0.476408 0.0591296 0.293373 0.0569442 -0.564698 -0.056648 0.16653 -0.189435 0.340864
10.6431 -6.62867 -8.73353 -0.830755 -0.474981 0.0465672 0.286479 0.154872 0.288024 -0.00577627 -0.0793541 -0.037522 0.340864
10.681 -6.57237 -8.71954 -0.834602 -0.473448 0.0339945 0.279521 0.2528 0.288024 -0.00577627 -0.0793541 -0.037522 0.340864
10.7376 -6.48969 -8.69749 -0.838261 -0.471808 0.0214141 0.2725 0.350728 0.288024 -0.00577627 -0.0793541 -0.037522 0.340864
10.8132 -6.38108 -8.66648 -0.841733 -0.470064 0.00882895 0.265419 0.448656 0.288024 -0.00577627 -0.0793541 -0.037522 0.340864
10.8906 -6.27003 -8.63275 -0.83412 -0.473165 0.0112236 0.283254 0.372091 -0.225193 0.093742 0.0567293 0.0392244 0.340864
10.9529 -6.17976 -8.60364 -0.82618 -0.476082 0.0136138 0.300979 0.295525 -0.225193 0.093742 0.0567293 0.0392244 0.340864
11.0005 -6.1103 -8.57993 -0.817916 -0.478812 0.0159987 0.318585 0.218959 -0.225193 0.093742 0.0567293 0.0392244 0.340864
11.0318 -6.06276 -8.56293 -0.798856 -0.494609 0.0265212 0.341305 0.130364 -0.260575 0.116903 0.0868244 0.1473 0.340864
11.0463 -6.03895 -8.55408 -0.778805 -0.509792 0.0370108 0.363601 0.0417683 -0.260575 0.116903 0.0868244 0.1473 0.340864
11.0651 -6.007 -8.54244 -0.796163 -0.505517 0.0276183 0.331383 0.186729 0.426354 -0.157525 -0.134311 -0.0847329 0.340864
11.1085 -5.9344 -8.51783 -0.81237 -0.500511 0.0181858 0.298686 0.331689 0.426354 -0.157525 -0.134311 -0.0847329 0.340864
11.1607 -5.84756 -8.48757 -0.810771 -0.506173 -0.00376538 0.293981 0.290181 -0.122081 0.0455646 -0.128535 -0.00630663 0.340864
11.2048 -5.77284 -8.45824 -0.808736 -0.511561 -0.0257146 0.289118 0.248674 -0.122081 0.0455646 -0.128535 -0.00630663 0.340864
11.2411 -5.71011 -8.43085 -0.806266 -0.516674 -0.0476499 0.2841 0.207166 -0.122081 0.0455646 -0.128535 -0.00630663 0.340864
11.2699 -5.65923 -8.40638 -0.803361 -0.521509 -0.0695595 0.278928 0.165658 -0.122081 0.0455646 -0.128535 -0.00630663 0.340864
11.2915 -5.62003 -8.3858 -0.800024 -0.526063 -0.0914317 0.273606 0.124151 -0.122081 0.0455646 -0.128535 -0.00630663 0.340864
11.3177 -5.57558 -8.36012 -0.803077 -0.504585 -0.0927311 0.303089 0.214811 0.266648 0.149438 0.121356 -0.0967806 0.340864
11.3616 -5.51072 -8.31907 -0.805053 -0.48243 -0.0939062 0.332165 0.305471 0.266648 0.149438 0.121356 -0.0967806 0.340864
11.4259 -5.4281 -8.26196 -0.805948 -0.459627 -0.0949552 0.360796 0.396131 0.266648 0.149438 0.121356 -0.0967806 0.340864
11.5131 -5.33058 -8.18845 -0.805763 -0.436209 -0.0958768 0.388942 0.486792 0.266648 0.149438 0.121356 -0.0967806 0.340864
11.5864 -5.25452 -8.12893 -0.802012 -0.433755 -0.0866928 0.401394 0.226349 -0.766009 0.0454222 0.0789826 0.0260323 0.340864
11.6424 -5.1934 -8.08077 -0.797724 -0.455734 -0.105168 0.380636 0.337721 0.327567 -0.0518858 -0.19425 0.0604334 0.340864
11.7143 -5.10542 -8.01021 -0.792419 -0.477131 -0.12351 0.359392 0.449094 0.327567 -0.0518858 -0.19425 0.0604334 0.340864
11.7734 -5.02906 -7.953 -0.805541 -0.470235 -0.0888286 0.349417 0.211392 -0.699122 -0.166611 0.157815 -0.00290836 0.340864
11.8238 -4.96345 -7.90717 -0.795971 -0.478236 -0.0960529 0.358461 0.344728 0.392163 0.0783326 -0.0306628 0.0542643 0.340864
11.8958 -4.86688 -7.83607 -0.786171 -0.486098 -0.103249 0.367401 0.478063 0.392163 0.0783326 -0.0306628 0.0542643 0.340864
11.9596 -4.77495 -7.76896 -0.78671 -0.504368 -0.104136 0.340376 0.289795 -0.553728 -0.134731 -0.120553 0.0646283 0.340864
11.9898 -4.72595 -7.73563 -0.786412 -0.5221 -0.104911 0.312988 0.101528 -0.553728 -0.134731 -0.120553 0.0646283 0.340864
12.0146 -4.68448 -7.71034 -0.806623 -0.506476 -0.0915249 0.290629 0.219186 0.346055 -0.172153 0.0345006 -0.123529 0.340864
12.0609 -4.61204 -7.67111 -0.82576 -0.490177 -0.0780167 0.267882 0.336845 0.346055 -0.172153 0.0345006 -0.123529 0.340864
12.1317 -4.50875 -7.62205 -0.843797 -0.473226 -0.0644046 0.244779 0.454504 0.346055 -0.172153 0.0345006 -0.123529 0.340864
12.22 -4.39264 -7.57443 -0.863056 -0.442174 -0.0383345 0.241135 0.448427 -0.017873 -0.106659 0.171322 -0.171638 0.340864
12.3162 -4.28191 -7.53689 -0.880566 -0.410226 -0.0121866 0.237003 0.44235 -0.017873 -0.106659 0.171322 -0.171638 0.340864
12.4192 -4.1773 -7.5095 -0.896289 -0.377446 0.013986 0.23239 0.436273 -0.017873 -0.106659 0.171322 -0.171638 0.340864
12.5053 -4.09435 -7.49227 -0.902815 -0.379699 0.0108539 0.201584 0.274663 -0.475325 -0.164224 -0.0885408 -0.00435768 0.340864
12.5522 -4.0487 -7.48396 -0.908432 -0.38157 0.00771099 0.170576 0.113053 -0.475325 -0.164224 -0.0885408 -0.00435768 0.340864
12.5681 -4.03261 -7.48099 -0.904008 -0.39989 -0.0171023 0.150218 0.021273 -0.26994 -0.0478327 -0.196516 0.0838755 0.340864
12.5744 -4.02563 -7.47928 -0.893524 -0.419267 -0.040423 0.155551 0.0350803 0.0406097 0.0905452 -0.129668 0.107648 0.340864
12.5833 -4.015 -7.476 -0.882095 -0.4382 -0.0637009 0.160719 0.0488876 0.0406097 0.0905452 -0.129668 0.107648 0.340864
12.5945 -4.00059 -7.47071 -0.869734 -0.45667 -0.0869115 0.165717 0.0626949 0.0406097 0.0905452 -0.129668 0.107648 0.340864
12.6074 -3.98234 -7.46296 -0.856452 -0.474656 -0.11003 0.17054 0.0765022 0.0406097 0.0905452 -0.129668 0.107648 0.340864
12.6217 -3.96024 -7.45235 -0.842265 -0.492141 -0.133032 0.175183 0.0903095 0.0406097 0.0905452 -0.129668 0.107648 0.340864
12.6367 -3.93431 -7.43849 -0.827187 -0.509105 -0.155894 0.17964 0.104117 0.0406097 0.0905452 -0.129668 0.107648 0.340864
12.6521 -3.90461 -7.42103 -0.811234 -0.525531 -0.178591 0.183907 0.117924 0.0406097 0.0905452 -0.129668 0.107648 0.340864
12.6673 -3.87125 -7.39966 -0.794423 -0.541401 -0.201099 0.18798 0.131731 0.0406097 0.0905452 -0.129668 0.107648 0.340864
12.6818 -3.83438 -7.37409 -0.776772 -0.556698 -0.223394 0.191854 0.145539 0.0406097 0.0905452 -0.129668 0.107648 0.340864
12.6949 -3.79421 -7.3441 -0.758299 -0.571407 -0.245453 0.195525 0.159346 0.0406097 0.0905452 -0.129668 0.107648 0.340864
12.7126 -3.73466 -7.29731 -0.760168 -0.565493 -0.256728 0.190927 0.298168 0.408299 0.023779 -0.0562487 -0.0522695 0.340864
12.7436 -3.64115 -7.2193 -0.7659 -0.547717 -0.261866 0.21173 0.441153 0.420546 0.130537 0.0748514 -0.0729155 0.340864
12.7693 -3.56944 -7.15473 -0.764245 -0.5377 -0.294809 0.199737 0.146239 -0.867396 0.0696138 -0.17717 -0.0993245 0.340864
12.7932 -3.5052 -7.09436 -0.771959 -0.529953 -0.287731 0.201096 0.391151 0.720331 -0.0119084 0.0585996 -0.0485557 0.340864
12.8264 -3.42381 -7.01659 -0.769466 -0.527507 -0.274246 0.233339 0.299159 -0.270566 0.11149 0.160458 0.067203 0.340864
12.8524 -3.3657 -6.95869 -0.766024 -0.52441 -0.260422 0.265295 0.207167 -0.270566 0.11149 0.160458 0.067203 0.340864
12.8702 -3.3297 -6.92139 -0.761637 -0.520666 -0.246277 0.296924 0.115174 -0.270566 0.11149 0.160458 0.067203 0.340864
12.8783 -3.31465 -6.90525 -0.75631 -0.51628 -0.231829 0.328186 0.0231818 -0.270566 0.11149 0.160458 0.067203 0.340864
12.8898 -3.29457 -6.88258 -0.749107 -0.518021 -0.238515 0.337052 0.167255 0.423744 0.0712815 -0.0160006 0.0288015 0.340864
12.9178 -3.24513 -6.82435 -0.741771 -0.519669 -0.245158 0.345858 0.311328 0.423744 0.0712815 -0.0160006 0.0288015 0.340864
12.9614 -3.16774 -6.72896 -0.734303 -0.521224 -0.251757 0.354602 0.455401 0.423744 0.0712815 -0.0160006 0.0288015 0.340864
13.0046 -3.09213 -6.63184 -0.721309 -0.524275 -0.242028 0.382453 0.31194 -0.421946 0.113077 0.101828 0.114576 0.340864
13.0319 -3.04607 -6.5702 -0.70756 -0.526776 -0.232045 0.409904 0.168478 -0.421946 0.113077 0.101828 0.114576 0.340864
13.0431 -3.028 -6.54507 -0.693068 -0.528725 -0.221819 0.436924 0.0250165 -0.421946 0.113077 0.101828 0.114576 0.340864
13.0538 -3.01295 -6.52286 -0.70645 -0.503971 -0.229746 0.440634 0.144879 0.352537 0.0376876 0.0603158 -0.158097 0.340864
13.0823 -2.97867 -6.4694 -0.719219 -0.478778 -0.237473 0.443961 0.264741 0.352537 0.0376876 0.0603158 -0.158097 0.340864
13.132 -2.92789 -6.38494 -0.731364 -0.45317 -0.244994 0.446903 0.384604 0.352537 0.0376876 0.0603158 -0.158097 0.340864
13.1914 -2.8728 -6.28544 -0.721799 -0.451469 -0.260623 0.455256 0.370254 -0.042207 0.105202 -0.0542876 -0.0108715 0.340864
13.247 -2.82348 -6.18685 -0.711939 -0.449584 -0.276145 0.463423 0.355903 -0.042207 0.105202 -0.0542876 -0.0108715 0.340864
13.2987 -2.77974 -6.08956 -0.701789 -0.447514 -0.291555 0.471401 0.341553 -0.042207 0.105202 -0.0542876 -0.0108715 0.340864
13.3468 -2.74136 -5.99394 -0.691352 -0.445262 -0.306846 0.479186 0.327203 -0.042207 0.105202 -0.0542876 -0.0108715 0.340864
13.3911 -2.70811 -5.90033 -0.680633 -0.442828 -0.322012 0.486775 0.312852 -0.042207 0.105202 -0.0542876 -0.0108715 0.340864
13.4285 -2.6799 -5.81833 -0.687997 -0.446496 -0.32399 0.471521 0.242681 -0.206386 -0.0839564 -0.0442127 -0.0390601 0.340864
13.4559 -2.65745 -5.75725 -0.695151 -0.450028 -0.32587 0.456123 0.17251 -0.206386 -0.0839564 -0.0442127 -0.0390601 0.340864
13.4736 -2.64169 -5.71698 -0.702094 -0.453422 -0.327651 0.440587 0.102339 -0.206386 -0.0839564 -0.0442127 -0.0390601 0.340864
13.482 -2.63355 -5.69737 -0.708823 -0.456679 -0.329333 0.424916 0.0321674 -0.206386 -0.0839564 -0.0442127 -0.0390601 0.340864
13.4947 -2.62082 -5.66536 -0.695829 -0.456971 -0.354279 0.426012 0.183687 0.445645 0.10351 -0.12699 -0.024113 0.340864
13.5059 -2.61003 -5.63712 -0.713355 -0.439049 -0.343828 0.424432 0.00601738 -0.522556 -0.041135 0.11998 -0.0975807 0.340864
13.5101 -2.60589 -5.62771 -0.723206 -0.455082 -0.323601 0.406394 0.0592822 0.156661 -0.184987 0.0181896 0.0558652 0.340864
13.521 -2.59339 -5.60369 -0.73227 -0.47062 -0.303021 0.387913 0.112547 0.156661 -0.184987 0.0181896 0.0558652 0.340864
13.5386 -2.57046 -5.56622 -0.740536 -0.485645 -0.282111 0.36901 0.165812 0.156661 -0.184987 0.0181896 0.0558652 0.340864
13.5631 -2.53764 -5.51196 -0.730416 -0.474884 -0.313338 0.377884 0.234218 0.201194 0.167723 -0.104134 -0.0710367 0.340864
13.5944 -2.49859 -5.43566 -0.719367 -0.463519 -0.344167 0.386278 0.302624 0.201194 0.167723 -0.104134 -0.0710367 0.340864
13.6313 -2.45605 -5.33597 -0.707403 -0.451565 -0.374557 0.39418 0.371029 0.201194 0.167723 -0.104134 -0.0710367 0.340864
13.6726 -2.41285 -5.21184 -0.694539 -0.439036 -0.404471 0.40158 0.439435 0.201194 0.167723 -0.104134 -0.0710367 0.340864
13.7053 -2.37738 -5.09929 -0.694111 -0.442833 -0.426114 0.374881 0.281066 -0.465793 -0.0612184 -0.167397 -0.0980507 0.340864
13.7209 -2.35676 -5.03569 -0.692853 -0.4461 -0.447248 0.347734 0.122696 -0.465793 -0.0612184 -0.167397 -0.0980507 0.340864
13.7303 -2.33691 -4.98198 -0.680724 -0.482612 -0.449198 0.319252 0.218805 0.282672 -0.182284 -0.189355 0.101752 0.340864
13.7387 -2.30042 -4.89937 -0.667033 -0.518016 -0.450117 0.290037 0.314913 0.282672 -0.182284 -0.189355 0.101752 0.340864
13.7412 -2.24372 -4.78984 -0.65181 -0.552231 -0.450003 0.260156 0.411021 0.282672 -0.182284 -0.189355 0.101752 0.340864
13.7396 -2.18669 -4.68853 -0.652105 -0.557778 -0.441444 0.26224 0.272951 -0.406089 -0.0349504 0.031878 0.038925 0.340864
13.7388 -2.15199 -4.62851 -0.652329 -0.563265 -0.432836 0.264295 0.134881 -0.406089 -0.0349504 0.031878 0.038925 0.340864
13.739 -2.12483 -4.5783 -0.63818 -0.560777 -0.423041 0.315106 0.201002 0.194472 0.190942 0.173868 0.18202 0.340864
13.7411 -2.09147 -4.50609 -0.622191 -0.556671 -0.412025 0.365008 0.267122 0.194472 0.190942 0.173868 0.18202 0.340864
13.747 -2.05448 -4.41117 -0.604406 -0.55096 -0.399821 0.413858 0.333243 0.194472 0.190942 0.173868 0.18202 0.340864
13.7584 -2.01634 -4.29319 -0.584879 -0.543661 -0.386464 0.461514 0.399363 0.194472 0.190942 0.173868 0.18202 0.340864
13.7776 -1.9794 -4.15222 -0.563665 -0.534793 -0.371992 0.507839 0.465483 0.194472 0.190942 0.173868 0.18202 0.340864
13.7947 -1.9484 -4.02779 -0.572378 -0.544857 -0.384825 0.47689 0.295598 -0.499663 -0.110322 -0.150942 -0.100118 0.340864
13.8078 -1.917 -3.90902 -0.569004 -0.546374 -0.387908 0.476695 0.431113 0.398573 0.015256 -0.022896 0.00683337 0.340864
13.8191 -1.88989 -3.81375 -0.583103 -0.551273 -0.362604 0.473927 0.155417 -0.810869 -0.141323 0.0942442 0.0357247 0.340864
13.8327 -1.85636 -3.7111 -0.578977 -0.560852 -0.352747 0.475183 0.484815 0.968817 -0.0365896 0.00237712 0.0763974 0.340864
13.8433 -1.82194 -3.60904 -0.566363 -0.57999 -0.363719 0.458862 0.151901 -0.979158 -0.0238414 -0.170907 0.0422662 0.340864
13.8468 -1.80152 -3.55136 -0.572361 -0.583382 -0.365415 0.445579 0.208637 0.16687 -0.0619186 -0.0472903 -0.0421594 0.340864
13.8506 -1.77315 -3.47603 -0.57823 -0.586642 -0.367027 0.432195 0.265373 0.16687 -0.0619186 -0.0472903 -0.0421594 0.340864
13.8543 -1.7361 -3.38336 -0.583967 -0.589769 -0.368557 0.418713 0.322108 0.16687 -0.0619186 -0.0472903 -0.0421594 0.340864
13.8576 -1.68964 -3.27369 -0.589572 -0.592763 -0.370002 0.405137 0.378844 0.16687 -0.0619186 -0.0472903 -0.0421594 0.340864
13.8603 -1.63304 -3.14736 -0.595043 -0.595621 -0.371364 0.391468 0.43558 0.16687 -0.0619186 -0.0472903 -0.0421594 0.340864
13.8619 -1.56557 -3.00479 -0.60038 -0.598345 -0.372642 0.377711 0.492315 0.16687 -0.0619186 -0.0472903 -0.0421594 0.340864
13.8661 -1.49361 -2.85955 -0.605055 -0.598352 -0.344738 0.396282 0.461534 -0.0905327 -0.0430351 0.174181 0.08629 0.340864
13.8761 -1.42412 -2.7251 -0.609037 -0.597673 -0.316439 0.4144 0.430753 -0.0905327 -0.0430351 0.174181 0.08629 0.340864
13.8908 -1.35725 -2.6016 -0.612322 -0.596309 -0.287778 0.432043 0.399972 -0.0905327 -0.0430351 0.174181 0.08629 0.340864
13.9093 -1.2932 -2.48912 -0.614906 -0.594262 -0.258787 0.449191 0.369191 -0.0905327 -0.0430351 0.174181 0.08629 0.340864
13.9306 -1.23223 -2.38765 -0.616785 -0.591535 -0.229499 0.465825 0.33841 -0.0905327 -0.0430351 0.174181 0.08629 0.340864
13.9538 -1.17459 -2.2971 -0.617957 -0.58813 -0.199949 0.481925 0.307629 -0.0905327 -0.0430351 0.174181 0.08629 0.340864
13.9793 -1.11151 -2.19829 -0.610937 -0.59438 -0.219327 0.474726 0.398098 0.266087 0.0534248 -0.12133 -0.0163963 0.340864
14.0043 -1.0478 -2.09004 -0.604564 -0.586833 -0.243141 0.480637 0.355347 -0.125739 0.13206 -0.052067 -0.0637218 0.340864
14.0259 -0.996159 -1.99126 -0.597767 -0.578875 -0.266786 0.486213 0.312596 -0.125739 0.13206 -0.052067 -0.0637218 0.340864
14.0441 -0.955444 -1.90288 -0.590553 -0.570512 -0.290244 0.491448 0.269845 -0.125739 0.13206 -0.052067 -0.0637218 0.340864
14.059 -0.924454 -1.82573 -0.582925 -0.561751 -0.313498 0.49634 0.227094 -0.125739 0.13206 -0.052067 -0.0637218 0.340864
14.0708 -0.901945 -1.76056 -0.57489 -0.552596 -0.336534 0.500884 0.184342 -0.125739 0.13206 -0.052067 -0.0637218 0.340864
14.0795 -0.886636 -1.70803 -0.566452 -0.543054 -0.359334 0.505078 0.141591 -0.125739 0.13206 -0.052067 -0.0637218 0.340864
14.0855 -0.877217 -1.66872 -0.557618 -0.533133 -0.381882 0.508918 0.09884 -0.125739 0.13206 -0.052067 -0.0637218 0.340864
14.0929 -0.866849 -1.61692 -0.540965 -0.537611 -0.377044 0.525519 0.214914 0.341395 0.07908 0.0171175 0.118701 0.340864
14.1056 -0.850673 -1.52643 -0.523989 -0.541768 -0.371981 0.541806 0.330989 0.341395 0.07908 0.0171175 0.118701 0.340864
14.1236 -0.830336 -1.39698 -0.5067 -0.545602 -0.366696 0.55777 0.447063 0.341395 0.07908 0.0171175 0.118701 0.340864
14.1411 -0.809125 -1.24371 -0.479247 -0.565245 -0.368294 0.561408 0.469023 0.0645861 0.063691 -0.116776 0.14929 0.340864
14.152 -0.789644 -1.08206 -0.45124 -0.584235 -0.369467 0.564398 0.490982 0.0645861 0.063691 -0.116776 0.14929 0.340864
14.155 -0.778892 -0.958807 -0.432786 -0.583166 -0.399984 0.559131 0.237123 -0.746644 0.154523 -0.135692 -0.0521941 0.340864
14.1554 -0.775974 -0.9153 -0.4269 -0.593747 -0.368196 0.574154 0.0193956 -0.640374 -0.076358 0.0838287 0.187072 0.340864
14.1554 -0.775657 -0.909691 -0.401941 -0.594975 -0.39527 0.572896 0.0136578 -0.016876 0.173079 -0.13061 -0.00391181 0.340864
14.1553 -0.775662 -0.906027 -0.376437 -0.595393 -0.421807 0.57086 0.00791996 -0.016876 0.173079 -0.13061 -0.00391181 0.340864
14.1551 -0.77576 -0.904319 -0.35042 -0.595002 -0.447771 0.568048 0.00218213 -0.016876 0.173079 -0.13061 -0.00391181 0.340864
