0 0 0 0 0 0 1 1.1353e-313 0 0 0 0 0
0.00509123 -2.29939e-05 3.91243e-05 -0.000333848 -0.00576245 -0.00338861 0.999978 0.0299497 0.0880875 -0.00196383 -0.033897 -0.0199332 0.340864
0.0377922 9.82753e-05 0.00114714 0.0215572 -0.0275391 0.00730554 0.999362 0.0342132 0.00417991 0.0426644 -0.0428513 0.0212298 1.02259
0.316286 0.00945931 0.00191497 -0.0498481 0.0150363 0.0233141 0.998371 0.14797 0.0371755 -0.0471742 0.0272575 0.00978747 3.06778
0.774951 0.0330265 -0.00896029 -0.027572 0.00730544 0.0284899 0.999187 0.238085 0.0378634 0.0189418 -0.00584355 0.00436911 2.38605
1.13803 0.0494397 -0.0259085 0.0131937 0.040071 0.0163221 0.998976 0.190044 -0.0282597 0.0467334 0.0395088 -0.0157171 1.70432
1.3716 0.0524874 -0.0431755 0.0193294 0.0342145 -0.00337817 0.999222 0.269258 0.0776613 0.0106525 -0.0107857 -0.0392329 1.02259
1.88272 0.0230194 -0.0947265 -0.00255438 0.0708384 -0.0632545 0.995477 0.109397 -0.0587724 -0.0174564 0.0279332 -0.0429695 2.72691
2.78927 -0.11955 -0.131347 -0.0787881 -0.00759141 -0.0863936 0.993112 0.431461 0.0947247 -0.0486279 -0.0431161 -0.0103648 3.40864
3.08017 -0.167201 -0.124266 -0.0648043 -0.00474668 -0.0770918 0.994904 0.43579 0.00636597 0.041778 0.00695183 0.0272797 0.681728
3.64364 -0.247781 -0.102054 -0.0488872 -0.0264466 -0.0665363 0.996235 0.401979 -0.0248606 0.0208842 -0.0325429 0.0177762 1.36346
4.18585 -0.304209 -0.0783527 -0.0206508 -0.013277 -0.0385235 0.998956 0.400586 -0.00102418 0.0417748 0.0186565 0.04147 1.36346
5.33164 -0.328058 -0.0329016 -0.0627051 -0.0255912 0.0151003 0.99759 0.443189 0.0156627 -0.0318085 -0.00705863 0.0391571 2.72691
5.87601 -0.324776 0.00362627 -0.0783284 -0.0421352 -0.0148968 0.995925 0.359331 -0.0616605 -0.0215824 -0.027453 -0.0430426 1.36346
6.45402 -0.357947 0.0450283 -0.0728721 -0.0256235 -0.045908 0.995955 0.494422 0.099332 0.0102801 0.0204975 -0.0469921 1.36346
7.22785 -0.432006 0.069233 -0.0677224 0.0019989 -0.0515521 0.996369 0.420697 -0.0433679 0.00773264 0.0316202 -0.00880489 1.70432
7.66323 -0.487274 0.0681767 -0.0696145 0.00904616 -0.0739888 0.994785 0.439918 0.0188446 -0.00328269 0.0109871 -0.0449265 1.02259
8.4494 -0.594983 0.0725517 -0.057587 -0.00559688 -0.062322 0.996378 0.493695 0.0316334 0.0130572 -0.0172471 0.0148651 1.70432
8.95135 -0.654888 0.0865472 -0.0407402 -0.0162223 -0.0575526 0.997379 0.497899 0.00412117 0.0316779 -0.0222694 0.0108258 1.02259
10.3591 -0.72591 0.0650546 0.0234254 0.0361891 0.011424 0.999005 0.332379 -0.0486823 0.038876 0.0303044 0.0399569 3.40864
11.1868 -0.66239 0.0182466 0.00751834 0.0220195 0.061077 0.997862 0.483129 0.0738972 -0.0136396 -0.0151632 0.0489065 2.04519
11.4929 -0.626209 0.00710928 0.0169894 0.0154377 0.0559051 0.998172 0.423975 -0.0869917 0.0286379 -0.0175216 -0.015994 0.681728
12.6505 -0.529478 0.0112638 0.0503012 -0.0162741 0.027729 0.998216 0.43044 0.00237699 0.0254447 -0.0215645 -0.0214664 2.72691
13.5569 -0.439293 -0.006272 0.00796186 0.0523372 0.0818879 0.995235 0.106114 -0.0953901 -0.0264521 0.0380258 0.0335276 3.40864
13.9279 -0.368383 -0.0542857 0.0680041 0.0793671 0.0979813 0.989685 0.213889 0.0452837 0.049138 0.0268948 0.0113903 2.38605
14.3046 -0.288932 -0.0928827 0.100063 0.0390331 0.0995458 0.989219 0.241475 0.0162268 0.0421792 -0.0433677 -0.00434706 1.70432
14.5225 -0.241791 -0.102455 0.116213 0.0264976 0.107284 0.987057 0.196151 -0.0444353 0.0347914 -0.0225167 0.0117365 1.02259
