0 0 0 0 0 0 1 4.63963e-310 0 0 0 0 0
0.0207817 -0.00114951 0.00273727 0.0177377 -0.0984684 -0.0398129 0.994185 0.041214 0.0404058 0.0348474 -0.19345 -0.0782161 1.02259
0.080307 -0.00936167 0.0214747 0.0352691 -0.195792 -0.0791627 0.976809 0.0824279 0.0404058 0.0348474 -0.19345 -0.0782161 1.02259
0.170335 -0.0318548 0.0703934 0.0523904 -0.290838 -0.117592 0.948072 0.123642 0.0404058 0.0348474 -0.19345 -0.0782161 1.02259
0.277843 -0.0754093 0.160462 0.0689024 -0.382502 -0.154654 0.90831 0.164856 0.0404058 0.0348474 -0.19345 -0.0782161 1.02259
0.414875 -0.133801 0.32897 0.011043 -0.456779 -0.103743 0.883441 0.276977 0.109922 -0.160718 -0.140554 0.0297603 1.02259
0.584684 -0.171964 0.619931 -0.0469498 -0.52554 -0.0515802 0.847905 0.389098 0.109922 -0.160718 -0.140554 0.0297603 1.02259
0.789081 -0.159402 0.948653 -0.135935 -0.442013 -0.0115261 0.886574 0.372167 -0.016599 -0.177744 0.191978 -0.0289699 1.02259
1.04232 -0.101394 1.2122 -0.222474 -0.350533 0.0287354 0.909289 0.355236 -0.016599 -0.177744 0.191978 -0.0289699 1.02259
1.32897 -0.0140399 1.39845 -0.30501 -0.252745 0.0684798 0.915641 0.338305 -0.016599 -0.177744 0.191978 -0.0289699 1.02259
1.63202 0.0861076 1.50222 -0.382058 -0.150409 0.106992 0.905517 0.321374 -0.016599 -0.177744 0.191978 -0.0289699 1.02259
1.93431 0.183406 1.52504 -0.45223 -0.0453666 0.143579 0.879099 0.304443 -0.016599 -0.177744 0.191978 -0.0289699 1.02259
2.21997 0.264312 1.47457 -0.514265 0.0604924 0.177582 0.836862 0.287512 -0.016599 -0.177744 0.191978 -0.0289699 1.02259
2.53951 0.339784 1.41409 -0.4889 -0.0157909 0.114768 0.864613 0.368251 0.0791563 0.0888807 -0.183314 -0.0388949 1.02259
2.86564 0.441204 1.41344 -0.449142 -0.128712 0.151449 0.871073 0.303119 -0.0638549 0.0981291 -0.147514 0.17066 1.02259
3.10707 0.56453 1.46118 -0.402323 -0.23961 0.185749 0.863841 0.237987 -0.0638549 0.0981291 -0.147514 0.17066 1.02259
3.26384 0.682302 1.53355 -0.34918 -0.346742 0.217129 0.843029 0.172855 -0.0638549 0.0981291 -0.147514 0.17066 1.02259
3.34702 0.773134 1.6057 -0.290548 -0.448423 0.245097 0.808966 0.107723 -0.0638549 0.0981291 -0.147514 0.17066 1.02259
3.43616 0.950295 1.76663 -0.281001 -0.544585 0.273514 0.741388 0.394123 0.280784 -0.00213304 -0.191645 0.141076 1.02259
3.52921 1.17292 1.97159 -0.265155 -0.506225 0.274028 0.773523 0.22682 -0.164022 0.0196287 0.098904 -0.0207114 1.02259
3.58854 1.33724 2.15451 -0.152682 -0.594632 0.279538 0.738214 0.27069 0.0430094 0.194971 -0.106222 0.185606 1.02259
3.59971 1.49133 2.40882 -0.0368895 -0.670109 0.27897 0.686854 0.314559 0.0430094 0.194971 -0.106222 0.185606 1.02259
3.55163 1.60397 2.72831 0.0797053 -0.731016 0.272337 0.620561 0.358429 0.0430094 0.194971 -0.106222 0.185606 1.02259
3.4417 1.64264 3.09711 0.194567 -0.776029 0.259782 0.540774 0.402298 0.0430094 0.194971 -0.106222 0.185606 1.02259
3.27727 1.57788 3.49062 0.305199 -0.804168 0.241579 0.449229 0.446168 0.0430094 0.194971 -0.106222 0.185606 1.02259
3.15686 1.45241 3.82725 0.392628 -0.750484 0.201325 0.492023 0.298469 -0.144803 0.0896547 0.180688 0.114524 1.02259
3.13115 1.35276 4.03138 0.474569 -0.686309 0.158257 0.527939 0.150769 -0.144803 0.0896547 0.180688 0.114524 1.02259
3.10515 1.25614 4.21676 0.385499 -0.766517 0.166927 0.485776 0.263314 0.110338 -0.0398548 -0.175951 -0.172906 1.02259
3.04464 1.11221 4.44834 0.452698 -0.766521 0.112329 0.441466 0.285185 0.021442 0.179844 -0.00334246 0.0635929 1.02259
2.99014 0.90995 4.66529 0.515614 -0.759275 0.0566681 0.392979 0.307056 0.021442 0.179844 -0.00334246 0.0635929 1.02259
2.94638 0.650622 4.85426 0.573652 -0.744846 0.000471454 0.340775 0.328926 0.021442 0.179844 -0.00334246 0.0635929 1.02259
2.91818 0.338862 5.00193 0.626264 -0.72337 -0.0557297 0.285348 0.350797 0.021442 0.179844 -0.00334246 0.0635929 1.02259
2.91011 -0.0172866 5.09576 0.672951 -0.695051 -0.111404 0.227221 0.372668 0.021442 0.179844 -0.00334246 0.0635929 1.02259
2.92627 -0.406538 5.12472 0.713272 -0.660158 -0.166024 0.166944 0.394539 0.021442 0.179844 -0.00334246 0.0635929 1.02259
2.97004 -0.814711 5.08005 0.746846 -0.619019 -0.219073 0.105089 0.41641 0.021442 0.179844 -0.00334246 0.0635929 1.02259
3.03116 -1.19407 5.01405 0.740677 -0.587672 -0.255419 0.201991 0.348213 -0.0668599 -0.0857625 0.180304 0.0726948 1.02259
3.09605 -1.50551 4.9765 0.725819 -0.54943 -0.288769 0.296524 0.280016 -0.0668599 -0.0857625 0.180304 0.0726948 1.02259
3.14166 -1.75253 4.95682 0.708261 -0.608188 -0.258248 0.248557 0.214283 -0.0644444 -0.00810168 -0.119473 -0.112083 1.02259
3.17284 -1.96975 4.94431 0.721174 -0.604549 -0.237075 0.241297 0.216721 0.00239057 -0.00703242 -0.0428319 0.0270979 1.02259
3.21091 -2.18854 4.93475 0.733595 -0.600499 -0.21574 0.233872 0.219159 0.00239057 -0.00703242 -0.0428319 0.0270979 1.02259
3.25586 -2.40869 4.92848 0.745516 -0.596039 -0.194258 0.226288 0.221598 0.00239057 -0.00703242 -0.0428319 0.0270979 1.02259
3.30763 -2.62996 4.92587 0.75693 -0.591173 -0.172644 0.218551 0.224036 0.00239057 -0.00703242 -0.0428319 0.0270979 1.02259
3.36616 -2.85213 4.92725 0.767829 -0.585905 -0.150913 0.210664 0.226475 0.00239057 -0.00703242 -0.0428319 0.0270979 1.02259
3.43136 -3.07495 4.93296 0.778204 -0.580238 -0.129078 0.202634 0.228913 0.00239057 -0.00703242 -0.0428319 0.0270979 1.02259
3.50261 -3.28948 4.95602 0.751624 -0.561229 -0.128679 0.321753 0.217003 -0.0116761 -0.188446 0.149576 0.0291453 1.02259
3.58141 -3.48352 5.005 0.713576 -0.533658 -0.126317 0.435962 0.205094 -0.0116761 -0.188446 0.149576 0.0291453 1.02259
3.66978 -3.65318 5.0728 0.66464 -0.497944 -0.122027 0.54352 0.193184 -0.0116761 -0.188446 0.149576 0.0291453 1.02259
3.76832 -3.79618 5.15183 0.605564 -0.454633 -0.115876 0.642786 0.181274 -0.0116761 -0.188446 0.149576 0.0291453 1.02259
3.87634 -3.91196 5.2346 0.537249 -0.404385 -0.107956 0.732244 0.169365 -0.0116761 -0.188446 0.149576 0.0291453 1.02259
3.99198 -4.00151 5.31424 0.460737 -0.347968 -0.0983899 0.81053 0.157455 -0.0116761 -0.188446 0.149576 0.0291453 1.02259
4.1125 -4.06717 5.38497 0.377195 -0.286241 -0.0873223 0.87645 0.145546 -0.0116761 -0.188446 0.149576 0.0291453 1.02259
4.23452 -4.11234 5.44248 0.287898 -0.220148 -0.0749223 0.928997 0.133636 -0.0116761 -0.188446 0.149576 0.0291453 1.02259
4.3544 -4.14111 5.48412 0.194209 -0.150695 -0.0613792 0.967371 0.121726 -0.0116761 -0.188446 0.149576 0.0291453 1.02259
4.43865 -4.15116 5.51186 0.233563 -0.184953 0.0296239 0.95413 0.0535195 -0.0668695 0.0487676 -0.108485 0.169921 1.02259
4.54806 -4.15851 5.54886 0.169281 -0.150849 -0.0193096 0.973764 0.1735 0.117628 -0.113641 0.0897201 -0.100516 1.02259
4.77681 -4.18842 5.60761 0.103632 -0.115527 -0.0680871 0.985534 0.29348 0.117628 -0.113641 0.0897201 -0.100516 1.02259
5.10925 -4.23942 5.65538 0.0538076 -0.0401107 -0.0704269 0.995257 0.373193 0.0781502 -0.0877792 0.15528 0.000815846 1.02259
5.49053 -4.33307 5.66095 0.118584 0.00352713 -0.166641 0.978855 0.39827 0.0245851 0.142104 0.0852968 -0.180798 1.02259
5.86981 -4.50251 5.61295 0.181507 0.0471099 -0.260251 0.947156 0.423346 0.0245851 0.142104 0.0852968 -0.180798 1.02259
6.19667 -4.6838 5.52133 0.275115 0.0789445 -0.274859 0.917896 0.33165 -0.0898986 0.199515 0.0192915 -0.0394487 1.02259
6.43711 -4.81352 5.42009 0.365738 0.109923 -0.286485 0.87868 0.239953 -0.0898986 0.199515 0.0192915 -0.0394487 1.02259
6.59554 -4.89217 5.33138 0.452395 0.139709 -0.295005 0.829935 0.148257 -0.0898986 0.199515 0.0192915 -0.0394487 1.02259
6.70065 -4.93436 5.24766 0.465204 0.258576 -0.295683 0.793281 0.12862 -0.0192521 0.122249 0.197182 0.0798357 1.02259
6.77657 -4.95353 5.15559 0.470739 0.3734 -0.291736 0.744222 0.108982 -0.0192521 0.122249 0.197182 0.0798357 1.02259
6.82391 -4.95464 5.06651 0.468912 0.482385 -0.283228 0.683526 0.0893454 -0.0192521 0.122249 0.197182 0.0798357 1.02259
6.8694 -4.9549 4.9617 0.489367 0.417335 -0.343923 0.684155 0.134857 0.0446194 -0.0667903 -0.0433937 -0.160376 1.02259
6.93802 -4.97589 4.81797 0.505744 0.348806 -0.401751 0.679083 0.180369 0.0446194 -0.0667903 -0.0433937 -0.160376 1.02259
7.02787 -5.02983 4.63943 0.517905 0.277371 -0.456231 0.668351 0.225881 0.0446194 -0.0667903 -0.0433937 -0.160376 1.02259
7.13387 -5.12804 4.43125 0.525751 0.203624 -0.506908 0.652049 0.271392 0.0446194 -0.0667903 -0.0433937 -0.160376 1.02259
7.2479 -5.28012 4.1994 0.529214 0.12818 -0.553361 0.630312 0.316904 0.0446194 -0.0667903 -0.0433937 -0.160376 1.02259
7.3592 -5.49324 3.95033 0.528267 0.0516683 -0.595203 0.603322 0.362416 0.0446194 -0.0667903 -0.0433937 -0.160376 1.02259
7.45484 -5.77159 3.69053 0.522918 -0.0252744 -0.632083 0.571305 0.407928 0.0446194 -0.0667903 -0.0433937 -0.160376 1.02259
7.52036 -6.11588 3.42623 0.51321 -0.102007 -0.663696 0.534526 0.45344 0.0446194 -0.0667903 -0.0433937 -0.160376 1.02259
7.58758 -6.43471 3.15388 0.578489 -0.0156615 -0.624724 0.524238 0.381072 -0.0709487 0.183751 -0.0358089 0.127687 1.02259
7.68286 -6.64227 2.88732 0.63605 0.0708925 -0.577417 0.506956 0.308704 -0.0709487 0.183751 -0.0358089 0.127687 1.02259
7.78415 -6.7532 2.65416 0.685125 0.156501 -0.522407 0.48291 0.236337 -0.0709487 0.183751 -0.0358089 0.127687 1.02259
7.90211 -6.80909 2.43285 0.75936 0.162346 -0.467698 0.422226 0.268124 0.0311644 0.174947 -0.125636 -0.0253375 1.02259
8.06513 -6.83227 2.19495 0.824316 0.166207 -0.407273 0.356381 0.299912 0.0311644 0.174947 -0.125636 -0.0253375 1.02259
8.27868 -6.81799 1.95478 0.879197 0.168037 -0.341871 0.286181 0.3317 0.0311644 0.174947 -0.125636 -0.0253375 1.02259
8.54613 -6.76491 1.72889 0.923334 0.167814 -0.272292 0.212483 0.363487 0.0311644 0.174947 -0.125636 -0.0253375 1.02259
8.86826 -6.6755 1.53502 0.956188 0.16554 -0.199384 0.136189 0.395275 0.0311644 0.174947 -0.125636 -0.0253375 1.02259
9.23082 -6.57772 1.40747 0.986667 0.117071 -0.102228 0.0482838 0.384108 -0.0109482 0.186173 -0.179092 -0.109563 1.02259
9.60742 -6.50797 1.36635 0.996975 0.0662081 -0.00298204 -0.0406088 0.372941 -0.0109482 0.186173 -0.179092 -0.109563 1.02259
9.9785 -6.48142 1.40318 0.986899 0.013992 0.096325 -0.128671 0.361774 -0.0109482 0.186173 -0.179092 -0.109563 1.02259
10.3257 -6.50848 1.50377 0.956646 -0.0385101 0.193663 -0.214103 0.350606 -0.0109482 0.186173 -0.179092 -0.109563 1.02259
10.6333 -6.59419 1.64974 0.906835 -0.0902249 0.287041 -0.295158 0.339439 -0.0109482 0.186173 -0.179092 -0.109563 1.02259
10.8911 -6.70699 1.80423 0.902819 -0.109795 0.308543 -0.278681 0.290017 -0.0484529 -0.0197654 -0.0262562 -0.0572365 1.02259
11.0264 -6.76744 1.88468 0.911868 -0.0981763 0.274776 -0.288715 0.0407943 -0.244336 0.0130598 0.0567549 0.0470494 1.02259
11.0629 -6.77944 1.90449 0.911991 -0.0290452 0.268484 -0.308782 0.0439638 0.00310736 -0.000224247 -0.0317101 0.138122 1.02259
11.1028 -6.78677 1.92706 0.907351 0.0402375 0.26079 -0.327237 0.0471333 0.00310736 -0.000224247 -0.0317101 0.138122 1.02259
11.1454 -6.78858 1.95258 0.897974 0.10931 0.251734 -0.343984 0.0503028 0.00310736 -0.000224247 -0.0317101 0.138122 1.02259
11.1896 -6.78418 1.98122 0.883908 0.177812 0.241364 -0.358934 0.0534723 0.00310736 -0.000224247 -0.0317101 0.138122 1.02259
11.2345 -6.77304 2.01308 0.865227 0.245385 0.229733 -0.37201 0.0566418 0.00310736 -0.000224247 -0.0317101 0.138122 1.02259
11.2786 -6.75478 2.04827 0.842028 0.311677 0.216904 -0.383144 0.0598113 0.00310736 -0.000224247 -0.0317101 0.138122 1.02259
11.3307 -6.72151 2.09938 0.838273 0.370071 0.258205 -0.306066 0.0975894 0.0370374 -0.124262 -0.161059 0.0349599 1.02259
11.3931 -6.66003 2.17942 0.825237 0.424368 0.296648 -0.225599 0.135368 0.0370374 -0.124262 -0.161059 0.0349599 1.02259
11.4552 -6.56261 2.28598 0.803066 0.473967 0.331807 -0.142634 0.173146 0.0370374 -0.124262 -0.161059 0.0349599 1.02259
11.5065 -6.42262 2.41264 0.772004 0.518319 0.363293 -0.0580908 0.210924 0.0370374 -0.124262 -0.161059 0.0349599 1.02259
11.5379 -6.23513 2.54933 0.732395 0.556932 0.390756 0.0270958 0.248702 0.0370374 -0.124262 -0.161059 0.0349599 1.02259
11.5423 -5.99752 2.68291 0.684678 0.58938 0.413894 0.111982 0.28648 0.0370374 -0.124262 -0.161059 0.0349599 1.02259
11.5451 -5.72501 2.82199 0.699915 0.497803 0.47545 0.190418 0.313694 0.0266805 0.0436367 -0.181588 -0.191282 1.02259
11.5662 -5.45033 2.95551 0.67324 0.454924 0.498131 0.302749 0.286831 -0.026336 -0.102275 -0.182126 -0.1294 1.02259
11.5986 -5.19204 3.05526 0.636007 0.404911 0.513001 0.410332 0.259969 -0.026336 -0.102275 -0.182126 -0.1294 1.02259
11.6437 -4.95555 3.12754 0.5888 0.348548 0.519825 0.51148 0.233106 -0.026336 -0.102275 -0.182126 -0.1294 1.02259
11.7089 -4.6881 3.17614 0.515026 0.348645 0.502962 0.600187 0.315601 0.0808772 -0.188451 -0.116519 -0.056925 1.02259
11.778 -4.41724 3.22786 0.562363 0.305481 0.53828 0.548347 0.242535 -0.0716332 0.175006 -0.0043463 0.0167613 1.02259
11.8255 -4.22633 3.30096 0.605179 0.259861 0.569271 0.492098 0.169469 -0.0716332 0.175006 -0.0043463 0.0167613 1.02259
11.8588 -4.03579 3.37896 0.509362 0.277166 0.606189 0.544302 0.239994 0.0691427 -0.155256 -0.161027 0.0468125 1.02259
11.8769 -3.76444 3.44733 0.406634 0.290709 0.634881 0.58912 0.31052 0.0691427 -0.155256 -0.161027 0.0468125 1.02259
11.8734 -3.41371 3.48003 0.298388 0.300309 0.654959 0.625945 0.381046 0.0691427 -0.155256 -0.161027 0.0468125 1.02259
11.8482 -2.99141 3.45 0.186094 0.305833 0.666151 0.654277 0.451571 0.0691427 -0.155256 -0.161027 0.0468125 1.02259
11.8472 -2.53972 3.3903 0.245988 0.29907 0.61231 0.689292 0.442661 -0.00873503 0.0406596 0.0682921 -0.15339 1.02259
11.9119 -2.09993 3.34791 0.303973 0.289987 0.55372 0.718959 0.433752 -0.00873503 0.0406596 0.0682921 -0.15339 1.02259
12.0393 -1.68254 3.31736 0.359599 0.278655 0.490834 0.743049 0.424842 -0.00873503 0.0406596 0.0682921 -0.15339 1.02259
12.2245 -1.297 3.29314 0.412437 0.26516 0.42414 0.761375 0.415932 -0.00873503 0.0406596 0.0682921 -0.15339 1.02259
12.4608 -0.951396 3.26987 0.462074 0.249609 0.354155 0.773794 0.407022 -0.00873503 0.0406596 0.0682921 -0.15339 1.02259
12.7402 -0.652278 3.24253 0.508127 0.232121 0.281423 0.78021 0.398113 -0.00873503 0.0406596 0.0682921 -0.15339 1.02259
13.0481 -0.421778 3.18012 0.463372 0.234654 0.164701 0.838509 0.368304 -0.0292241 -0.181651 0.0691576 -0.188439 1.02259
13.3602 -0.282579 3.06863 0.409799 0.232721 0.0448443 0.880849 0.338495 -0.0292241 -0.181651 0.0691576 -0.188439 1.02259
13.6544 -0.233645 2.92954 0.348425 0.226359 -0.075866 0.906425 0.308687 -0.0292241 -0.181651 0.0691576 -0.188439 1.02259
13.9131 -0.265408 2.78344 0.280421 0.215688 -0.195132 0.914749 0.278878 -0.0292241 -0.181651 0.0691576 -0.188439 1.02259
14.1162 -0.322244 2.67305 0.189625 0.186871 -0.162496 0.950114 0.18816 -0.0889395 -0.179864 -0.0499444 0.0948027 1.02259
14.2468 -0.355936 2.6181 0.0966697 0.155925 -0.128009 0.974657 0.0974416 -0.0889395 -0.179864 -0.0499444 0.0948027 1.02259
14.2963 -0.366956 2.60226 0.00261298 0.123203 -0.0920634 0.988098 0.00672322 -0.0889395 -0.179864 -0.0499444 0.0948027 1.02259
14.3028 -0.36833 2.60069 0.0272563 0.105238 -0.113647 0.987556 0.00674815 2.4442e-05 0.0393 -0.0390209 -0.047972 1.02259
14.3094 -0.36997 2.59931 0.0518615 0.0871271 -0.135073 0.985634 0.00677308 2.4442e-05 0.0393 -0.0390209 -0.047972 1.02259
14.3159 -0.371886 2.59812 0.0763943 0.0688942 -0.156309 0.982336 0.00679801 2.4442e-05 0.0393 -0.0390209 -0.047972 1.02259
14.3224 -0.374085 2.5971 0.10082 0.0505651 -0.177328 0.977667 0.00682294 2.4442e-05 0.0393 -0.0390209 -0.047972 1.02259
14.3335 -0.378535 2.59442 0.109798 0.1215 -0.211507 0.963559 0.0172352 0.0102081 0.0413189 0.141168 -0.0573565 1.02259
14.3528 -0.387702 2.58627 0.118064 0.191648 -0.244316 0.943208 0.0276475 0.0102081 0.0413189 0.141168 -0.0573565 1.02259
14.3782 -0.402086 2.56993 0.125565 0.260554 -0.275542 0.916745 0.0380598 0.0102081 0.0413189 0.141168 -0.0573565 1.02259
14.4071 -0.421833 2.54313 0.132253 0.327771 -0.304983 0.884342 0.0484721 0.0102081 0.0413189 0.141168 -0.0573565 1.02259
14.4364 -0.446714 2.50417 0.138083 0.392865 -0.332447 0.846209 0.0588844 0.0102081 0.0413189 0.141168 -0.0573565 1.02259
14.4624 -0.476124 2.45201 0.143019 0.455413 -0.357757 0.802592 0.0692966 0.0102081 0.0413189 0.141168 -0.0573565 1.02259
14.4817 -0.509101 2.3864 0.147028 0.51501 -0.38075 0.753775 0.0797089 0.0102081 0.0413189 0.141168 -0.0573565 1.02259
14.4904 -0.544353 2.30788 0.150085 0.57127 -0.401275 0.700074 0.0901212 0.0102081 0.0413189 0.141168 -0.0573565 1.02259
14.4852 -0.580301 2.2178 0.152169 0.623829 -0.4192 0.641836 0.100533 0.0102081 0.0413189 0.141168 -0.0573565 1.02259
14.4628 -0.615145 2.11833 0.153267 0.672345 -0.434408 0.57944 0.110946 0.0102081 0.0413189 0.141168 -0.0573565 1.02259
14.4315 -0.643286 2.01254 0.123105 0.731318 -0.318219 0.590556 0.112419 0.00144462 0.166296 0.0432525 0.199562 1.02259
14.3996 -0.65982 1.90293 0.0907251 0.777119 -0.196299 0.591035 0.113893 0.00144462 0.166296 0.0432525 0.199562 1.02259
14.3645 -0.664499 1.79155 0.0567116 0.808923 -0.0708436 0.580869 0.115366 0.00144462 0.166296 0.0432525 0.199562 1.02259
14.3238 -0.657953 1.6806 0.0216767 0.826158 0.0558881 0.560241 0.11684 0.00144462 0.166296 0.0432525 0.199562 1.02259
14.247 -0.644007 1.5143 0.0221622 0.85254 0.0201405 0.521803 0.243507 0.124184 -0.0586659 0.0928721 -0.0347421 1.02259
14.169 -0.641347 1.34056 -0.0408305 0.82128 0.0243366 0.568542 0.13025 -0.111037 -0.0583023 -0.112919 0.106517 1.02259
14.146 -0.64684 1.26937 -0.103531 0.784149 0.0283587 0.611217 0.0169922 -0.111037 -0.0583023 -0.112919 0.106517 1.02259
14.1407 -0.648732 1.2439 -0.0771067 0.76454 0.0706601 0.636035 0.0341648 0.0168359 0.102898 -0.0516333 0.0126759 1.02259
14.1341 -0.647594 1.20084 -0.0504132 0.742263 0.112715 0.658634 0.0513374 0.0168359 0.102898 -0.0516333 0.0126759 1.02259
14.1279 -0.639819 1.14056 -0.0235438 0.717398 0.154377 0.678936 0.06851 0.0168359 0.102898 -0.0516333 0.0126759 1.02259
14.1239 -0.621849 1.06415 0.00340771 0.69003 0.1955 0.696869 0.0856825 0.0168359 0.102898 -0.0516333 0.0126759 1.02259
14.1234 -0.590266 0.973391 0.0303473 0.660255 0.235941 0.712372 0.102855 0.0168359 0.102898 -0.0516333 0.0126759 1.02259
14.1278 -0.541898 0.870687 0.0571811 0.628177 0.27556 0.72539 0.120028 0.0168359 0.102898 -0.0516333 0.0126759 1.02259
14.1381 -0.473906 0.759056 0.0838154 0.593908 0.314217 0.735878 0.1372 0.0168359 0.102898 -0.0516333 0.0126759 1.02259
14.1551 -0.38387 0.642046 0.110157 0.557567 0.351778 0.743799 0.154373 0.0168359 0.102898 -0.0516333 0.0126759 1.02259
14.1875 -0.286951 0.536212 0.10693 0.46895 0.353657 0.802234 0.13453 -0.0194542 0.0459362 -0.196128 -0.053278 1.02259
14.2371 -0.201446 0.456655 0.102495 0.375042 0.351546 0.851618 0.114686 -0.0194542 0.0459362 -0.196128 -0.053278 1.02259
14.2948 -0.129436 0.403099 0.0969049 0.276903 0.345469 0.891395 0.0948432 -0.0194542 0.0459362 -0.196128 -0.053278 1.02259
14.3521 -0.0721665 0.372805 0.0902212 0.17564 0.335495 0.921115 0.0749999 -0.0194542 0.0459362 -0.196128 -0.053278 1.02259
14.4018 -0.0299972 0.360946 0.0825197 0.0723962 0.321736 0.940444 0.0551567 -0.0194542 0.0459362 -0.196128 -0.053278 1.02259
14.4387 -0.00242566 0.361121 0.0738872 -0.0316649 0.304347 0.949163 0.0353134 -0.0194542 0.0459362 -0.196128 -0.053278 1.02259
14.4598 0.0118329 0.365968 0.0644211 -0.135369 0.283524 0.947174 0.0154702 -0.0194542 0.0459362 -0.196128 -0.053278 1.02259
14.4723 0.0189414 0.368391 -0.0109068 -0.018024 0.223793 0.974409 0.0132953 -0.00213218 -0.193487 0.191589 -0.131767 1.02259
14.4837 0.0235693 0.367217 -0.0859755 0.0997488 0.158746 0.978498 0.0111205 -0.00213218 -0.193487 0.191589 -0.131767 1.02259
14.4931 0.0256715 0.363822 -0.159002 0.215152 0.0899286 0.959344 0.00894569 -0.00213218 -0.193487 0.191589 -0.131767 1.02259
