0 0 0 0 0 0 1 4.68759e-310 0 0 0 0 0
0.0487125 0.00217299 0.00167207 0.00675251 -0.0255392 0.0335406 0.999088 0.287054 0.844277 0.0397327 -0.150276 0.197358 0.340864
0.137947 0.00858643 0.00813167 -0.0117526 -0.0473776 0.0379454 0.998087 0.240623 -0.136563 -0.105082 -0.132339 0.0224405 0.340864
0.211127 0.0146739 0.0165431 -0.0302479 -0.0691763 0.0423184 0.996247 0.194192 -0.136563 -0.105082 -0.132339 0.0224405 0.340864
0.270484 0.02173 0.0255414 -0.0396606 -0.0848684 0.070467 0.993106 0.16145 -0.0963 -0.0632798 -0.0905907 0.164733 0.340864
0.318265 0.0303445 0.0342058 -0.0490281 -0.100464 0.0985354 0.988835 0.128708 -0.0963 -0.0632798 -0.0905907 0.164733 0.340864
0.354609 0.0392121 0.0418722 -0.05834 -0.115946 0.126492 0.983439 0.0959656 -0.0963 -0.0632798 -0.0905907 0.164733 0.340864
0.379793 0.0470302 0.0479308 -0.0675855 -0.131295 0.154304 0.976926 0.0632236 -0.0963 -0.0632798 -0.0905907 0.164733 0.340864
0.39423 0.0525109 0.0518313 -0.0767541 -0.146495 0.181941 0.969301 0.0304816 -0.0963 -0.0632798 -0.0905907 0.164733 0.340864
0.417747 0.063422 0.0575705 -0.0847208 -0.116829 0.214372 0.966032 0.125753 0.28021 -0.106633 0.172505 0.16821 0.340864
0.46915 0.0908102 0.0665549 -0.0925175 -0.0869291 0.246373 0.960825 0.221025 0.28021 -0.106633 0.172505 0.16821 0.340864
0.546898 0.138065 0.0743315 -0.100129 -0.0568544 0.27788 0.95369 0.316296 0.28021 -0.106633 0.172505 0.16821 0.340864
0.629875 0.19071 0.0819131 -0.083707 -0.0770094 0.268132 0.956644 0.263535 -0.15518 0.130087 -0.0909911 -0.0421569 0.340864
0.698104 0.232441 0.092083 -0.0672201 -0.0971044 0.258175 0.958852 0.210774 -0.15518 0.130087 -0.0909911 -0.0421569 0.340864
0.751318 0.263716 0.103028 -0.0506808 -0.117124 0.248016 0.960313 0.158013 -0.15518 0.130087 -0.0909911 -0.0421569 0.340864
0.789344 0.285113 0.112964 -0.034102 -0.137052 0.237665 0.961025 0.105252 -0.15518 0.130087 -0.0909911 -0.0421569 0.340864
0.812106 0.29733 0.120148 -0.0174966 -0.156873 0.227128 0.960988 0.0524909 -0.15518 0.130087 -0.0909911 -0.0421569 0.340864
0.826172 0.304699 0.125437 -0.0296196 -0.184235 0.223426 0.956693 0.045976 -0.0191616 -0.0290034 -0.175245 -0.0235579 0.340864
0.838136 0.311045 0.130683 -0.0417151 -0.211427 0.219518 0.95151 0.039461 -0.0191616 -0.0290034 -0.175245 -0.0235579 0.340864
0.848038 0.316389 0.135672 -0.0537719 -0.238422 0.215406 0.945444 0.032946 -0.0191616 -0.0290034 -0.175245 -0.0235579 0.340864
0.855936 0.32075 0.140196 -0.0657788 -0.265196 0.211094 0.938501 0.0264311 -0.0191616 -0.0290034 -0.175245 -0.0235579 0.340864
0.86191 0.324141 0.144054 -0.0777247 -0.291724 0.206586 0.930687 0.0199161 -0.0191616 -0.0290034 -0.175245 -0.0235579 0.340864
0.866053 0.326574 0.147052 -0.0895985 -0.317982 0.201886 0.92201 0.0134012 -0.0191616 -0.0290034 -0.175245 -0.0235579 0.340864
0.868477 0.328054 0.149008 -0.101389 -0.343944 0.196999 0.912477 0.0068862 -0.0191616 -0.0290034 -0.175245 -0.0235579 0.340864
0.888954 0.341729 0.167386 -0.0928428 -0.355301 0.213885 0.905204 0.173861 0.491101 0.020535 -0.0557009 0.123134 0.340864
0.91163 0.357528 0.189168 -0.0780591 -0.37653 0.213213 0.898149 0.0331557 -0.413838 0.102993 -0.109567 0.0477947 0.340864
0.925751 0.366878 0.2041 -0.0859737 -0.393155 0.182018 0.897166 0.0996722 0.195637 0.047688 -0.114284 -0.173511 0.340864
0.954986 0.384667 0.238275 -0.0616828 -0.423295 0.164989 0.888704 0.184902 0.250675 0.195629 -0.16129 -0.00939134 0.340864
0.985085 0.401323 0.277424 -0.0554022 -0.445828 0.136033 0.882986 0.121729 -0.1858 0.124755 -0.136473 -0.122037 0.340864
1.00208 0.409437 0.301599 -0.0490431 -0.467727 0.106884 0.876015 0.0585574 -0.1858 0.124755 -0.136473 -0.122037 0.340864
1.0193 0.416023 0.32808 -0.0321233 -0.477633 0.0862929 0.873721 0.131282 0.213895 0.149427 -0.0526613 -0.055262 0.340864
1.04157 0.422127 0.363515 -0.0263 -0.486239 0.0458875 0.872224 0.117563 -0.0403496 0.147581 -0.0531336 -0.188973 0.340864
1.06445 0.427031 0.403438 -0.034247 -0.514082 0.0415719 0.856048 0.154697 0.109218 -0.0234216 -0.191971 -0.0362049 0.340864
1.09029 0.433345 0.455988 -0.0421557 -0.54135 0.0372099 0.838915 0.191831 0.109218 -0.0234216 -0.191971 -0.0362049 0.340864
1.11755 0.441166 0.521647 -0.0500172 -0.568013 0.0328063 0.820843 0.228965 0.109218 -0.0234216 -0.191971 -0.0362049 0.340864
1.14465 0.450626 0.600749 -0.0578227 -0.59404 0.0283659 0.801853 0.266099 0.109218 -0.0234216 -0.191971 -0.0362049 0.340864
1.16996 0.461888 0.693469 -0.0655636 -0.619402 0.0238938 0.781966 0.303233 0.109218 -0.0234216 -0.191971 -0.0362049 0.340864
1.19184 0.47515 0.799827 -0.0732311 -0.644072 0.019395 0.761204 0.340367 0.109218 -0.0234216 -0.191971 -0.0362049 0.340864
1.21799 0.489152 0.934232 -0.0670947 -0.62929 -0.00179581 0.774267 0.469378 0.379444 0.111718 0.107263 -0.0795062 0.340864
1.24137 0.495644 1.0569 -0.0664324 -0.646143 -0.0456462 0.758949 0.266392 -0.597016 0.159179 -0.150832 -0.190854 0.340864
1.24926 0.495169 1.11239 -0.065608 -0.661417 -0.0893851 0.741777 0.0634069 -0.597016 0.159179 -0.150832 -0.190854 0.340864
1.25233 0.493893 1.14431 -0.0716651 -0.670448 -0.0893155 0.733067 0.125337 0.182147 -0.0348109 -0.0700836 -0.0243583 0.340864
1.25617 0.492357 1.19729 -0.0777082 -0.679348 -0.0892286 0.724214 0.187267 0.182147 -0.0348109 -0.0700836 -0.0243583 0.340864
1.25977 0.491044 1.27138 -0.0837363 -0.688116 -0.0891245 0.715221 0.249197 0.182147 -0.0348109 -0.0700836 -0.0243583 0.340864
1.26212 0.490449 1.36661 -0.0897481 -0.696751 -0.089003 0.706089 0.311127 0.182147 -0.0348109 -0.0700836 -0.0243583 0.340864
1.26224 0.491083 1.48291 -0.0957426 -0.705251 -0.0888642 0.69682 0.373057 0.182147 -0.0348109 -0.0700836 -0.0243583 0.340864
1.25912 0.493466 1.62022 -0.101718 -0.713614 -0.0887082 0.687415 0.434987 0.182147 -0.0348109 -0.0700836 -0.0243583 0.340864
1.25179 0.49813 1.7784 -0.107674 -0.721838 -0.0885349 0.677877 0.496917 0.182147 -0.0348109 -0.0700836 -0.0243583 0.340864
1.24365 0.508406 1.93749 -0.118327 -0.72043 -0.0557881 0.681078 0.442196 -0.160946 -0.178799 0.045503 0.0861387 0.340864
1.23823 0.525815 2.07732 -0.128838 -0.718159 -0.0229745 0.683463 0.387474 -0.160946 -0.178799 0.045503 0.0861387 0.340864
1.23485 0.548147 2.19764 -0.139194 -0.715027 0.00986672 0.685028 0.332752 -0.160946 -0.178799 0.045503 0.0861387 0.340864
1.23291 0.573167 2.29838 -0.149384 -0.711039 0.0426961 0.685774 0.27803 -0.160946 -0.178799 0.045503 0.0861387 0.340864
1.23191 0.598637 2.37969 -0.159395 -0.706199 0.0754743 0.685697 0.223309 -0.160946 -0.178799 0.045503 0.0861387 0.340864
1.23146 0.622335 2.44195 -0.169214 -0.700512 0.108162 0.684799 0.168587 -0.160946 -0.178799 0.045503 0.0861387 0.340864
1.23128 0.642078 2.48571 -0.178831 -0.693987 0.14072 0.683081 0.113865 -0.160946 -0.178799 0.045503 0.0861387 0.340864
1.2312 0.655742 2.51175 -0.188234 -0.68663 0.17311 0.680544 0.0591433 -0.160946 -0.178799 0.045503 0.0861387 0.340864
1.23116 0.661283 2.52102 -0.197411 -0.678451 0.205292 0.677192 0.00442156 -0.160946 -0.178799 0.045503 0.0861387 0.340864
1.23125 0.663008 2.5236 -0.201358 -0.654504 0.214434 0.696489 0.0138445 0.0277146 -0.0587272 0.178283 -0.0304501 0.340864
1.23176 0.666609 2.52876 -0.205095 -0.629874 0.223352 0.715058 0.0232675 0.0277146 -0.0587272 0.178283 -0.0304501 0.340864
1.23305 0.67218 2.53636 -0.208617 -0.604586 0.232037 0.732881 0.0326904 0.0277146 -0.0587272 0.178283 -0.0304501 0.340864
1.23546 0.679804 2.54624 -0.211921 -0.578665 0.240479 0.749937 0.0421134 0.0277146 -0.0587272 0.178283 -0.0304501 0.340864
1.24073 0.692389 2.56274 -0.191305 -0.556704 0.232609 0.774194 0.0838315 0.1227 0.116942 0.198853 -0.0262409 0.340864
1.2515 0.712158 2.5903 -0.17039 -0.533876 0.224376 0.797245 0.12555 0.1227 0.116942 0.198853 -0.0262409 0.340864
1.26938 0.73814 2.6288 -0.14921 -0.510216 0.215793 0.819054 0.167268 0.1227 0.116942 0.198853 -0.0262409 0.340864
1.29595 0.769355 2.67789 -0.127798 -0.485761 0.206874 0.839588 0.208986 0.1227 0.116942 0.198853 -0.0262409 0.340864
1.33029 0.807026 2.73943 -0.13643 -0.500557 0.201474 0.830806 0.261073 0.153198 -0.0157991 -0.112739 -0.0295289 0.340864
1.3698 0.853044 2.81591 -0.145008 -0.515153 0.195993 0.821692 0.31316 0.153198 -0.0157991 -0.112739 -0.0295289 0.340864
1.41353 0.907445 2.90772 -0.153527 -0.529543 0.190434 0.812249 0.365247 0.153198 -0.0157991 -0.112739 -0.0295289 0.340864
1.46053 0.970284 3.01514 -0.161986 -0.543721 0.184799 0.802482 0.417335 0.153198 -0.0157991 -0.112739 -0.0295289 0.340864
1.50982 1.04163 3.13845 -0.170379 -0.557682 0.17909 0.792394 0.469422 0.153198 -0.0157991 -0.112739 -0.0295289 0.340864
1.5505 1.10052 3.2429 -0.157749 -0.551462 0.175336 0.800164 0.275425 -0.570577 0.0724251 0.0640243 0.00951782 0.340864
1.57095 1.12762 3.29317 -0.145076 -0.545092 0.171534 0.807715 0.0814291 -0.570577 0.0724251 0.0640243 0.00951782 0.340864
1.5842 1.14486 3.32527 -0.140406 -0.544811 0.185964 0.805533 0.146602 0.191684 -0.0262298 0.0113655 0.0855013 0.340864
1.60441 1.17298 3.37539 -0.135703 -0.544403 0.200351 0.803162 0.211774 0.191684 -0.0262298 0.0113655 0.0855013 0.340864
1.63592 1.21321 3.44898 -0.12608 -0.529635 0.181413 0.818951 0.315326 0.304565 0.101327 0.116573 -0.0890669 0.340864
1.68545 1.26435 3.55147 -0.116341 -0.51438 0.162308 0.833987 0.418878 0.304565 0.101327 0.116573 -0.0890669 0.340864
1.74901 1.32589 3.67052 -0.111864 -0.492938 0.195328 0.840443 0.453743 0.102543 -0.0940287 0.151638 0.154742 0.340864
1.82042 1.40005 3.79323 -0.107207 -0.470702 0.228034 0.845545 0.488607 0.102543 -0.0940287 0.151638 0.154742 0.340864
1.87262 1.46095 3.88267 -0.134849 -0.485702 0.242355 0.828959 0.218203 -0.795306 -0.16752 -0.148614 0.0264084 0.340864
1.91082 1.50797 3.94675 -0.148036 -0.467038 0.235251 0.839415 0.300613 0.242381 -0.0623242 0.096459 -0.102041 0.340864
1.96599 1.56987 4.02818 -0.161122 -0.448056 0.227986 0.849299 0.383022 0.242381 -0.0623242 0.096459 -0.102041 0.340864
2.04035 1.6463 4.12527 -0.174098 -0.428768 0.220566 0.858603 0.465432 0.242381 -0.0623242 0.096459 -0.102041 0.340864
2.11105 1.71991 4.20824 -0.178784 -0.402175 0.262567 0.858691 0.308508 -0.461541 -0.164083 0.171534 0.173039 0.340864
2.15309 1.76864 4.25264 -0.183024 -0.37458 0.303914 0.856638 0.151584 -0.461541 -0.164083 0.171534 0.173039 0.340864
2.1828 1.8063 4.28445 -0.186305 -0.404042 0.295892 0.845274 0.187047 0.104303 0.041586 -0.18803 0.00438001 0.340864
2.21612 1.85134 4.32578 -0.189386 -0.43307 0.287552 0.833005 0.22251 0.104303 0.041586 -0.18803 0.00438001 0.340864
2.25194 1.90352 4.37738 -0.192264 -0.461633 0.278905 0.819842 0.257973 0.104303 0.041586 -0.18803 0.00438001 0.340864
2.28908 1.96261 4.43995 -0.194936 -0.489702 0.269958 0.8058 0.293436 0.104303 0.041586 -0.18803 0.00438001 0.340864
2.32627 2.02834 4.51402 -0.197399 -0.517246 0.260722 0.790895 0.328899 0.104303 0.041586 -0.18803 0.00438001 0.340864
2.35553 2.08144 4.57222 -0.226961 -0.492506 0.267473 0.796483 0.165548 -0.480446 -0.189577 0.0946272 -0.0958612 0.340864
2.36653 2.10025 4.5906 -0.256169 -0.466996 0.273806 0.800826 0.00219629 -0.480446 -0.189577 0.0946272 -0.0958612 0.340864
2.37875 2.1181 4.60565 -0.275514 -0.428215 0.269515 0.817365 0.152852 0.443105 -0.116924 0.190566 -0.158487 0.340864
2.41965 2.17031 4.64585 -0.294261 -0.388505 0.26464 0.83213 0.303508 0.443105 -0.116924 0.190566 -0.158487 0.340864
2.49608 2.25562 4.70467 -0.312369 -0.347951 0.25919 0.845089 0.454164 0.443105 -0.116924 0.190566 -0.158487 0.340864
2.5921 2.34938 4.76955 -0.289557 -0.335032 0.235246 0.865199 0.422872 -0.0920343 0.179712 0.0961915 -0.126769 0.340864
2.68687 2.42873 4.83187 -0.266263 -0.321556 0.210911 0.883868 0.39158 -0.0920343 0.179712 0.0961915 -0.126769 0.340864
2.77926 2.49456 4.89071 -0.242526 -0.307544 0.186224 0.901065 0.360289 -0.0920343 0.179712 0.0961915 -0.126769 0.340864
2.86818 2.54785 4.94529 -0.218385 -0.29302 0.161227 0.916762 0.328997 -0.0920343 0.179712 0.0961915 -0.126769 0.340864
2.95259 2.58971 4.99497 -0.19388 -0.278008 0.135962 0.930933 0.297705 -0.0920343 0.179712 0.0961915 -0.126769 0.340864
3.03152 2.62133 5.03927 -0.169052 -0.262533 0.110471 0.943554 0.266414 -0.0920343 0.179712 0.0961915 -0.126769 0.340864
3.10407 2.64399 5.07787 -0.143943 -0.246621 0.0847957 0.954604 0.235122 -0.0920343 0.179712 0.0961915 -0.126769 0.340864
3.19088 2.66513 5.11925 -0.13446 -0.215693 0.0728709 0.96441 0.344188 0.320781 0.0634402 0.182568 -0.0843012 0.340864
3.31444 2.68963 5.16929 -0.124804 -0.184488 0.0608524 0.972977 0.453253 0.320781 0.0634402 0.182568 -0.0843012 0.340864
3.4218 2.70667 5.20973 -0.107346 -0.186464 0.0435642 0.975607 0.229055 -0.659406 0.121333 -0.0149011 -0.0795 0.340864
3.45866 2.71111 5.22396 -0.089822 -0.188326 0.0262492 0.977638 0.00485726 -0.659406 0.121333 -0.0149011 -0.0795 0.340864
3.47211 2.71264 5.2287 -0.0963872 -0.163757 0.0441271 0.980788 0.0795368 0.219646 -0.059699 0.15324 0.0820847 0.340864
3.50982 2.71804 5.23999 -0.102858 -0.139028 0.0619618 0.982981 0.154216 0.219646 -0.059699 0.15324 0.0820847 0.340864
3.57222 2.72894 5.25512 -0.109229 -0.114163 0.0797361 0.984214 0.228896 0.219646 -0.059699 0.15324 0.0820847 0.340864
3.65944 2.74686 5.27132 -0.115493 -0.089187 0.0974325 0.984487 0.303576 0.219646 -0.059699 0.15324 0.0820847 0.340864
3.77269 2.77557 5.28938 -0.122624 -0.0934506 0.126382 0.979928 0.391952 0.25993 -0.0571456 -0.0115043 0.169445 0.340864
3.90639 2.81042 5.31187 -0.131688 -0.0999971 0.102748 0.980868 0.431548 0.116459 -0.0337186 -0.0610127 -0.137212 0.340864
4.05003 2.84641 5.33769 -0.140361 -0.105316 0.113138 0.977961 0.452676 0.0621412 -0.0551887 -0.0295911 0.0607279 0.340864
4.19944 2.88774 5.3655 -0.149002 -0.110611 0.123503 0.974839 0.473804 0.0621412 -0.0551887 -0.0295911 0.0607279 0.340864
4.35444 2.93472 5.39531 -0.157611 -0.115882 0.133841 0.971502 0.494932 0.0621412 -0.0551887 -0.0295911 0.0607279 0.340864
4.46488 2.97049 5.41698 -0.150261 -0.116899 0.142138 0.971367 0.199762 -0.868148 0.0370235 0.00757585 0.0534707 0.340864
4.51405 2.98555 5.42811 -0.160641 -0.143631 0.107864 0.970531 0.109816 -0.264548 -0.0141351 -0.192359 -0.178706 0.340864
4.53465 2.99071 5.434 -0.1707 -0.170077 0.0733749 0.967756 0.0198694 -0.264548 -0.0141351 -0.192359 -0.178706 0.340864
4.5864 3.00384 5.45079 -0.189408 -0.173994 0.0975768 0.961421 0.309372 0.851478 -0.135402 -0.0124112 0.125746 0.340864
4.68607 3.02823 5.4836 -0.197555 -0.175663 0.0675696 0.962054 0.324418 0.0442529 -0.0137048 -0.0469079 -0.176575 0.340864
4.79127 3.04764 5.51953 -0.205511 -0.177162 0.0374968 0.961755 0.339464 0.0442529 -0.0137048 -0.0469079 -0.176575 0.340864
4.90165 3.06149 5.55876 -0.213268 -0.178489 0.0073877 0.960523 0.35451 0.0442529 -0.0137048 -0.0469079 -0.176575 0.340864
5.01681 3.06923 5.60149 -0.220818 -0.179642 -0.0227286 0.958359 0.369556 0.0442529 -0.0137048 -0.0469079 -0.176575 0.340864
5.13631 3.07031 5.64787 -0.228154 -0.180622 -0.0528228 0.955265 0.384602 0.0442529 -0.0137048 -0.0469079 -0.176575 0.340864
5.25964 3.06423 5.6981 -0.235268 -0.181426 -0.0828658 0.951245 0.399648 0.0442529 -0.0137048 -0.0469079 -0.176575 0.340864
5.35124 3.05453 5.73762 -0.240849 -0.185972 -0.114867 0.945628 0.190065 -0.61642 -0.00706577 -0.073012 -0.1815 0.340864
5.41163 3.04798 5.76319 -0.264254 -0.170857 -0.0855211 0.945338 0.197672 0.0223725 -0.152531 0.14119 0.116054 0.340864
5.47578 3.045 5.78696 -0.287226 -0.155462 -0.0560354 0.9435 0.205279 0.0223725 -0.152531 0.14119 0.116054 0.340864
5.54352 3.04574 5.80847 -0.309727 -0.139813 -0.0264579 0.940118 0.212885 0.0223725 -0.152531 0.14119 0.116054 0.340864
5.6146 3.05037 5.82723 -0.331722 -0.123934 0.00316297 0.935196 0.220492 0.0223725 -0.152531 0.14119 0.116054 0.340864
5.68875 3.05899 5.84275 -0.353173 -0.107853 0.0327786 0.928742 0.228099 0.0223725 -0.152531 0.14119 0.116054 0.340864
5.76565 3.07165 5.85455 -0.374046 -0.091595 0.0623406 0.920768 0.235705 0.0223725 -0.152531 0.14119 0.116054 0.340864
5.84497 3.08837 5.86215 -0.394307 -0.0751871 0.0918005 0.911286 0.243312 0.0223725 -0.152531 0.14119 0.116054 0.340864
5.92631 3.10912 5.86509 -0.413922 -0.0586561 0.12111 0.900312 0.250918 0.0223725 -0.152531 0.14119 0.116054 0.340864
6.00927 3.13383 5.86292 -0.432859 -0.042029 0.150221 0.887863 0.258525 0.0223725 -0.152531 0.14119 0.116054 0.340864
6.05525 3.14863 5.86049 -0.413612 -0.0469677 0.15173 0.896491 0.0259467 -0.684054 0.126489 -0.0028118 0.0175904 0.340864
6.08103 3.1564 5.8592 -0.444204 -0.0388182 0.135453 0.884776 0.132627 0.313765 -0.19265 -0.027173 -0.103684 0.340864
6.14208 3.17244 5.85565 -0.474172 -0.0306141 0.118986 0.871818 0.239307 0.313765 -0.19265 -0.027173 -0.103684 0.340864
6.21584 3.1909 5.85049 -0.455813 -0.0234761 0.128897 0.88038 0.209007 -0.0891165 0.111264 0.0786501 0.0282343 0.340864
6.27934 3.20767 5.84495 -0.437199 -0.0163249 0.138736 0.88845 0.178708 -0.0891165 0.111264 0.0786501 0.0282343 0.340864
6.33264 3.22252 5.83939 -0.41834 -0.00916465 0.148498 0.896023 0.148408 -0.0891165 0.111264 0.0786501 0.0282343 0.340864
6.37582 3.23522 5.83418 -0.399247 -0.00199924 0.158176 0.903094 0.118109 -0.0891165 0.111264 0.0786501 0.0282343 0.340864
6.40897 3.2455 5.82965 -0.379931 0.00516729 0.167766 0.90966 0.087809 -0.0891165 0.111264 0.0786501 0.0282343 0.340864
6.43221 3.25311 5.82611 -0.360402 0.0123309 0.177262 0.915717 0.0575094 -0.0891165 0.111264 0.0786501 0.0282343 0.340864
6.44565 3.25775 5.82387 -0.340671 0.0194877 0.186659 0.921261 0.0272098 -0.0891165 0.111264 0.0786501 0.0282343 0.340864
6.50329 3.28062 5.81238 -0.353958 0.0214843 0.217256 0.909424 0.343793 0.931127 -0.0944297 0.0589166 0.17637 0.340864
6.62131 3.32745 5.78371 -0.335293 0.0583397 0.207194 0.917194 0.422012 0.230055 0.0676767 0.199142 -0.1429 0.340864
6.73908 3.37343 5.75609 -0.315772 0.0250327 0.208475 0.925311 0.339389 -0.243009 0.162405 -0.156207 0.0560276 0.340864
6.83154 3.41218 5.7414 -0.295759 -0.00831339 0.209431 0.931985 0.256765 -0.243009 0.162405 -0.156207 0.0560276 0.340864
6.89825 3.4419 5.73589 -0.275285 -0.0416465 0.210061 0.937207 0.174142 -0.243009 0.162405 -0.156207 0.0560276 0.340864
6.93912 3.46108 5.73563 -0.254382 -0.0749147 0.210364 0.94097 0.0915191 -0.243009 0.162405 -0.156207 0.0560276 0.340864
6.96882 3.47669 5.73592 -0.266142 -0.0624208 0.248079 0.92937 0.10589 0.0422685 -0.114564 0.10596 0.199295 0.340864
7.00152 3.49681 5.7343 -0.277409 -0.0498114 0.285335 0.91605 0.120262 0.0422685 -0.114564 0.10596 0.199295 0.340864
7.03667 3.52181 5.73026 -0.288162 -0.0371098 0.322063 0.901033 0.134633 0.0422685 -0.114564 0.10596 0.199295 0.340864
7.07671 3.55076 5.72456 -0.293773 -0.0358525 0.298668 0.907309 0.157951 0.0685838 -0.0163806 -0.0422556 -0.139252 0.340864
7.12475 3.58206 5.71846 -0.299203 -0.0345729 0.275089 0.913022 0.18127 0.0685838 -0.0163806 -0.0422556 -0.139252 0.340864
7.18112 3.61499 5.71211 -0.304446 -0.0332719 0.25134 0.918169 0.204588 0.0685838 -0.0163806 -0.0422556 -0.139252 0.340864
7.24606 3.64884 5.70573 -0.309501 -0.0319504 0.227434 0.922747 0.227907 0.0685838 -0.0163806 -0.0422556 -0.139252 0.340864
7.3198 3.68285 5.6995 -0.314365 -0.030609 0.203388 0.926753 0.251226 0.0685838 -0.0163806 -0.0422556 -0.139252 0.340864
7.40248 3.71627 5.69365 -0.319033 -0.0292486 0.179215 0.930185 0.274544 0.0685838 -0.0163806 -0.0422556 -0.139252 0.340864
7.48445 3.74772 5.69041 -0.30762 -0.0517581 0.177842 0.933308 0.242253 -0.0949736 0.0922881 -0.113184 0.0334061 0.340864
7.55589 3.77608 5.6912 -0.296006 -0.0742341 0.176354 0.935825 0.209962 -0.0949736 0.0922881 -0.113184 0.0334061 0.340864
7.61676 3.80101 5.695 -0.284201 -0.0966619 0.174751 0.937736 0.177671 -0.0949736 0.0922881 -0.113184 0.0334061 0.340864
7.66708 3.82223 5.70075 -0.272212 -0.119027 0.173036 0.939038 0.14538 -0.0949736 0.0922881 -0.113184 0.0334061 0.340864
7.70694 3.83947 5.70743 -0.260046 -0.141315 0.171207 0.939731 0.113089 -0.0949736 0.0922881 -0.113184 0.0334061 0.340864
7.73646 3.85257 5.71398 -0.247711 -0.163511 0.169268 0.939815 0.0807978 -0.0949736 0.0922881 -0.113184 0.0334061 0.340864
7.75587 3.86137 5.71936 -0.235216 -0.185601 0.167219 0.939289 0.0485068 -0.0949736 0.0922881 -0.113184 0.0334061 0.340864
7.77393 3.86981 5.72474 -0.244366 -0.179823 0.174687 0.936714 0.0729548 0.0719059 -0.0679625 0.0304478 0.0258122 0.340864
7.79924 3.88203 5.73174 -0.253473 -0.174013 0.182124 0.933971 0.0974028 0.0719059 -0.0679625 0.0304478 0.0258122 0.340864
7.83175 3.89825 5.74004 -0.262535 -0.168171 0.189529 0.93106 0.121851 0.0719059 -0.0679625 0.0304478 0.0258122 0.340864
7.87144 3.91866 5.74933 -0.271549 -0.162299 0.196899 0.927982 0.146299 0.0719059 -0.0679625 0.0304478 0.0258122 0.340864
7.91826 3.94344 5.75926 -0.280515 -0.156398 0.204234 0.924738 0.170747 0.0719059 -0.0679625 0.0304478 0.0258122 0.340864
7.99811 3.983 5.77618 -0.266815 -0.154995 0.176557 0.934673 0.362907 0.565176 0.11471 -0.0124432 -0.152226 0.340864
8.11321 4.03179 5.80214 -0.240802 -0.148514 0.147828 0.947684 0.388274 0.0746103 0.182961 0.0294346 -0.157966 0.340864
8.23285 4.07507 5.82423 -0.271797 -0.108483 0.136287 0.946459 0.371565 -0.0491434 -0.199341 0.178867 -0.147118 0.340864
8.35017 4.11174 5.83565 -0.302059 -0.068159 0.124378 0.942679 0.354857 -0.0491434 -0.199341 0.178867 -0.147118 0.340864
8.4641 4.14151 5.83748 -0.331506 -0.0276515 0.112134 0.936357 0.338148 -0.0491434 -0.199341 0.178867 -0.147118 0.340864
8.57367 4.16422 5.83086 -0.360059 0.0129307 0.0995875 0.927509 0.321439 -0.0491434 -0.199341 0.178867 -0.147118 0.340864
8.678 4.17988 5.81696 -0.387641 0.053478 0.0867721 0.916158 0.30473 -0.0491434 -0.199341 0.178867 -0.147118 0.340864
8.79397 4.19559 5.79728 -0.398027 0.0473464 0.100812 0.910587 0.393354 0.260657 -0.0611359 -0.00457976 0.09576 0.340864
8.93871 4.21947 5.77238 -0.408266 0.0411972 0.114814 0.904677 0.481977 0.260657 -0.0611359 -0.00457976 0.09576 0.340864
9.075 4.23917 5.74583 -0.431578 0.0737464 0.0928142 0.894252 0.343186 -0.408208 -0.176475 0.107202 -0.182619 0.340864
9.16533 4.24556 5.72438 -0.453943 0.106134 0.0706109 0.881865 0.204396 -0.408208 -0.176475 0.107202 -0.182619 0.340864
9.20956 4.24541 5.71217 -0.475312 0.138288 0.0482527 0.867541 0.0656049 -0.408208 -0.176475 0.107202 -0.182619 0.340864
9.2226 4.24468 5.70843 -0.481147 0.129323 0.0358543 0.866307 0.0142985 -0.150901 -0.0407691 -0.0810707 -0.0331104 0.340864
9.2598 4.24135 5.69821 -0.496626 0.141741 0.0243016 0.855968 0.213502 0.585893 -0.119563 0.0351869 -0.0800698 0.340864
9.36148 4.22861 5.6694 -0.51179 0.154069 0.0127336 0.845087 0.412706 0.585893 -0.119563 0.0351869 -0.0800698 0.340864
9.49344 4.21057 5.62687 -0.482517 0.178498 0.0297652 0.856989 0.409883 -0.00830073 0.195023 0.16417 -0.0163052 0.340864
9.62181 4.195 5.57627 -0.452333 0.20259 0.0467408 0.867276 0.407061 -0.00830073 0.195023 0.16417 -0.0163052 0.340864
9.75185 4.17752 5.51835 -0.43736 0.222141 0.0306441 0.870879 0.436697 0.0871632 0.0614263 0.0567409 -0.152996 0.340864
9.88868 4.15295 5.45325 -0.422003 0.241496 0.0145205 0.873718 0.466332 0.0871632 0.0614263 0.0567409 -0.152996 0.340864
10.0316 4.12075 5.38048 -0.406274 0.260639 -0.00161588 0.875789 0.495968 0.0871632 0.0614263 0.0567409 -0.152996 0.340864
10.1501 4.09148 5.32107 -0.373023 0.241194 -0.0208151 0.895682 0.302884 -0.567892 0.189292 -0.176942 -0.103266 0.340864
10.2126 4.07609 5.29301 -0.338934 0.221206 -0.0399674 0.913561 0.109801 -0.567892 0.189292 -0.176942 -0.103266 0.340864
10.2615 4.06282 5.27142 -0.306809 0.239545 -0.0587078 0.91926 0.214102 0.306766 0.163968 0.0462339 -0.177784 0.340864
10.3399 4.03832 5.23344 -0.274148 0.257465 -0.0773454 0.923349 0.318402 0.306766 0.163968 0.0462339 -0.177784 0.340864
10.446 4.00079 5.17692 -0.241006 0.274933 -0.0958474 0.925819 0.422703 0.306766 0.163968 0.0462339 -0.177784 0.340864
10.5569 3.95545 5.11902 -0.238282 0.253552 -0.135952 0.927605 0.360069 -0.184219 -0.0595702 -0.177782 -0.191565 0.340864
10.65 3.91039 5.07684 -0.235063 0.231644 -0.175775 0.927464 0.297434 -0.184219 -0.0595702 -0.177782 -0.191565 0.340864
10.7248 3.8684 5.04802 -0.231357 0.209256 -0.215233 0.925398 0.2348 -0.184219 -0.0595702 -0.177782 -0.191565 0.340864
10.7809 3.83222 5.03007 -0.22717 0.186433 -0.254244 0.92141 0.172165 -0.184219 -0.0595702 -0.177782 -0.191565 0.340864
10.8436 3.78892 5.01167 -0.248026 0.198516 -0.247668 0.915279 0.288888 0.343303 -0.0959612 0.112207 0.033199 0.340864
10.9377 3.72383 4.98249 -0.268717 0.210468 -0.240929 0.908541 0.405611 0.343303 -0.0959612 0.112207 0.033199 0.340864
11.0508 3.64453 4.9488 -0.291181 0.202485 -0.247434 0.901659 0.430866 0.0742785 -0.150315 -0.0125932 -0.00409378 0.340864
11.1708 3.55856 4.91794 -0.313452 0.194369 -0.253777 0.894184 0.45612 0.0742785 -0.150315 -0.0125932 -0.00409378 0.340864
11.2976 3.46599 4.89055 -0.335518 0.186125 -0.259953 0.886121 0.481375 0.0742785 -0.150315 -0.0125932 -0.00409378 0.340864
11.3938 3.39444 4.87552 -0.344084 0.156658 -0.278544 0.88288 0.229603 -0.740504 -0.116485 -0.17368 -0.0343322 0.340864
11.4693 3.33421 4.8654 -0.33427 0.181255 -0.294503 0.876743 0.341744 0.329824 0.0641512 0.0850317 -0.151791 0.340864
11.5696 3.24544 4.84651 -0.324124 0.205672 -0.310169 0.869734 0.453884 0.329824 0.0641512 0.0850317 -0.151791 0.340864
11.6854 3.14031 4.82582 -0.321431 0.174707 -0.312086 0.876791 0.474332 0.060143 -0.0315869 -0.175555 0.0588564 0.340864
11.7736 3.06293 4.81202 -0.303612 0.178821 -0.30546 0.884611 0.220587 -0.74631 0.121059 -0.00700453 0.0224448 0.340864
11.8383 3.01041 4.8 -0.299379 0.177621 -0.275119 0.896177 0.274851 0.159602 0.0724524 0.0281771 0.176384 0.340864
11.9207 2.9516 4.78306 -0.294825 0.17623 -0.244483 0.90678 0.329116 0.159602 0.0724524 0.0281771 0.176384 0.340864
12.0217 2.88867 4.76051 -0.289954 0.17465 -0.213584 0.916409 0.38338 0.159602 0.0724524 0.0281771 0.176384 0.340864
12.1419 2.82392 4.7317 -0.284772 0.172882 -0.182456 0.925055 0.437645 0.159602 0.0724524 0.0281771 0.176384 0.340864
12.2818 2.75971 4.69607 -0.279284 0.170929 -0.151132 0.932707 0.49191 0.159602 0.0724524 0.0281771 0.176384 0.340864
12.392 2.7115 4.66889 -0.30244 0.164102 -0.166925 0.923979 0.233627 -0.759654 -0.163355 -0.0340485 -0.0599174 0.340864
12.4632 2.6782 4.64978 -0.293293 0.197874 -0.162238 0.921143 0.242307 0.0255282 0.0823732 0.185691 -0.0462318 0.340864
12.535 2.64317 4.62441 -0.283778 0.231398 -0.157348 0.917151 0.250986 0.0255282 0.0823732 0.185691 -0.0462318 0.340864
12.607 2.60658 4.5925 -0.273907 0.264632 -0.15226 0.91201 0.259666 0.0255282 0.0823732 0.185691 -0.0462318 0.340864
12.6785 2.5686 4.55384 -0.263693 0.297534 -0.146981 0.905724 0.268345 0.0255282 0.0823732 0.185691 -0.0462318 0.340864
12.7491 2.52943 4.50825 -0.253148 0.330063 -0.141518 0.898303 0.277025 0.0255282 0.0823732 0.185691 -0.0462318 0.340864
12.8181 2.4893 4.45559 -0.242285 0.362177 -0.135877 0.889754 0.285705 0.0255282 0.0823732 0.185691 -0.0462318 0.340864
12.885 2.44845 4.39581 -0.231119 0.393838 -0.130066 0.88009 0.294384 0.0255282 0.0823732 0.185691 -0.0462318 0.340864
12.9492 2.40712 4.32886 -0.219662 0.425004 -0.124092 0.869322 0.303064 0.0255282 0.0823732 0.185691 -0.0462318 0.340864
13.0101 2.3656 4.25478 -0.20793 0.455638 -0.117962 0.857464 0.311743 0.0255282 0.0823732 0.185691 -0.0462318 0.340864
13.0671 2.32417 4.17365 -0.195938 0.4857 -0.111684 0.84453 0.320423 0.0255282 0.0823732 0.185691 -0.0462318 0.340864
13.1123 2.28701 4.10497 -0.209105 0.478549 -0.147906 0.839875 0.210586 -0.323049 -0.179009 -0.0553335 -0.13718 0.340864
13.1385 2.26169 4.06659 -0.221946 0.470654 -0.183898 0.833911 0.10075 -0.323049 -0.179009 -0.0553335 -0.13718 0.340864
13.162 2.23637 4.03246 -0.20358 0.469668 -0.200802 0.835252 0.184819 0.247262 0.0439755 -0.0504896 -0.131045 0.340864
13.1984 2.19531 3.97826 -0.185088 0.468388 -0.217581 0.83607 0.268888 0.247262 0.0439755 -0.0504896 -0.131045 0.340864
13.247 2.13796 3.90397 -0.166479 0.466816 -0.234224 0.836365 0.352957 0.247262 0.0439755 -0.0504896 -0.131045 0.340864
13.3072 2.0638 3.80954 -0.147767 0.464951 -0.250721 0.836137 0.437026 0.247262 0.0439755 -0.0504896 -0.131045 0.340864
13.3501 2.0102 3.73939 -0.143469 0.478976 -0.236315 0.833159 0.140338 -0.872613 0.0786426 0.0833168 0.0425195 0.340864
13.3701 1.98586 3.70709 -0.156106 0.461333 -0.239869 0.839801 0.125259 -0.0443509 -0.0908751 -0.0906257 0.042314 0.340864
13.3891 1.96368 3.67969 -0.16866 0.443446 -0.243296 0.846 0.110179 -0.0443509 -0.0908751 -0.0906257 0.042314 0.340864
13.4066 1.94387 3.65693 -0.181126 0.425325 -0.246595 0.851753 0.0950999 -0.0443509 -0.0908751 -0.0906257 0.042314 0.340864
13.4224 1.92661 3.63851 -0.193496 0.406979 -0.249764 0.857056 0.0800206 -0.0443509 -0.0908751 -0.0906257 0.042314 0.340864
13.4538 1.89466 3.60649 -0.212464 0.385851 -0.237757 0.865708 0.244051 0.482442 -0.0880933 -0.085709 0.14273 0.340864
13.5218 1.83161 3.54571 -0.231215 0.364327 -0.225505 0.873472 0.408081 0.482442 -0.0880933 -0.085709 0.14273 0.340864
13.575 1.7872 3.50173 -0.211043 0.351361 -0.20104 0.889713 0.0748453 -0.980105 0.161008 -0.0949328 0.121679 0.340864
13.6005 1.76871 3.48146 -0.193671 0.343225 -0.194766 0.898195 0.145637 0.208211 0.104802 -0.0728757 0.017066 0.340864
13.6434 1.73976 3.44816 -0.176206 0.334923 -0.188398 0.906247 0.216429 0.208211 0.104802 -0.0728757 0.017066 0.340864
13.7045 1.70146 3.40194 -0.158657 0.326462 -0.18194 0.913864 0.28722 0.208211 0.104802 -0.0728757 0.017066 0.340864
13.7844 1.65495 3.34297 -0.141032 0.317844 -0.175395 0.921044 0.358012 0.208211 0.104802 -0.0728757 0.017066 0.340864
13.8798 1.59779 3.26643 -0.113689 0.351675 -0.193705 0.908778 0.436428 0.230634 0.138693 0.162894 -0.191123 0.340864
13.9651 1.5438 3.18718 -0.0922202 0.37417 -0.187266 0.903561 0.318686 -0.3463 0.150254 0.110907 -0.0309832 0.340864
14.0214 1.5089 3.12868 -0.0706562 0.396278 -0.180633 0.897409 0.200944 -0.3463 0.150254 0.110907 -0.0309832 0.340864
14.0507 1.49115 3.09468 -0.0490191 0.417975 -0.173813 0.890327 0.0832017 -0.3463 0.150254 0.110907 -0.0309832 0.340864
14.0764 1.47628 3.06567 -0.0665325 0.386043 -0.17261 0.903742 0.161075 0.229038 -0.117572 -0.18201 0.0723056 0.340864
14.1108 1.45622 3.02763 -0.0451069 0.404366 -0.183571 0.894849 0.162777 0.00500835 0.104152 0.0915724 -0.123144 0.340864
14.1434 1.43593 2.98741 -0.0236363 0.422287 -0.194349 0.885067 0.16448 0.00500835 0.104152 0.0915724 -0.123144 0.340864
14.1743 1.41556 2.94506 -0.00214232 0.439788 -0.204934 0.874405 0.166183 0.00500835 0.104152 0.0915724 -0.123144 0.340864
14.2032 1.39527 2.90061 0.0193538 0.456852 -0.215316 0.862873 0.167886 0.00500835 0.104152 0.0915724 -0.123144 0.340864
14.229 1.37781 2.8607 0.0164631 0.441933 -0.199777 0.874365 0.129857 -0.111849 0.00688163 -0.104726 0.0995037 0.340864
14.2496 1.36555 2.83166 0.0135625 0.426746 -0.184118 0.885327 0.0918283 -0.111849 0.00688163 -0.104726 0.0995037 0.340864
14.2725 1.35372 2.80018 0.0417464 0.436775 -0.174128 0.881569 0.147465 0.163637 0.183045 0.0303435 -0.0219985 0.340864
14.3054 1.33901 2.75274 0.0698881 0.446363 -0.163963 0.876922 0.203101 0.163637 0.183045 0.0303435 -0.0219985 0.340864
14.348 1.32323 2.68871 0.0979593 0.4555 -0.153632 0.87139 0.258738 0.163637 0.183045 0.0303435 -0.0219985 0.340864
14.3957 1.31113 2.61323 0.109955 0.476887 -0.11298 0.86471 0.271527 0.0376131 0.193664 0.0932921 0.182588 0.340864
14.4437 1.30678 2.53198 0.121699 0.497178 -0.0720687 0.856043 0.284315 0.0376131 0.193664 0.0932921 0.182588 0.340864
14.4912 1.31091 2.44544 0.133162 0.516325 -0.0309916 0.845408 0.297103 0.0376131 0.193664 0.0932921 0.182588 0.340864
14.5373 1.32418 2.35414 0.14432 0.534287 0.0101567 0.83283 0.309892 0.0376131 0.193664 0.0932921 0.182588 0.340864
14.5813 1.34714 2.25875 0.155146 0.55102 0.0512817 0.818338 0.32268 0.0376131 0.193664 0.0932921 0.182588 0.340864
14.622 1.38024 2.16001 0.165615 0.566486 0.0922888 0.801965 0.335469 0.0376131 0.193664 0.0932921 0.182588 0.340864
14.6588 1.42379 2.05875 0.175704 0.580651 0.133084 0.783749 0.348257 0.0376131 0.193664 0.0932921 0.182588 0.340864
14.6888 1.46923 1.95496 0.143073 0.611689 0.121156 0.768562 0.341528 -0.0197919 -0.19986 0.181822 0.100472 0.340864
14.7105 1.50759 1.8488 0.110098 0.641259 0.108938 0.751531 0.334799 -0.0197919 -0.19986 0.181822 0.100472 0.340864
14.724 1.53858 1.74135 0.0768598 0.669289 0.0964575 0.732694 0.32807 -0.0197919 -0.19986 0.181822 0.100472 0.340864
14.7297 1.56202 1.63366 0.0434365 0.695712 0.0837457 0.712099 0.32134 -0.0197919 -0.19986 0.181822 0.100472 0.340864
14.7281 1.57783 1.52676 0.00990896 0.720464 0.0708329 0.689794 0.314611 -0.0197919 -0.19986 0.181822 0.100472 0.340864
14.7196 1.586 1.42164 -0.0236424 0.743487 0.0577501 0.665832 0.307882 -0.0197919 -0.19986 0.181822 0.100472 0.340864
14.7047 1.58662 1.31921 -0.0571369 0.764725 0.0445285 0.640272 0.301153 -0.0197919 -0.19986 0.181822 0.100472 0.340864
14.6842 1.57985 1.22033 -0.0904943 0.784126 0.0312001 0.613175 0.294423 -0.0197919 -0.19986 0.181822 0.100472 0.340864
14.6586 1.56596 1.1258 -0.123634 0.801645 0.0177967 0.584605 0.287694 -0.0197919 -0.19986 0.181822 0.100472 0.340864
14.6285 1.54526 1.03633 -0.156478 0.817239 0.00435064 0.554632 0.280965 -0.0197919 -0.19986 0.181822 0.100472 0.340864
14.592 1.51842 0.944408 -0.158692 0.829271 -0.00844364 0.535775 0.321954 0.120557 -0.0864045 0.118085 -0.0416939 0.340864
14.5459 1.48551 0.842671 -0.1608 0.840748 -0.0212323 0.51656 0.362943 0.120557 -0.0864045 0.118085 -0.0416939 0.340864
14.4893 1.44614 0.732045 -0.162801 0.851663 -0.0340067 0.497 0.403933 0.120557 -0.0864045 0.118085 -0.0416939 0.340864
14.4288 1.39752 0.609931 -0.188224 0.830802 -0.0447073 0.521863 0.447618 0.128487 -0.108327 -0.190766 0.121066 0.340864
14.3731 1.3364 0.473432 -0.213305 0.808434 -0.0553268 0.545779 0.491304 0.128487 -0.108327 -0.190766 0.121066 0.340864
14.3329 1.28397 0.36829 -0.241494 0.816478 -0.0469454 0.522342 0.23942 -0.740836 -0.0774523 0.15701 0.143278 0.340864
14.316 1.26317 0.326594 -0.207281 0.818743 -0.0402893 0.533921 0.0521253 -0.550866 0.154201 -0.0486574 -0.143921 0.340864
14.3086 1.25511 0.309712 -0.21336 0.831072 -0.0608919 0.509989 0.066208 0.0414196 -0.144605 0.13033 -0.0561457 0.340864
14.2983 1.24432 0.289748 -0.219186 0.842416 -0.0814223 0.485451 0.0802907 0.0414196 -0.144605 0.13033 -0.0561457 0.340864
14.2848 1.23057 0.267167 -0.224752 0.85276 -0.101856 0.460338 0.0943733 0.0414196 -0.144605 0.13033 -0.0561457 0.340864
14.2677 1.21365 0.242478 -0.230051 0.862093 -0.122169 0.434679 0.108456 0.0414196 -0.144605 0.13033 -0.0561457 0.340864
14.2467 1.19344 0.216228 -0.235078 0.870404 -0.142337 0.408505 0.122539 0.0414196 -0.144605 0.13033 -0.0561457 0.340864
14.2213 1.16984 0.188998 -0.239825 0.877681 -0.162337 0.381845 0.136621 0.0414196 -0.144605 0.13033 -0.0561457 0.340864
14.1915 1.14281 0.161399 -0.244289 0.883918 -0.182143 0.354733 0.150704 0.0414196 -0.144605 0.13033 -0.0561457 0.340864
14.1568 1.11235 0.134067 -0.248462 0.889106 -0.201734 0.3272 0.164787 0.0414196 -0.144605 0.13033 -0.0561457 0.340864
14.1172 1.07854 0.107656 -0.252341 0.89324 -0.221085 0.299279 0.178869 0.0414196 -0.144605 0.13033 -0.0561457 0.340864
14.0724 1.04147 0.0828317 -0.25592 0.896314 -0.240174 0.271003 0.192952 0.0414196 -0.144605 0.13033 -0.0561457 0.340864
14.0345 1.00991 0.0656944 -0.278045 0.892359 -0.260588 0.241827 0.114157 -0.231749 -0.192467 0.148092 0.0488627 0.340864
14.016 0.993782 0.0592248 -0.299678 0.886821 -0.28054 0.212223 0.0353627 -0.231749 -0.192467 0.148092 0.0488627 0.340864
14.0107 0.988849 0.0577877 -0.326724 0.869719 -0.30207 0.213529 0.00798894 -0.080511 -0.172039 -0.0214894 0.14655 0.340864
