0 0 0 0 0 0 1 1.13346e-313 0 0 0 0 0
0.0437392 -0.000288089 0.000215411 -0.0152588 -0.00363675 -0.00498163 0.999865 0.257299 0.756762 -0.0897615 -0.0213936 -0.029305 0.340864
0.362701 -0.00587869 -0.0198177 -0.00401787 0.076227 -0.0129696 0.996998 0.119135 -0.0812732 0.0136886 0.0938259 -0.0108105 1.70432
0.585322 -0.0264607 -0.0498806 -0.0121018 0.0597686 -0.0718619 0.995549 0.212808 0.0688774 -0.0187885 -0.0241774 -0.0854248 1.36346
1.16197 -0.11035 -0.153514 -0.0866688 0.116413 -0.0615029 0.987499 0.483801 0.159408 -0.082055 0.073471 0.0159127 1.70432
1.4 -0.141489 -0.211316 -0.0745084 0.131091 -0.0440374 0.987585 0.242484 -0.354877 0.0439807 0.0448584 0.0428421 0.681728
1.49599 -0.153831 -0.238004 -0.0899449 0.146284 -0.0565732 0.983519 0.348079 0.310574 -0.097199 0.0899103 -0.0686402 0.340864
1.6275 -0.172801 -0.275588 -0.0758742 0.140125 -0.058833 0.985468 0.464224 0.341603 0.078445 -0.04319 -0.0212755 0.340864
2.0435 -0.227166 -0.393415 -0.0552071 0.141236 -0.0485697 0.987241 0.390244 -0.0725303 0.0431507 0.000803781 0.0141938 1.02259
2.17182 -0.242457 -0.429032 -0.0375788 0.132472 -0.0539768 0.989002 0.398278 0.0236309 0.0959547 -0.0591567 -0.0427001 0.340864
2.6522 -0.279544 -0.595177 -0.0338513 0.216947 0.00392781 0.975588 0.102163 -0.145155 0.0151376 0.0857385 0.0519312 2.04519
2.83135 -0.276337 -0.678361 -0.0487883 0.213597 0.0276979 0.97531 0.285206 0.179454 -0.0184569 -0.00482766 0.0520557 1.02259
3.23819 -0.289058 -0.869487 -0.0780441 0.222443 -0.0255344 0.971481 0.376467 0.0671036 -0.0593544 0.0088849 -0.0676818 1.36346
3.44895 -0.308577 -0.974708 -0.108412 0.245946 -0.0141095 0.963098 0.0870551 -0.283737 -0.0529846 0.05171 0.0310005 1.02259
3.90105 -0.38554 -1.18516 -0.0584958 0.201969 -0.0905783 0.973438 0.408036 0.157344 0.0292344 -0.052927 -0.0795593 2.04519
4.15747 -0.445031 -1.29099 -0.0184012 0.183913 -0.113815 0.976157 0.00920677 -0.293257 0.0483436 -0.0340084 -0.0432757 1.36346
4.45624 -0.514299 -1.39773 -0.0459993 0.165258 -0.0966865 0.980421 0.372864 0.213916 -0.0304009 -0.0182846 0.0266237 1.70432
5.20996 -0.716706 -1.58193 0.0284687 0.0657993 -0.157357 0.984936 0.302142 -0.029715 0.0451653 -0.0912563 -0.0562953 2.38605
5.32558 -0.754971 -1.60152 0.0246572 0.0929137 -0.163402 0.981865 0.0607183 -0.355035 0.000594797 0.0814224 -0.015928 0.681728
5.40108 -0.783444 -1.61931 0.0567034 0.108557 -0.193306 0.973464 0.182352 0.178873 0.0925338 0.03425 -0.098055 0.681728
5.78231 -0.920438 -1.69642 0.125141 0.0554653 -0.165214 0.976713 0.424353 0.177942 0.0872148 -0.0984561 0.0258226 1.36346
5.899 -0.960488 -1.71382 0.143127 0.0398903 -0.178322 0.972689 0.308581 -0.340507 0.0868947 -0.0960137 -0.0965688 0.340864
6.50068 -1.16512 -1.77668 0.112737 0.0184192 -0.158245 0.98077 0.442877 0.0789978 -0.0397115 -0.0219613 0.0224881 1.70432
7.40522 -1.37994 -1.8795 0.0109554 0.0837723 -0.0650834 0.994297 0.169475 -0.0893472 -0.05859 0.0455713 0.0674233 3.06778
8.21092 -1.38856 -2.01136 -0.0396681 0.0780395 0.0418369 0.995282 0.431858 0.0964645 -0.0307791 -0.00269689 0.0814793 2.72691
8.48887 -1.36953 -2.05035 -0.0225614 0.0541441 0.0279673 0.997886 0.119806 -0.305933 0.0334307 -0.046715 -0.0280447 1.02259
9.31423 -1.35951 -1.99854 0.0466561 -0.0919854 -0.00728906 0.99464 0.368393 0.0731138 0.0420604 -0.085393 -0.021003 3.40864
9.56973 -1.35957 -1.9386 0.0512965 -0.157234 0.0294529 0.985788 0.0178127 -0.25778 0.00172697 -0.0993015 0.0498461 1.36346
9.59055 -1.35867 -1.93167 0.0378242 -0.159549 0.0264726 0.98611 0.111358 0.275133 -0.0750646 -0.0145652 -0.030498 0.340864
9.85173 -1.36049 -1.87142 0.0232601 -0.0620777 -0.0282533 0.9974 0.0861417 -0.00927065 -0.00636487 0.0733949 -0.0389816 2.72691
10.7006 -1.40447 -1.81268 0.162637 -0.0212752 -0.0185381 0.986282 0.470924 0.125746 0.0917132 0.02351 0.0124476 3.06778
10.8842 -1.41017 -1.80181 0.160668 -0.0489083 0.00281138 0.985792 0.0701164 -0.589423 -0.00831983 -0.0903132 0.0485732 0.681728
10.9552 -1.40959 -1.79593 0.161981 -0.0345163 0.0157284 0.986065 0.349058 0.820418 0.00339859 0.0713528 0.0888834 0.340864
11.0313 -1.40834 -1.78954 0.162656 -0.0479237 0.0136532 0.985424 0.100299 -0.731647 0.00618883 -0.0758606 -0.0246163 0.340864
11.8863 -1.39486 -1.53972 0.28475 -0.191867 0.061689 0.937176 0.425567 0.0956672 0.0757 -0.0890121 0.0180225 3.40864
12.6957 -1.39079 -1.2265 0.327992 -0.155428 0.0570104 0.930061 0.425503 -3.15709e-05 0.0404155 0.0360833 0.0144462 2.04519
12.7997 -1.38941 -1.1915 0.339408 -0.14326 0.0648777 0.927399 0.219956 -0.60455 0.056324 0.0527875 0.0778524 0.340864
13.1916 -1.40291 -1.04601 0.364311 -0.193539 0.0344007 0.910295 0.395554 0.129116 0.0537562 -0.0546267 -0.0598262 1.36346
13.741 -1.39298 -0.801022 0.345292 -0.1866 0.14531 0.908207 0.195419 -0.0981054 -0.0375854 -0.0345316 0.0981282 2.04519
13.9619 -1.36492 -0.694802 0.343044 -0.185497 0.117062 0.91335 0.0949082 -0.0591238 0.00152131 0.0133999 -0.0311107 1.70432
14.5916 -1.24469 -0.482323 0.360708 -0.0707936 0.157764 0.916509 0.4027 0.113159 -0.00436936 0.0688913 0.0585525 2.72691
14.7975 -1.19046 -0.424636 0.350889 -0.0879283 0.172818 0.916122 0.246123 -0.23026 -0.0212432 -0.0668026 0.0205378 0.681728
