0 0 0 0 0 0 1 4.65275e-310 0 0 0 0 0
0.275573 -0.0327846 0.0273543 0.090216 -0.0794939 -0.0830693 0.989263 0.410696 0.301983 0.133147 -0.117323 -0.1226 1.36346
0.860886 -0.0580228 0.18045 0.0828143 -0.174322 0.0598679 0.979372 0.48417 0.0540246 -0.0379369 -0.157951 0.194249 1.36346
2.01765 0.255616 0.841838 0.170301 -0.293791 0.255043 0.905338 0.327918 -0.0459564 0.0386241 -0.0837614 0.119507 3.40864
2.2975 0.46012 1.23783 0.204548 -0.47252 0.37763 0.769598 0.118781 -0.0878727 0.0541226 -0.181711 0.106415 2.38605
2.33781 0.516832 1.35231 0.237587 -0.40804 0.414263 0.778102 0.275382 0.230295 -0.0529168 0.172619 0.15836 0.681728
2.36285 0.550715 1.41082 0.222226 -0.37657 0.412837 0.798984 0.148866 -0.372105 -0.172805 0.158766 -0.0503178 0.340864
2.38315 0.577945 1.4562 0.251474 -0.385288 0.424927 0.779584 0.184561 0.104986 0.157254 -0.0287319 0.157363 0.340864
2.46556 0.781954 1.76483 0.214088 -0.401454 0.542852 0.705913 0.188294 0.00182958 -0.0483909 -0.08513 0.103074 2.04519
2.7202 1.44053 2.45596 0.299133 -0.180009 0.532665 0.770964 0.460935 0.0890983 -0.0462288 0.152381 0.0257812 3.06778
2.90545 1.9395 2.78902 0.172765 -0.149739 0.611084 0.75783 0.28006 -0.106397 -0.146138 -0.0824324 0.063495 1.70432
2.9318 2.05106 2.84 0.162455 -0.117209 0.617059 0.760992 0.45804 0.523472 -0.171403 0.104686 0.0392574 0.340864
3.01406 2.43454 3.04356 0.155607 -0.251891 0.603551 0.740314 0.192941 -0.194926 0.122203 -0.157769 -0.0298032 1.36346
3.02429 2.52177 3.10183 0.132716 -0.263686 0.632811 0.715825 0.427274 0.689215 -0.0787788 -0.195772 0.169711 0.340864
3.02212 2.84116 3.2929 0.138849 -0.203891 0.714581 0.654616 0.120779 -0.225364 -0.0691121 0.0290265 0.157457 1.36346
3.01964 2.86148 3.30308 0.110455 -0.191024 0.722268 0.655468 0.0136964 -0.314948 -0.173367 -0.0750748 0.00247836 0.340864
3.01314 2.91363 3.32557 0.0797582 -0.204308 0.717068 0.661597 0.322565 0.908438 -0.0600714 -0.171406 -0.089239 0.340864
3.00473 2.9964 3.35891 0.0731409 -0.187109 0.708129 0.6769 0.204717 -0.346613 -0.0947473 0.0616136 -0.0992275 0.340864
3.00483 3.24707 3.43151 0.0469586 -0.0971839 0.677668 0.727404 0.30791 0.10117 -0.155996 0.106114 -0.107483 1.02259
3.13535 3.78933 3.59436 -0.049685 -0.258932 0.487377 0.832436 0.1836 -0.0522311 0.0450547 -0.139752 -0.193076 2.38605
3.35964 4.39885 3.70295 -0.0756038 -0.0504195 0.600465 0.794471 0.373927 0.0799691 -0.130998 0.133002 0.0811016 2.38605
3.47747 4.7267 3.72293 0.144686 -0.00292253 0.521033 0.841179 0.0375334 -0.197879 0.183023 0.197675 -0.0993805 1.70432
3.8102 5.16957 3.9036 0.137515 -0.160509 0.407012 0.888633 0.392604 0.130541 0.0514798 -0.0885779 -0.106195 2.72691
4.58331 5.69612 4.17615 0.0364435 -0.0764643 0.188831 0.97835 0.434698 0.0176865 -0.0862102 0.0663132 -0.199969 2.38605
5.42263 5.858 4.17252 -0.00947737 0.107063 -0.0259013 0.99387 0.202104 -0.0855126 -0.0475115 0.134117 -0.15644 2.72691
5.55606 5.85161 4.15448 -0.0395686 0.0110523 -0.0175481 0.999002 0.0625793 -0.136789 -0.0617731 -0.186814 0.0246824 1.02259
5.87353 5.77872 4.10422 -0.159225 0.139834 -0.152742 0.965279 0.327118 0.155611 -0.142497 0.149225 -0.165418 1.70432
6.04333 5.71483 4.05526 -0.125962 0.177885 -0.152683 0.963939 0.225722 -0.149112 0.110971 0.0937042 -0.0319479 0.681728
6.34293 5.59858 3.97364 -0.196677 0.135761 -0.158489 0.958002 0.424723 0.195099 -0.14993 -0.057877 0.0223435 1.02259
6.72336 5.46097 3.90742 -0.253188 0.0958494 -0.134484 0.953217 0.178384 -0.181131 -0.0855841 -0.0351899 0.0555795 1.36346
6.82574 5.4289 3.89571 -0.228343 0.0852314 -0.131356 0.960906 0.456457 0.817862 0.144145 -0.0788795 0.0254281 0.340864
7.25072 5.34532 3.85282 -0.140552 0.0486055 -0.0369039 0.988191 0.398528 -0.056793 0.184552 -0.0540585 0.1873 1.02259
7.69119 5.31857 3.83151 -0.0897522 0.00753285 -0.0178921 0.995775 0.46802 0.0681288 0.0994391 -0.0788044 0.0438988 1.02259
8.13558 5.28163 3.86904 -0.134427 -0.0831803 -0.075463 0.984538 0.41116 -0.055745 -0.0934505 -0.185939 -0.0963971 1.02259
8.42307 5.22874 3.94345 -0.102193 -0.16575 -0.153008 0.968851 0.0331622 -0.277939 0.0439953 -0.140705 -0.0939701 1.36346
8.50968 5.19702 3.97595 -0.0848964 -0.148028 -0.199671 0.96489 0.254595 0.325636 0.0788566 0.0267727 -0.131708 0.681728
9.30735 4.89938 4.14495 -0.150961 -0.0114592 -0.170193 0.973711 0.314288 0.0195077 -0.0263084 0.0976276 0.00579516 3.06778
9.64638 4.77062 4.1942 -0.157187 -0.0653066 -0.203772 0.964108 0.403829 0.0877854 -0.0319672 -0.110962 -0.0515521 1.02259
10.0089 4.61288 4.23396 -0.155845 0.0305375 -0.212714 0.964123 0.376422 -0.0268701 0.0420471 0.178169 -0.0463374 1.02259
10.5387 4.30932 4.29446 -0.222235 -0.0301606 -0.310607 0.923702 0.347439 -0.0170489 -0.101749 -0.0689517 -0.107986 1.70432
10.9626 4.0907 4.37716 -0.387385 0.00602122 -0.174924 0.905151 0.223896 -0.0726721 -0.177314 0.135556 0.126348 1.70432
11.2296 3.97338 4.39476 -0.329342 0.0880085 -0.230089 0.911508 0.206668 -0.0126677 0.101708 0.0628579 -0.119278 1.36346
11.5604 3.7934 4.30908 -0.214878 0.262419 -0.170539 0.925138 0.250966 0.0260578 0.182848 0.179122 -0.0119751 1.70432
12.196 3.41814 3.90264 -0.257187 0.35013 -0.158109 0.886716 0.369294 0.0435028 -0.021494 0.0744863 -0.00206058 2.72691
12.6127 3.1847 3.5247 -0.217546 0.415001 -0.0605616 0.881351 0.229356 -0.0685968 0.0768443 0.0768834 0.0541436 2.04519
12.8731 2.94705 3.10541 -0.198888 0.563726 -0.210903 0.773419 0.235218 0.00246268 -0.0512591 0.120498 -0.151975 2.38605
12.8784 2.37459 2.60083 -0.291388 0.65912 -0.416083 0.554553 0.417455 0.0765704 -0.180235 0.150492 -0.146912 2.38605
12.8203 2.11761 2.47311 -0.355787 0.642218 -0.421552 0.532227 0.44428 0.0394484 -0.155587 0.0899094 0.103169 0.681728
12.6606 1.26684 1.92826 -0.388201 0.746672 -0.141581 0.521283 0.419419 -0.0104456 0.172943 0.150082 0.109256 2.38605
12.6223 1.10119 1.76807 -0.400495 0.765853 -0.0628541 0.499122 0.0386639 -0.37329 0.0912615 0.115527 0.0778089 1.02259
12.6212 1.0499 1.72783 -0.583329 0.574171 -0.205886 0.536345 0.00446522 -0.011176 -0.131393 -0.112828 0.0980713 3.06778
12.9098 0.729484 1.53618 -0.628661 0.341748 -0.0685087 0.695198 0.307473 0.0990222 0.0660582 -0.0840209 0.178144 3.06778
12.9939 0.669869 1.49754 -0.643838 0.32377 -0.101498 0.685816 0.340555 0.0973008 -0.17037 -0.170584 -0.0417058 0.340864
13.5537 0.379255 1.39021 -0.706217 0.133106 -0.110422 0.686547 0.417097 0.0450247 -0.0764574 -0.154465 0.162158 1.70432
14.1875 0.217128 1.30325 -0.700458 0.136475 0.0600243 0.697947 0.139996 -0.116429 0.0296102 0.101784 0.0972243 2.38605
14.3618 0.207115 1.22727 -0.644366 0.195968 0.180768 0.716737 0.140981 0.000723882 0.0962571 0.187295 0.0499112 1.36346
14.4709 0.197595 1.15813 -0.619145 0.274498 0.125403 0.724972 0.113322 -0.0271164 -0.00326493 0.0462647 -0.189953 1.02259
14.6964 0.178468 0.933415 -0.615726 0.323154 0.319558 0.643689 0.201269 0.043111 -0.000646067 0.176103 0.118459 2.04519
14.7308 0.177764 0.887425 -0.628259 0.330451 0.291438 0.641215 0.136624 -0.190131 -0.123605 -0.0930916 -0.104448 0.340864
14.8099 0.167642 0.792625 -0.611284 0.346386 0.219157 0.676993 0.106405 -0.0296267 0.00948789 -0.0825864 -0.142119 1.02259
14.8262 0.164 0.775524 -0.626855 0.342331 0.177449 0.677033 0.0340296 -0.212869 -0.141668 -0.186338 -0.119878 0.340864
14.8552 0.152805 0.748562 -0.573461 0.39296 0.033877 0.718037 0.00640192 -0.013543 0.00366367 -0.059376 -0.152168 2.04519
