0 0 0 0 0 0 1 4.67732e-310 0 0 0 0 0
0.0513871 0.0023406 0.00145511 -0.0297039 -0.0219655 0.0336362 0.998751 0.302766 0.890488 -0.174802 -0.129263 0.197943 0.340864
0.142263 0.0115199 0.0077425 -0.0595209 -0.0526012 0.0647859 0.994733 0.235959 -0.196492 -0.173922 -0.181046 0.185387 0.340864
0.209622 0.0230579 0.0160803 -0.0891703 -0.0830889 0.0957533 0.987915 0.169151 -0.196492 -0.173922 -0.181046 0.185387 0.340864
0.270181 0.0346064 0.0274146 -0.0855656 -0.114047 0.0738456 0.987025 0.199661 0.0897333 0.0486376 -0.189848 -0.108836 0.340864
0.340199 0.0452109 0.0453537 -0.0818367 -0.14484 0.0518307 0.984702 0.23017 0.0897333 0.0486376 -0.189848 -0.108836 0.340864
0.419052 0.0540033 0.0711325 -0.0779889 -0.175422 0.0297405 0.980949 0.260679 0.0897333 0.0486376 -0.189848 -0.108836 0.340864
0.505946 0.0601159 0.10591 -0.0740279 -0.205749 0.00760716 0.975771 0.291189 0.0897333 0.0486376 -0.189848 -0.108836 0.340864
0.599929 0.0626917 0.150755 -0.0699594 -0.235778 -0.0145372 0.969177 0.321698 0.0897333 0.0486376 -0.189848 -0.108836 0.340864
0.699893 0.0608939 0.206634 -0.0657893 -0.265464 -0.0366605 0.961175 0.352207 0.0897333 0.0486376 -0.189848 -0.108836 0.340864
0.804591 0.0539157 0.274394 -0.0615236 -0.294765 -0.0587306 0.951777 0.382717 0.0897333 0.0486376 -0.189848 -0.108836 0.340864
0.91264 0.04099 0.354757 -0.0571686 -0.323638 -0.0807154 0.940997 0.413226 0.0897333 0.0486376 -0.189848 -0.108836 0.340864
1.02254 0.0213986 0.448306 -0.0527306 -0.35204 -0.102583 0.928851 0.443735 0.0897333 0.0486376 -0.189848 -0.108836 0.340864
1.13269 -0.00551919 0.555474 -0.048216 -0.379932 -0.124302 0.915356 0.474245 0.0897333 0.0486376 -0.189848 -0.108836 0.340864
1.23647 -0.0363055 0.666997 -0.0685978 -0.390395 -0.142594 0.906947 0.440054 -0.100559 -0.0789106 -0.0654285 -0.14725 0.340864
1.33492 -0.0719391 0.774868 -0.0639875 -0.377244 -0.174681 0.907237 0.444372 0.0126985 0.109452 0.0540266 -0.165691 0.340864
1.434 -0.117507 0.880451 -0.0592989 -0.363631 -0.206554 0.906417 0.448689 0.0126985 0.109452 0.0540266 -0.165691 0.340864
1.5331 -0.173026 0.983335 -0.0545378 -0.349572 -0.238174 0.904488 0.453007 0.0126985 0.109452 0.0540266 -0.165691 0.340864
1.63159 -0.238462 1.08312 -0.0497099 -0.335086 -0.269502 0.901451 0.457324 0.0126985 0.109452 0.0540266 -0.165691 0.340864
1.72885 -0.313729 1.17941 -0.0448211 -0.32019 -0.300501 0.897312 0.461642 0.0126985 0.109452 0.0540266 -0.165691 0.340864
1.83087 -0.393503 1.27788 -0.0737883 -0.31366 -0.286312 0.90233 0.495421 0.0993514 -0.166787 0.098883 0.0274884 0.340864
1.92233 -0.459008 1.36378 -0.0710977 -0.312169 -0.274898 0.906601 0.337215 -0.465313 -0.00241387 0.016214 0.0720946 0.340864
1.99526 -0.510131 1.4298 -0.0443614 -0.30835 -0.272114 0.910443 0.31495 -0.0654865 0.145272 -0.014648 0.0685666 0.340864
2.06403 -0.559156 1.48927 -0.0175917 -0.304299 -0.269125 0.9136 0.292684 -0.0654865 0.145272 -0.014648 0.0685666 0.340864
2.12857 -0.605768 1.54243 0.00919126 -0.300018 -0.265934 0.91607 0.270419 -0.0654865 0.145272 -0.014648 0.0685666 0.340864
2.18877 -0.64967 1.58954 0.0359673 -0.295512 -0.262543 0.917851 0.248153 -0.0654865 0.145272 -0.014648 0.0685666 0.340864
2.24454 -0.690596 1.63088 0.0627163 -0.290784 -0.258955 0.918942 0.225888 -0.0654865 0.145272 -0.014648 0.0685666 0.340864
2.29576 -0.728301 1.66674 0.0894181 -0.285838 -0.255171 0.919341 0.203623 -0.0654865 0.145272 -0.014648 0.0685666 0.340864
2.34723 -0.765368 1.70249 0.0983792 -0.298642 -0.239183 0.918655 0.224687 0.0619543 0.00272007 -0.0922639 0.0937752 0.340864
2.40378 -0.804316 1.74349 0.107291 -0.311296 -0.223074 0.917508 0.245751 0.0619543 0.00272007 -0.0922639 0.0937752 0.340864
2.46528 -0.844833 1.79005 0.116149 -0.323794 -0.206854 0.915903 0.266816 0.0619543 0.00272007 -0.0922639 0.0937752 0.340864
2.53159 -0.88661 1.84249 0.124949 -0.336131 -0.19053 0.913839 0.28788 0.0619543 0.00272007 -0.0922639 0.0937752 0.340864
2.60252 -0.929346 1.90109 0.133687 -0.348299 -0.174111 0.911318 0.308945 0.0619543 0.00272007 -0.0922639 0.0937752 0.340864
2.67789 -0.972746 1.96617 0.142357 -0.360293 -0.157605 0.908341 0.330009 0.0619543 0.00272007 -0.0922639 0.0937752 0.340864
2.75744 -1.01652 2.038 0.150957 -0.372107 -0.141021 0.90491 0.351074 0.0619543 0.00272007 -0.0922639 0.0937752 0.340864
2.84092 -1.0604 2.11687 0.159481 -0.383734 -0.124365 0.901026 0.372138 0.0619543 0.00272007 -0.0922639 0.0937752 0.340864
2.92804 -1.10412 2.20304 0.167925 -0.39517 -0.107647 0.896691 0.393203 0.0619543 0.00272007 -0.0922639 0.0937752 0.340864
3.01747 -1.14721 2.29334 0.159595 -0.393163 -0.106158 0.899268 0.396198 0.00880965 -0.0486737 0.0203806 -0.00788983 0.340864
3.10809 -1.18937 2.38441 0.151253 -0.391124 -0.104659 0.901771 0.399193 0.00880965 -0.0486737 0.0203806 -0.00788983 0.340864
3.19993 -1.23056 2.47623 0.142898 -0.389052 -0.103152 0.9042 0.402189 0.00880965 -0.0486737 0.0203806 -0.00788983 0.340864
3.29536 -1.27138 2.5712 0.120301 -0.385708 -0.104479 0.908758 0.425439 0.0683826 -0.118967 0.0430451 -0.0531987 0.340864
3.37905 -1.30624 2.65621 0.135279 -0.398079 -0.0944262 0.902395 0.305611 -0.352435 0.0541685 -0.0968936 0.0750633 0.340864
3.43401 -1.32932 2.71473 0.150188 -0.410243 -0.0843248 0.895563 0.185783 -0.352435 0.0541685 -0.0968936 0.0750633 0.340864
3.46149 -1.341 2.74538 0.165019 -0.422194 -0.0741797 0.888267 0.065955 -0.352435 0.0541685 -0.0968936 0.0750633 0.340864
3.48313 -1.34998 2.77067 0.15729 -0.428707 -0.0658897 0.887203 0.136853 0.208523 -0.0627813 -0.0413502 0.0173357 0.340864
3.51939 -1.36411 2.81446 0.149535 -0.435146 -0.0575885 0.885986 0.207751 0.208523 -0.0627813 -0.0413502 0.0173357 0.340864
3.56981 -1.38245 2.87738 0.141753 -0.441511 -0.0492773 0.884616 0.278649 0.208523 -0.0627813 -0.0413502 0.0173357 0.340864
3.62105 -1.40181 2.94162 0.158795 -0.43812 -0.0613494 0.88265 0.217946 -0.178538 0.122665 0.0176629 -0.0163025 0.340864
3.65995 -1.41863 2.98927 0.175765 -0.434532 -0.0733937 0.880285 0.157242 -0.178538 0.122665 0.0176629 -0.0163025 0.340864
3.68064 -1.42876 3.01506 0.180596 -0.451416 -0.0837523 0.869824 0.0461892 -0.326627 0.0550218 -0.105549 -0.063269 0.340864
3.6889 -1.43316 3.02655 0.14854 -0.474645 -0.0823332 0.863637 0.0409954 -0.0152758 -0.172702 -0.121031 -0.105613 0.340864
3.69563 -1.43667 3.03717 0.116246 -0.497111 -0.0807817 0.856062 0.0358016 -0.0152758 -0.172702 -0.121031 -0.105613 0.340864
3.70095 -1.43936 3.04676 0.0837647 -0.518778 -0.0791004 0.84711 0.0306079 -0.0152758 -0.172702 -0.121031 -0.105613 0.340864
3.70503 -1.4413 3.05514 0.0511487 -0.539611 -0.0772919 0.836797 0.0254141 -0.0152758 -0.172702 -0.121031 -0.105613 0.340864
3.70801 -1.44259 3.06218 0.0184506 -0.559577 -0.0753592 0.825139 0.0202203 -0.0152758 -0.172702 -0.121031 -0.105613 0.340864
3.71006 -1.44334 3.06776 -0.0142773 -0.578643 -0.0733053 0.812154 0.0150265 -0.0152758 -0.172702 -0.121031 -0.105613 0.340864
3.71133 -1.44368 3.07178 -0.0469821 -0.59678 -0.0711336 0.797864 0.00983272 -0.0152758 -0.172702 -0.121031 -0.105613 0.340864
3.71197 -1.44377 3.07415 -0.0796115 -0.613956 -0.0688476 0.782291 0.00463893 -0.0152758 -0.172702 -0.121031 -0.105613 0.340864
3.7164 -1.44497 3.09642 -0.0543343 -0.636159 -0.094618 0.763804 0.129117 0.366113 0.191807 -0.191309 -0.0243976 0.340864
3.7253 -1.45224 3.16043 -0.028941 -0.657002 -0.120186 0.743684 0.253596 0.366113 0.191807 -0.191309 -0.0243976 0.340864
3.73314 -1.47106 3.26582 -0.00348583 -0.67644 -0.145497 0.721975 0.378074 0.366113 0.191807 -0.191309 -0.0243976 0.340864
3.74177 -1.49284 3.38658 -0.00781428 -0.663042 -0.106315 0.740953 0.345681 -0.0952748 -0.162493 0.136974 0.165208 0.340864
3.75569 -1.50597 3.49692 -0.0121264 -0.648255 -0.0669097 0.758381 0.313287 -0.0952748 -0.162493 0.136974 0.165208 0.340864
3.77022 -1.51344 3.59692 -0.0443109 -0.65238 -0.0790919 0.752451 0.282724 -0.0898926 -0.0991902 -0.0292194 -0.179151 0.340864
3.78024 -1.51771 3.68766 -0.0496736 -0.674217 -0.0672559 0.733786 0.254997 -0.08155 -0.0841958 -0.16273 0.0288215 0.340864
3.78473 -1.51914 3.7695 -0.0549869 -0.695383 -0.0553531 0.714391 0.22727 -0.08155 -0.0841958 -0.16273 0.0288215 0.340864
3.78471 -1.51831 3.84204 -0.0602456 -0.715859 -0.0433952 0.694286 0.199543 -0.08155 -0.0841958 -0.16273 0.0288215 0.340864
3.78119 -1.5158 3.90501 -0.0654444 -0.735623 -0.0313942 0.673491 0.171816 -0.08155 -0.0841958 -0.16273 0.0288215 0.340864
3.77522 -1.51219 3.95825 -0.0705781 -0.754655 -0.019362 0.652027 0.144089 -0.08155 -0.0841958 -0.16273 0.0288215 0.340864
3.76785 -1.50802 4.00171 -0.0756416 -0.772938 -0.00731054 0.629914 0.116362 -0.08155 -0.0841958 -0.16273 0.0288215 0.340864
3.76014 -1.50384 4.03543 -0.0806299 -0.790452 0.00474818 0.607175 0.0886346 -0.08155 -0.0841958 -0.16273 0.0288215 0.340864
3.74884 -1.49778 4.07767 -0.0628304 -0.793436 0.03382 0.604457 0.171077 0.242479 -0.0728228 -0.00901169 0.188125 0.340864
3.72951 -1.48737 4.14643 -0.0449567 -0.795484 0.0628521 0.601027 0.25352 0.242479 -0.0728228 -0.00901169 0.188125 0.340864
3.70518 -1.47164 4.23994 -0.0416821 -0.777875 0.087532 0.620896 0.322367 0.20249 -0.105187 0.163007 0.0905951 0.340864
3.6808 -1.44884 4.35655 -0.0383522 -0.759234 0.112096 0.639943 0.391213 0.20249 -0.105187 0.163007 0.0905951 0.340864
3.65765 -1.42128 4.48349 -0.0362859 -0.755433 0.125621 0.642046 0.384927 -0.0184873 -0.0546583 0.0281171 0.0578974 0.340864
3.63552 -1.39229 4.60806 -0.0342123 -0.751476 0.13912 0.644017 0.378642 -0.0184873 -0.0546583 0.0281171 0.0578974 0.340864
3.61434 -1.36192 4.73024 -0.0321315 -0.747365 0.15259 0.645856 0.372356 -0.0184873 -0.0546583 0.0281171 0.0578974 0.340864
3.59406 -1.33024 4.85001 -0.0300442 -0.743099 0.166029 0.647561 0.36607 -0.0184873 -0.0546583 0.0281171 0.0578974 0.340864
3.57461 -1.2973 4.96732 -0.0279506 -0.738681 0.179433 0.649133 0.359785 -0.0184873 -0.0546583 0.0281171 0.0578974 0.340864
3.55595 -1.26317 5.08217 -0.0258513 -0.73411 0.192801 0.650571 0.353499 -0.0184873 -0.0546583 0.0281171 0.0578974 0.340864
3.53801 -1.2279 5.19453 -0.0237467 -0.729387 0.206128 0.651875 0.347213 -0.0184873 -0.0546583 0.0281171 0.0578974 0.340864
3.52075 -1.19156 5.30437 -0.0216372 -0.724515 0.219414 0.653045 0.340928 -0.0184873 -0.0546583 0.0281171 0.0578974 0.340864
3.50412 -1.15421 5.4117 -0.0195232 -0.719493 0.232654 0.65408 0.334642 -0.0184873 -0.0546583 0.0281171 0.0578974 0.340864
3.48789 -1.12435 5.50192 0.00282045 -0.739179 0.226972 0.634106 0.232606 -0.300105 0.13469 -0.130382 0.102325 0.340864
3.47438 -1.10824 5.55995 0.0251604 -0.757891 0.220992 0.613296 0.13057 -0.300105 0.13469 -0.130382 0.102325 0.340864
3.46378 -1.09773 5.60462 0.0267467 -0.749425 0.201252 0.630194 0.146444 0.0466853 0.0802315 0.110877 -0.0848677 0.340864
3.45419 -1.08708 5.6551 0.028313 -0.740397 0.181361 0.646621 0.162317 0.0466853 0.0802315 0.110877 -0.0848677 0.340864
3.44603 -1.07658 5.71144 0.0298581 -0.730815 0.161334 0.662563 0.17819 0.0466853 0.0802315 0.110877 -0.0848677 0.340864
3.43976 -1.06657 5.7736 0.0313809 -0.720685 0.141186 0.678008 0.194063 0.0466853 0.0802315 0.110877 -0.0848677 0.340864
3.43579 -1.0574 5.84154 0.0328801 -0.710015 0.120933 0.692945 0.209936 0.0466853 0.0802315 0.110877 -0.0848677 0.340864
3.43454 -1.04944 5.91517 0.0343547 -0.698812 0.100589 0.707363 0.225809 0.0466853 0.0802315 0.110877 -0.0848677 0.340864
3.4364 -1.04305 5.99436 0.0358035 -0.687086 0.0801692 0.721251 0.241682 0.0466853 0.0802315 0.110877 -0.0848677 0.340864
3.44172 -1.03865 6.07894 0.0372255 -0.674845 0.0596896 0.734599 0.257555 0.0466853 0.0802315 0.110877 -0.0848677 0.340864
3.45208 -1.03226 6.18551 -0.00231524 -0.665266 0.0507735 0.744875 0.373471 0.340929 -0.141125 0.0702776 -0.197063 0.340864
3.46465 -1.01959 6.30136 -0.0273631 -0.665479 0.0691186 0.742706 0.316181 -0.168498 -0.181536 -0.0166552 -0.0169911 0.340864
3.47467 -1.00316 6.3972 -0.0523844 -0.665047 0.0873968 0.739817 0.258892 -0.168498 -0.181536 -0.0166552 -0.0169911 0.340864
3.48235 -0.985354 6.47303 -0.0773549 -0.663972 0.10559 0.736212 0.201603 -0.168498 -0.181536 -0.0166552 -0.0169911 0.340864
3.48624 -0.971234 6.52064 -0.111681 -0.677616 0.114632 0.717791 0.0914391 -0.324012 -0.183929 -0.148286 -0.0772829 0.340864
3.48937 -0.958557 6.55767 -0.126145 -0.661185 0.110569 0.73123 0.139592 0.141626 -0.0471359 0.110532 -0.0946787 0.340864
3.49635 -0.939948 6.60965 -0.140525 -0.644306 0.106431 0.744174 0.187745 0.141626 -0.0471359 0.110532 -0.0946787 0.340864
3.50865 -0.91514 6.67612 -0.154809 -0.626992 0.102221 0.756614 0.235898 0.141626 -0.0471359 0.110532 -0.0946787 0.340864
3.52778 -0.883947 6.75657 -0.168989 -0.609254 0.0979421 0.768544 0.284051 0.141626 -0.0471359 0.110532 -0.0946787 0.340864
3.55519 -0.846268 6.85039 -0.183055 -0.591104 0.0935968 0.779953 0.332204 0.141626 -0.0471359 0.110532 -0.0946787 0.340864
3.59233 -0.802088 6.95688 -0.196996 -0.572555 0.0891883 0.790835 0.380357 0.141626 -0.0471359 0.110532 -0.0946787 0.340864
3.63348 -0.759698 7.06544 -0.191079 -0.572242 0.0626543 0.795049 0.34676 -0.0988132 0.121626 -0.0119949 -0.106094 0.340864
3.67172 -0.726694 7.1656 -0.185018 -0.571495 0.0360729 0.798662 0.313164 -0.0988132 0.121626 -0.0119949 -0.106094 0.340864
3.70667 -0.702043 7.25683 -0.178816 -0.570317 0.00946413 0.80167 0.279567 -0.0988132 0.121626 -0.0119949 -0.106094 0.340864
3.73803 -0.68467 7.33865 -0.172479 -0.568706 -0.0171518 0.804071 0.245971 -0.0988132 0.121626 -0.0119949 -0.106094 0.340864
3.76928 -0.670114 7.41994 -0.152843 -0.567713 -0.00758913 0.808878 0.273431 0.0807644 0.0658662 0.0285044 0.110404 0.340864
3.80412 -0.654728 7.50984 -0.133131 -0.566435 0.0019773 0.81328 0.30089 0.0807644 0.0658662 0.0285044 0.110404 0.340864
3.84262 -0.638637 7.60833 -0.113352 -0.564873 0.0115427 0.817274 0.32835 0.0807644 0.0658662 0.0285044 0.110404 0.340864
3.88488 -0.621961 7.7154 -0.0935163 -0.563028 0.0211024 0.820859 0.35581 0.0807644 0.0658662 0.0285044 0.110404 0.340864
3.93099 -0.604814 7.83101 -0.0736336 -0.560901 0.0306515 0.824032 0.38327 0.0807644 0.0658662 0.0285044 0.110404 0.340864
3.97719 -0.584412 7.94717 -0.0881234 -0.56295 0.0550101 0.819936 0.361902 -0.0628462 -0.15203 -0.0155125 0.0719006 0.340864
4.02088 -0.564474 8.05366 -0.055813 -0.550281 0.0541231 0.831352 0.325307 -0.107632 0.160629 0.108925 0.0924765 0.340864
4.06293 -0.550561 8.14817 -0.0234281 -0.536878 0.0531639 0.841657 0.288712 -0.107632 0.160629 0.108925 0.0924765 0.340864
4.10269 -0.54162 8.23057 0.00898807 -0.522757 0.0521337 0.850839 0.252117 -0.107632 0.160629 0.108925 0.0924765 0.340864
4.1395 -0.53663 8.30085 0.0413923 -0.507938 0.0510338 0.858883 0.215522 -0.107632 0.160629 0.108925 0.0924765 0.340864
4.17262 -0.534619 8.35911 0.0737412 -0.492441 0.0498658 0.865781 0.178927 -0.107632 0.160629 0.108925 0.0924765 0.340864
4.2013 -0.534665 8.40558 0.105992 -0.476286 0.0486312 0.871523 0.142332 -0.107632 0.160629 0.108925 0.0924765 0.340864
4.22477 -0.535912 8.44059 0.1381 -0.459495 0.0473316 0.8761 0.105737 -0.107632 0.160629 0.108925 0.0924765 0.340864
4.24541 -0.53627 8.47036 0.127407 -0.459186 0.0805541 0.875458 0.107378 0.0048257 -0.144498 -0.0301135 0.14277 0.340864
4.26601 -0.534135 8.50076 0.116559 -0.458317 0.113678 0.873749 0.109019 0.0048257 -0.144498 -0.0301135 0.14277 0.340864
4.28644 -0.529446 8.53166 0.105569 -0.456889 0.146664 0.870975 0.110659 0.0048257 -0.144498 -0.0301135 0.14277 0.340864
4.30656 -0.522156 8.56293 0.0944501 -0.454905 0.179471 0.867139 0.1123 0.0048257 -0.144498 -0.0301135 0.14277 0.340864
4.32623 -0.512231 8.59445 0.0832161 -0.452367 0.21206 0.862247 0.113941 0.0048257 -0.144498 -0.0301135 0.14277 0.340864
4.34531 -0.499651 8.62606 0.0718807 -0.449277 0.24439 0.856304 0.115582 0.0048257 -0.144498 -0.0301135 0.14277 0.340864
4.36535 -0.485832 8.65848 0.107522 -0.429851 0.243858 0.86267 0.1229 0.021524 0.150358 0.166179 0.0906046 0.340864
4.38812 -0.472232 8.69236 0.142982 -0.4097 0.242915 0.867579 0.130218 0.021524 0.150358 0.166179 0.0906046 0.340864
4.41378 -0.458894 8.7275 0.1782 -0.388858 0.241562 0.871024 0.137536 0.021524 0.150358 0.166179 0.0906046 0.340864
4.44249 -0.445841 8.76369 0.213118 -0.367358 0.239801 0.872997 0.144854 0.021524 0.150358 0.166179 0.0906046 0.340864
4.47441 -0.433073 8.80067 0.247676 -0.345239 0.237635 0.873497 0.152173 0.021524 0.150358 0.166179 0.0906046 0.340864
4.50966 -0.420568 8.83819 0.281815 -0.322536 0.235068 0.872521 0.159491 0.021524 0.150358 0.166179 0.0906046 0.340864
4.54835 -0.408282 8.87599 0.315479 -0.299289 0.232104 0.870073 0.166809 0.021524 0.150358 0.166179 0.0906046 0.340864
4.59057 -0.396148 8.91378 0.34861 -0.275537 0.228748 0.866155 0.174127 0.021524 0.150358 0.166179 0.0906046 0.340864
4.6364 -0.384075 8.95129 0.381152 -0.251319 0.225005 0.860775 0.181445 0.021524 0.150358 0.166179 0.0906046 0.340864
4.68589 -0.371951 8.98823 0.413051 -0.226677 0.220883 0.853942 0.188763 0.021524 0.150358 0.166179 0.0906046 0.340864
4.74455 -0.359083 9.02809 0.421836 -0.213441 0.202875 0.857519 0.235244 0.136706 0.0422565 0.126439 -0.0512373 0.340864
4.81834 -0.345331 9.07378 0.430373 -0.200079 0.184747 0.860591 0.281724 0.136706 0.0422565 0.126439 -0.0512373 0.340864
4.9079 -0.331388 9.12412 0.438656 -0.186599 0.16651 0.863155 0.328204 0.136706 0.0422565 0.126439 -0.0512373 0.340864
5.01376 -0.317941 9.17785 0.44668 -0.173009 0.148175 0.86521 0.374684 0.136706 0.0422565 0.126439 -0.0512373 0.340864
5.13637 -0.305661 9.23368 0.454441 -0.159317 0.129753 0.866756 0.421165 0.136706 0.0422565 0.126439 -0.0512373 0.340864
5.26577 -0.296198 9.28604 0.432764 -0.149442 0.104101 0.882919 0.401932 -0.0565663 -0.137255 0.117554 -0.137079 0.340864
5.39135 -0.290774 9.33063 0.410445 -0.139345 0.0782931 0.897769 0.382699 -0.0565663 -0.137255 0.117554 -0.137079 0.340864
5.51252 -0.289361 9.36808 0.387515 -0.129041 0.0523693 0.911284 0.363467 -0.0565663 -0.137255 0.117554 -0.137079 0.340864
5.6332 -0.293428 9.39901 0.406783 -0.11339 0.0176875 0.906288 0.369909 0.0189463 0.136224 0.165147 -0.134112 0.340864
5.75721 -0.304487 9.42319 0.425301 -0.0975302 -0.0170269 0.89962 0.37635 0.0189463 0.136224 0.165147 -0.134112 0.340864
5.88386 -0.322464 9.44001 0.443036 -0.0814905 -0.0517099 0.891294 0.382792 0.0189463 0.136224 0.165147 -0.134112 0.340864
6.01241 -0.347218 9.44889 0.459953 -0.0653006 -0.0862976 0.881324 0.389234 0.0189463 0.136224 0.165147 -0.134112 0.340864
6.14208 -0.378544 9.44929 0.476022 -0.0489903 -0.120726 0.869729 0.395676 0.0189463 0.136224 0.165147 -0.134112 0.340864
6.27206 -0.416167 9.44074 0.491213 -0.0325896 -0.154932 0.85653 0.402117 0.0189463 0.136224 0.165147 -0.134112 0.340864
6.40153 -0.459748 9.4228 0.505498 -0.0161288 -0.188852 0.841752 0.408559 0.0189463 0.136224 0.165147 -0.134112 0.340864
6.52963 -0.50888 9.39513 0.518852 0.000361664 -0.222424 0.825421 0.415001 0.0189463 0.136224 0.165147 -0.134112 0.340864
6.65552 -0.563096 9.35742 0.531248 0.0168515 -0.255586 0.807569 0.421443 0.0189463 0.136224 0.165147 -0.134112 0.340864
6.77815 -0.615319 9.3132 0.524431 0.0463486 -0.243705 0.814513 0.404733 -0.049147 -0.00856326 0.112577 0.159763 0.340864
6.89667 -0.659144 9.26639 0.517033 0.0757945 -0.231555 0.820557 0.388023 -0.049147 -0.00856326 0.112577 0.159763 0.340864
7.0105 -0.695082 9.21732 0.509064 0.105156 -0.219148 0.825693 0.371313 -0.049147 -0.00856326 0.112577 0.159763 0.340864
7.11917 -0.723672 9.16633 0.500532 0.134402 -0.206499 0.829917 0.354603 -0.049147 -0.00856326 0.112577 0.159763 0.340864
7.22223 -0.745478 9.11381 0.491447 0.163499 -0.193622 0.833222 0.337893 -0.049147 -0.00856326 0.112577 0.159763 0.340864
7.31931 -0.761081 9.06013 0.481817 0.192416 -0.180531 0.835606 0.321183 -0.049147 -0.00856326 0.112577 0.159763 0.340864
7.41013 -0.771076 9.00572 0.471655 0.221119 -0.16724 0.837065 0.304473 -0.049147 -0.00856326 0.112577 0.159763 0.340864
7.49446 -0.776065 8.95097 0.460972 0.249578 -0.153764 0.837599 0.287763 -0.049147 -0.00856326 0.112577 0.159763 0.340864
7.57348 -0.776603 8.89919 0.455399 0.249753 -0.12461 0.845403 0.267979 -0.0581871 -0.00565892 -0.0846185 0.15938 0.340864
7.64814 -0.773182 8.85323 0.449398 0.249693 -0.0953396 0.852411 0.248196 -0.0581871 -0.00565892 -0.0846185 0.15938 0.340864
7.718 -0.766343 8.81279 0.442974 0.249398 -0.0659792 0.858616 0.228412 -0.0581871 -0.00565892 -0.0846185 0.15938 0.340864
7.78266 -0.756655 8.77753 0.436132 0.248868 -0.0365566 0.864012 0.208628 -0.0581871 -0.00565892 -0.0846185 0.15938 0.340864
7.84181 -0.74471 8.74714 0.428879 0.248104 -0.00709954 0.868595 0.188845 -0.0581871 -0.00565892 -0.0846185 0.15938 0.340864
7.89518 -0.731117 8.72129 0.421223 0.247106 0.0223642 0.872359 0.169061 -0.0581871 -0.00565892 -0.0846185 0.15938 0.340864
7.94256 -0.716502 8.69963 0.413169 0.245875 0.0518068 0.875301 0.149278 -0.0581871 -0.00565892 -0.0846185 0.15938 0.340864
7.98384 -0.701499 8.68183 0.404727 0.244413 0.0812007 0.87742 0.129494 -0.0581871 -0.00565892 -0.0846185 0.15938 0.340864
8.01893 -0.686747 8.66754 0.395903 0.24272 0.110518 0.878711 0.10971 -0.0581871 -0.00565892 -0.0846185 0.15938 0.340864
8.04784 -0.672884 8.65642 0.386707 0.240799 0.139731 0.879175 0.0899267 -0.0581871 -0.00565892 -0.0846185 0.15938 0.340864
8.08451 -0.655806 8.64264 0.383167 0.232242 0.109632 0.887258 0.161501 0.210513 -0.0723066 0.00986061 -0.176785 0.340864
8.14345 -0.632979 8.62022 0.379222 0.22344 0.0794174 0.894404 0.233076 0.210513 -0.0723066 0.00986061 -0.176785 0.340864
8.22536 -0.607467 8.5887 0.374877 0.214402 0.0491185 0.900603 0.30465 0.210513 -0.0723066 0.00986061 -0.176785 0.340864
8.33066 -0.582406 8.54775 0.370135 0.205138 0.0187678 0.905851 0.376225 0.210513 -0.0723066 0.00986061 -0.176785 0.340864
8.45948 -0.560986 8.49712 0.365002 0.195656 -0.0116029 0.910141 0.4478 0.210513 -0.0723066 0.00986061 -0.176785 0.340864
8.5767 -0.548025 8.44662 0.344578 0.218139 -0.0401339 0.912179 0.307067 -0.413918 -0.145066 0.180728 -0.0808537 0.340864
8.66635 -0.54045 8.40128 0.370037 0.240989 -0.0584182 0.895313 0.285663 -0.0629538 0.152771 0.175349 -0.0884719 0.340864
8.75653 -0.530544 8.35447 0.376617 0.233669 -0.0315363 0.895859 0.31493 0.0860776 0.069067 -0.100114 0.116517 0.340864
8.85666 -0.514569 8.3068 0.382889 0.226157 -0.00462844 0.895672 0.344196 0.0860776 0.069067 -0.100114 0.116517 0.340864
8.96657 -0.491671 8.2591 0.388846 0.21846 0.0222832 0.89475 0.373462 0.0860776 0.069067 -0.100114 0.116517 0.340864
9.08602 -0.461029 8.21221 0.394485 0.210584 0.0491765 0.893094 0.402729 0.0860776 0.069067 -0.100114 0.116517 0.340864
9.21468 -0.421862 8.16701 0.399801 0.202536 0.0760295 0.890707 0.431995 0.0860776 0.069067 -0.100114 0.116517 0.340864
9.35213 -0.373431 8.12438 0.404788 0.194321 0.10282 0.887589 0.461261 0.0860776 0.069067 -0.100114 0.116517 0.340864
9.49784 -0.315047 8.08522 0.409444 0.185947 0.129527 0.883743 0.490528 0.0860776 0.069067 -0.100114 0.116517 0.340864
9.6044 -0.267272 8.05693 0.389043 0.206262 0.145503 0.885963 0.216367 -0.806355 -0.109426 0.0491651 0.15263 0.340864
9.66052 -0.239549 8.04287 0.412736 0.183243 0.168386 0.876195 0.1611 -0.16255 0.193352 -0.140243 0.0462076 0.340864
9.71366 -0.212705 8.03238 0.380399 0.167808 0.176156 0.892248 0.194526 0.0983111 -0.182028 -0.147794 0.0215347 0.340864
9.77716 -0.181085 8.02112 0.347452 0.152103 0.183644 0.906872 0.227952 0.0983111 -0.182028 -0.147794 0.0215347 0.340864
9.85105 -0.144683 8.00954 0.313949 0.136155 0.190838 0.920043 0.261377 0.0983111 -0.182028 -0.147794 0.0215347 0.340864
9.92635 -0.10901 7.9982 0.317528 0.13614 0.176187 0.921737 0.233272 -0.0826643 0.00452527 0.0296334 -0.0840916 0.340864
9.99386 -0.0792924 7.98752 0.321034 0.136093 0.161496 0.92322 0.205166 -0.0826643 0.00452527 0.0296334 -0.0840916 0.340864
10.0533 -0.0550592 7.97766 0.324466 0.136014 0.146768 0.92449 0.17706 -0.0826643 0.00452527 0.0296334 -0.0840916 0.340864
10.1045 -0.0358309 7.96876 0.327824 0.135905 0.132005 0.925546 0.148954 -0.0826643 0.00452527 0.0296334 -0.0840916 0.340864
10.1382 -0.0232494 7.96227 0.316507 0.153592 0.141398 0.925332 0.0657895 -0.244602 -0.0674296 0.0695768 0.0944666 0.340864
10.1792 -0.00631819 7.95194 0.308297 0.183871 0.14508 0.922006 0.201998 0.400613 -0.0603631 0.154156 0.0866161 0.340864
10.2597 0.0296801 7.92632 0.299777 0.213964 0.148617 0.917751 0.338206 0.400613 -0.0603631 0.154156 0.0866161 0.340864
10.3464 0.0712035 7.89217 0.267684 0.244577 0.15276 0.919343 0.262408 -0.222935 -0.197674 0.127941 0.115387 0.340864
10.4089 0.102861 7.86179 0.23506 0.274704 0.156599 0.919109 0.18661 -0.222935 -0.197674 0.127941 0.115387 0.340864
10.4581 0.127656 7.83443 0.244506 0.285971 0.135565 0.916547 0.175478 -0.0327426 0.0102465 0.102854 -0.111057 0.340864
10.5043 0.149276 7.80722 0.253789 0.297049 0.114441 0.913376 0.164345 -0.0327426 0.0102465 0.102854 -0.111057 0.340864
10.5472 0.167945 7.78035 0.262904 0.307928 0.0932412 0.909597 0.153213 -0.0327426 0.0102465 0.102854 -0.111057 0.340864
10.5869 0.183893 7.75403 0.271844 0.318603 0.071979 0.905214 0.14208 -0.0327426 0.0102465 0.102854 -0.111057 0.340864
10.6232 0.197347 7.72847 0.280603 0.329066 0.050669 0.900228 0.130948 -0.0327426 0.0102465 0.102854 -0.111057 0.340864
10.6562 0.208536 7.70388 0.289176 0.33931 0.0293252 0.894643 0.119815 -0.0327426 0.0102465 0.102854 -0.111057 0.340864
10.6858 0.217686 7.68046 0.297556 0.349329 0.00796197 0.888463 0.108683 -0.0327426 0.0102465 0.102854 -0.111057 0.340864
10.712 0.225019 7.65842 0.305738 0.359115 -0.0134066 0.881692 0.0975501 -0.0327426 0.0102465 0.102854 -0.111057 0.340864
10.7434 0.23166 7.63264 0.307199 0.329684 -0.0403376 0.891801 0.144598 0.138377 -0.0698347 -0.125708 -0.194948 0.340864
10.7889 0.23713 7.59854 0.308139 0.299695 -0.0672002 0.900398 0.191646 0.138377 -0.0698347 -0.125708 -0.194948 0.340864
10.8493 0.239214 7.55732 0.308557 0.269198 -0.0939488 0.907468 0.238694 0.138377 -0.0698347 -0.125708 -0.194948 0.340864
10.9249 0.23567 7.51028 0.308451 0.238244 -0.120538 0.913 0.285743 0.138377 -0.0698347 -0.125708 -0.194948 0.340864
11.0094 0.228328 7.45892 0.318104 0.245814 -0.127556 0.906705 0.297282 0.0339381 0.0587987 0.0553671 -0.0419472 0.340864
11.096 0.220538 7.40372 0.327681 0.253325 -0.134543 0.900194 0.30882 0.0339381 0.0587987 0.0553671 -0.0419472 0.340864
11.1848 0.212339 7.34459 0.33718 0.260776 -0.141498 0.893467 0.320359 0.0339381 0.0587987 0.0553671 -0.0419472 0.340864
11.2755 0.203782 7.28139 0.346598 0.268164 -0.148419 0.886527 0.331898 0.0339381 0.0587987 0.0553671 -0.0419472 0.340864
11.368 0.19492 7.21402 0.355933 0.275488 -0.155305 0.879374 0.343437 0.0339381 0.0587987 0.0553671 -0.0419472 0.340864
11.4623 0.185814 7.14238 0.365182 0.282746 -0.162153 0.872011 0.354976 0.0339381 0.0587987 0.0553671 -0.0419472 0.340864
11.5581 0.176528 7.06637 0.374345 0.289936 -0.168963 0.864439 0.366515 0.0339381 0.0587987 0.0553671 -0.0419472 0.340864
11.6553 0.167135 6.98589 0.383418 0.297057 -0.175732 0.85666 0.378054 0.0339381 0.0587987 0.0553671 -0.0419472 0.340864
11.7539 0.157713 6.90086 0.392399 0.304107 -0.182459 0.848676 0.389593 0.0339381 0.0587987 0.0553671 -0.0419472 0.340864
11.8501 0.149802 6.8153 0.368357 0.317254 -0.166227 0.857923 0.369497 -0.0591065 -0.098238 0.0374344 0.164342 0.340864
11.9406 0.144663 6.73333 0.343909 0.330052 -0.149813 0.866226 0.349401 -0.0591065 -0.098238 0.0374344 0.164342 0.340864
12.0253 0.141963 6.65498 0.319084 0.342487 -0.133233 0.873577 0.329304 -0.0591065 -0.098238 0.0374344 0.164342 0.340864
12.1041 0.141371 6.58032 0.293908 0.354545 -0.116507 0.879967 0.309208 -0.0591065 -0.098238 0.0374344 0.164342 0.340864
12.177 0.142563 6.50941 0.268408 0.366213 -0.099653 0.885389 0.289112 -0.0591065 -0.098238 0.0374344 0.164342 0.340864
12.244 0.145224 6.44234 0.242613 0.377479 -0.0826892 0.889838 0.269016 -0.0591065 -0.098238 0.0374344 0.164342 0.340864
12.3053 0.14905 6.37921 0.216552 0.388329 -0.0656345 0.893307 0.24892 -0.0591065 -0.098238 0.0374344 0.164342 0.340864
12.3511 0.153292 6.33076 0.229005 0.395558 -0.0577933 0.887553 0.144044 -0.308458 0.0934761 0.0363342 0.019744 0.340864
12.3722 0.15609 6.308 0.241389 0.402667 -0.0499347 0.881531 0.0391685 -0.308458 0.0934761 0.0363342 0.019744 0.340864
12.3947 0.160026 6.28263 0.242004 0.415261 -0.0455104 0.875741 0.161593 0.360071 0.0255909 0.0725579 0.0376677 0.340864
12.4431 0.169826 6.22525 0.242568 0.427766 -0.0410764 0.869764 0.284017 0.360071 0.0255909 0.0725579 0.0376677 0.340864
12.5159 0.18671 6.13469 0.24308 0.44018 -0.0366337 0.863604 0.406441 0.360071 0.0255909 0.0725579 0.0376677 0.340864
12.5953 0.207153 6.03043 0.264951 0.451445 -0.0479018 0.850708 0.3741 -0.0951192 0.102811 0.10203 -0.100559 0.340864
12.6655 0.22683 5.93299 0.286584 0.462304 -0.0591268 0.837047 0.34176 -0.0951192 0.102811 0.10203 -0.100559 0.340864
12.7269 0.245713 5.84283 0.30796 0.472748 -0.0702986 0.822635 0.309419 -0.0951192 0.102811 0.10203 -0.100559 0.340864
12.78 0.263728 5.76036 0.329058 0.482767 -0.0814073 0.807484 0.277079 -0.0951192 0.102811 0.10203 -0.100559 0.340864
12.8252 0.280758 5.68596 0.349861 0.492352 -0.0924429 0.791607 0.244738 -0.0951192 0.102811 0.10203 -0.100559 0.340864
12.863 0.296645 5.61998 0.37035 0.501495 -0.103395 0.775018 0.212398 -0.0951192 0.102811 0.10203 -0.100559 0.340864
12.894 0.311187 5.56273 0.390506 0.510187 -0.114255 0.757734 0.180057 -0.0951192 0.102811 0.10203 -0.100559 0.340864
12.9187 0.324145 5.51448 0.410311 0.518421 -0.125012 0.739768 0.147717 -0.0951192 0.102811 0.10203 -0.100559 0.340864
12.9456 0.337388 5.46358 0.425433 0.492111 -0.14046 0.746394 0.199748 0.153034 -0.0166493 -0.108552 -0.171998 0.340864
12.9839 0.352099 5.39869 0.440043 0.465209 -0.155739 0.752123 0.251779 0.153034 -0.0166493 -0.108552 -0.171998 0.340864
13.0348 0.366897 5.32056 0.454123 0.437748 -0.17083 0.756946 0.303811 0.153034 -0.0166493 -0.108552 -0.171998 0.340864
13.0996 0.380295 5.23002 0.467656 0.40976 -0.185716 0.760858 0.355842 0.153034 -0.0166493 -0.108552 -0.171998 0.340864
13.1791 0.390709 5.12797 0.480627 0.381278 -0.200378 0.763854 0.407874 0.153034 -0.0166493 -0.108552 -0.171998 0.340864
13.2742 0.396477 5.01538 0.49302 0.352338 -0.214799 0.765931 0.459905 0.153034 -0.0166493 -0.108552 -0.171998 0.340864
13.3483 0.398464 4.93005 0.486673 0.358049 -0.216448 0.766877 0.204774 -0.750385 -0.0275413 0.0365732 0.0234834 0.340864
13.4229 0.402924 4.83697 0.509648 0.381111 -0.227157 0.737165 0.497748 0.861689 0.195578 0.168077 -0.0685321 0.340864
13.5209 0.40978 4.70096 0.489218 0.398571 -0.246114 0.735687 0.489252 -0.0249888 -0.103345 0.163182 0.0139692 0.340864
13.6096 0.412166 4.562 0.468258 0.415598 -0.264804 0.733411 0.480756 -0.0249888 -0.103345 0.163182 0.0139692 0.340864
13.6891 0.410026 4.42085 0.44679 0.432175 -0.283207 0.730341 0.47226 -0.0249888 -0.103345 0.163182 0.0139692 0.340864
13.7593 0.403333 4.27826 0.424838 0.448284 -0.301303 0.726479 0.463764 -0.0249888 -0.103345 0.163182 0.0139692 0.340864
13.8205 0.392093 4.13495 0.402425 0.463907 -0.319072 0.721829 0.455267 -0.0249888 -0.103345 0.163182 0.0139692 0.340864
13.8727 0.376336 3.99166 0.379577 0.479027 -0.336496 0.716398 0.446771 -0.0249888 -0.103345 0.163182 0.0139692 0.340864
13.9161 0.356124 3.84906 0.356317 0.493628 -0.353555 0.71019 0.438275 -0.0249888 -0.103345 0.163182 0.0139692 0.340864
13.951 0.331545 3.70783 0.332671 0.507693 -0.37023 0.703212 0.429779 -0.0249888 -0.103345 0.163182 0.0139692 0.340864
13.9777 0.302711 3.5686 0.308664 0.521209 -0.386505 0.695472 0.421283 -0.0249888 -0.103345 0.163182 0.0139692 0.340864
13.9982 0.277581 3.44783 0.311565 0.528743 -0.367813 0.698621 0.314317 -0.314604 0.0805897 -0.0193695 0.0884193 0.340864
14.0148 0.259542 3.34573 0.315966 0.542256 -0.364581 0.687898 0.30344 -0.0319926 0.0770367 0.0734426 0.00116038 0.340864
14.0284 0.244734 3.24642 0.320264 0.555592 -0.361229 0.67695 0.292562 -0.0319926 0.0770367 0.0734426 0.00116038 0.340864
14.0391 0.232985 3.15011 0.324458 0.568747 -0.357759 0.66578 0.281685 -0.0319926 0.0770367 0.0734426 0.00116038 0.340864
14.0487 0.217437 3.03909 0.284456 0.573923 -0.364481 0.675907 0.380269 0.289954 -0.187641 0.0834264 0.138733 0.340864
14.0583 0.18867 2.89624 0.24395 0.57808 -0.370557 0.684835 0.478854 0.289954 -0.187641 0.0834264 0.138733 0.340864
14.0701 0.157831 2.73998 0.255986 0.586791 -0.332188 0.692674 0.460891 -0.052832 0.186752 -0.072881 0.143266 0.340864
14.0864 0.138432 2.58847 0.267574 0.594473 -0.293237 0.699298 0.442928 -0.052832 0.186752 -0.072881 0.143266 0.340864
14.1063 0.129925 2.44256 0.278691 0.601112 -0.253771 0.704696 0.424965 -0.052832 0.186752 -0.072881 0.143266 0.340864
14.129 0.131665 2.30301 0.28932 0.606696 -0.21386 0.708856 0.407002 -0.052832 0.186752 -0.072881 0.143266 0.340864
14.1538 0.142913 2.17046 0.299442 0.611216 -0.173574 0.711774 0.389039 -0.052832 0.186752 -0.072881 0.143266 0.340864
14.1797 0.16285 2.04549 0.309038 0.614663 -0.132983 0.713442 0.371077 -0.052832 0.186752 -0.072881 0.143266 0.340864
14.2063 0.19059 1.92855 0.318091 0.617033 -0.0921595 0.713859 0.353114 -0.052832 0.186752 -0.072881 0.143266 0.340864
14.2325 0.217671 1.82879 0.338175 0.59373 -0.107899 0.722136 0.274243 -0.231971 -0.000913154 -0.10935 -0.17814 0.340864
14.2548 0.235537 1.75867 0.339912 0.571532 -0.111237 0.738537 0.171324 -0.302704 -0.051005 -0.146057 -0.0540011 0.340864
14.2688 0.24429 1.72141 0.341384 0.548891 -0.11449 0.754366 0.0684044 -0.302704 -0.051005 -0.146057 -0.0540011 0.340864
14.2796 0.250809 1.69177 0.323922 0.578209 -0.116412 0.739727 0.121042 0.154815 -0.0345637 0.193029 0.096888 0.340864
14.293 0.260901 1.64458 0.306012 0.606728 -0.118175 0.724066 0.173679 0.154815 -0.0345637 0.193029 0.096888 0.340864
14.3066 0.274364 1.57934 0.287679 0.634409 -0.119773 0.707404 0.226316 0.154815 -0.0345637 0.193029 0.096888 0.340864
14.3178 0.290863 1.49581 0.268948 0.661212 -0.121206 0.689764 0.278953 0.154815 -0.0345637 0.193029 0.096888 0.340864
14.324 0.309936 1.394 0.249846 0.687101 -0.122472 0.671171 0.33159 0.154815 -0.0345637 0.193029 0.096888 0.340864
14.3228 0.330994 1.27418 0.230397 0.71204 -0.123568 0.651649 0.384227 0.154815 -0.0345637 0.193029 0.096888 0.340864
14.318 0.347401 1.15865 0.190348 0.709962 -0.118759 0.667546 0.302814 -0.239449 -0.156481 -0.0519715 0.194979 0.340864
14.3149 0.354413 1.10455 0.180509 0.734802 -0.0829364 0.64854 0.0186653 -0.835732 0.149662 0.143737 0.196371 0.340864
14.3141 0.355895 1.09339 0.166956 0.720593 -0.0968424 0.665953 0.0477131 0.0854346 -0.137254 -0.108114 -0.00106098 0.340864
14.3133 0.357728 1.07233 0.153255 0.705748 -0.110663 0.682779 0.0767609 0.0854346 -0.137254 -0.108114 -0.00106098 0.340864
14.3132 0.358991 1.04133 0.139419 0.69028 -0.124386 0.699002 0.105809 0.0854346 -0.137254 -0.108114 -0.00106098 0.340864
14.3147 0.358758 1.00044 0.12546 0.674203 -0.137999 0.714609 0.134856 0.0854346 -0.137254 -0.108114 -0.00106098 0.340864
14.3183 0.356113 0.949862 0.111391 0.657531 -0.151491 0.729586 0.163904 0.0854346 -0.137254 -0.108114 -0.00106098 0.340864
14.3249 0.350148 0.889857 0.0972232 0.64028 -0.164848 0.743918 0.192952 0.0854346 -0.137254 -0.108114 -0.00106098 0.340864
14.3358 0.33985 0.821949 0.0945437 0.608897 -0.189398 0.764483 0.216274 0.0685936 -0.146429 -0.198216 -0.0953736 0.340864
14.3526 0.324185 0.747951 0.0916734 0.576285 -0.213565 0.783506 0.239596 0.0685936 -0.146429 -0.198216 -0.0953736 0.340864
14.3631 0.314411 0.70463 0.0904018 0.600697 -0.193129 0.770514 0.0288475 -0.619848 0.101108 0.147162 0.0953566 0.340864
14.3647 0.312519 0.696387 0.067521 0.60762 -0.22074 0.759942 0.0217861 -0.0207688 -0.187826 0.109435 -0.052633 0.340864
14.3656 0.310762 0.690504 0.0445426 0.613665 -0.248031 0.748272 0.0147247 -0.0207688 -0.187826 0.109435 -0.052633 0.340864
14.366 0.309452 0.686955 0.0214997 0.618823 -0.274964 0.735521 0.00766336 -0.0207688 -0.187826 0.109435 -0.052633 0.340864
