0 0 0 0 0 0 1 4.67408e-310 0 0 0 0 0
0.0152028 -0.000479338 -0.000143624 0.0219038 0.00669262 -0.0237488 0.999456 0.0894825 0.263184 0.128869 0.0393755 -0.139724 0.340864
0.0607 -0.00381185 -0.0012108 0.0437837 0.013378 -0.0474718 0.997823 0.178965 0.263184 0.128869 0.0393755 -0.139724 0.340864
0.136159 -0.0127768 -0.00429122 0.065616 0.0200487 -0.0711431 0.995104 0.268447 0.263184 0.128869 0.0393755 -0.139724 0.340864
0.24103 -0.0300505 -0.0106475 0.0873768 0.0266977 -0.0947369 0.991301 0.35793 0.263184 0.128869 0.0393755 -0.139724 0.340864
0.361942 -0.0530572 -0.0202764 0.117042 0.031973 -0.0996464 0.987598 0.368299 0.0304982 0.177083 0.0173374 -0.0326441 0.340864
0.485975 -0.0774376 -0.0323594 0.146596 0.0372181 -0.104462 0.982961 0.378669 0.0304982 0.177083 0.0173374 -0.0326441 0.340864
0.61309 -0.103092 -0.0470553 0.176012 0.042428 -0.109178 0.977394 0.389038 0.0304982 0.177083 0.0173374 -0.0326441 0.340864
0.743248 -0.129906 -0.0645177 0.205262 0.0475978 -0.113791 0.970903 0.399407 0.0304982 0.177083 0.0173374 -0.0326441 0.340864
0.87641 -0.157752 -0.0848929 0.234317 0.0527226 -0.118297 0.963495 0.409777 0.0304982 0.177083 0.0173374 -0.0326441 0.340864
1.01254 -0.186492 -0.10832 0.263151 0.0577975 -0.122691 0.955174 0.420146 0.0304982 0.177083 0.0173374 -0.0326441 0.340864
1.15159 -0.215972 -0.134928 0.291736 0.0628178 -0.126968 0.945951 0.430516 0.0304982 0.177083 0.0173374 -0.0326441 0.340864
1.26395 -0.237014 -0.155291 0.262725 0.0546656 -0.0952935 0.958596 0.252613 -0.523244 -0.177575 -0.0827528 0.182489 0.340864
1.34359 -0.249261 -0.170888 0.285955 0.0882702 -0.102281 0.948671 0.230294 -0.065644 0.162968 0.190517 -0.000503866 0.340864
1.41478 -0.259459 -0.19028 0.308666 0.121714 -0.109084 0.937023 0.207975 -0.065644 0.162968 0.190517 -0.000503866 0.340864
1.47745 -0.267538 -0.212273 0.330816 0.154938 -0.115688 0.923673 0.185656 -0.065644 0.162968 0.190517 -0.000503866 0.340864
1.53162 -0.273522 -0.235688 0.352365 0.187879 -0.122082 0.908645 0.163337 -0.065644 0.162968 0.190517 -0.000503866 0.340864
1.57743 -0.277528 -0.259374 0.373275 0.22048 -0.128254 0.891967 0.141018 -0.065644 0.162968 0.190517 -0.000503866 0.340864
1.61513 -0.279761 -0.282227 0.393506 0.25268 -0.134194 0.873669 0.118699 -0.065644 0.162968 0.190517 -0.000503866 0.340864
1.64506 -0.280513 -0.303199 0.413023 0.284421 -0.139889 0.853784 0.0963798 -0.065644 0.162968 0.190517 -0.000503866 0.340864
1.6954 -0.279661 -0.33925 0.392169 0.277212 -0.1094 0.870281 0.267882 0.504417 -0.0997612 -0.120753 0.184124 0.340864
1.76974 -0.276027 -0.389904 0.400203 0.276114 -0.096254 0.868524 0.26177 -0.0179766 0.0659151 -0.0382547 0.050538 0.340864
1.84293 -0.270125 -0.438335 0.408141 0.27495 -0.0830843 0.866557 0.255657 -0.0179766 0.0659151 -0.0382547 0.050538 0.340864
1.91488 -0.262084 -0.484534 0.415979 0.273718 -0.0698946 0.864381 0.249545 -0.0179766 0.0659151 -0.0382547 0.050538 0.340864
1.98551 -0.252029 -0.528499 0.423718 0.272421 -0.056688 0.861996 0.243433 -0.0179766 0.0659151 -0.0382547 0.050538 0.340864
2.05476 -0.240089 -0.570231 0.431353 0.271058 -0.0434677 0.859402 0.237321 -0.0179766 0.0659151 -0.0382547 0.050538 0.340864
2.12599 -0.227174 -0.61452 0.403503 0.287677 -0.0502282 0.867124 0.261927 0.0723694 -0.166946 0.095998 0.0543844 0.340864
2.20235 -0.21441 -0.666462 0.375186 0.303964 -0.0569305 0.873842 0.286533 0.0723694 -0.166946 0.095998 0.0543844 0.340864
2.28342 -0.202292 -0.726483 0.346435 0.319899 -0.063567 0.879549 0.311138 0.0723694 -0.166946 0.095998 0.0543844 0.340864
2.36877 -0.191363 -0.794954 0.317282 0.335464 -0.0701299 0.884239 0.335744 0.0723694 -0.166946 0.095998 0.0543844 0.340864
2.45795 -0.182211 -0.87218 0.287763 0.35064 -0.0766116 0.887905 0.360349 0.0723694 -0.166946 0.095998 0.0543844 0.340864
2.55053 -0.175467 -0.958405 0.257911 0.365411 -0.0830048 0.890543 0.384955 0.0723694 -0.166946 0.095998 0.0543844 0.340864
2.64606 -0.171798 -1.0538 0.22776 0.379759 -0.0893018 0.892151 0.409561 0.0723694 -0.166946 0.095998 0.0543844 0.340864
2.74411 -0.171904 -1.15847 0.197346 0.393667 -0.0954955 0.892727 0.434166 0.0723694 -0.166946 0.095998 0.0543844 0.340864
2.84426 -0.17651 -1.27244 0.166703 0.40712 -0.101579 0.89227 0.458772 0.0723694 -0.166946 0.095998 0.0543844 0.340864
2.94609 -0.186361 -1.39565 0.135867 0.420102 -0.107544 0.89078 0.483377 0.0723694 -0.166946 0.095998 0.0543844 0.340864
3.04314 -0.201247 -1.51416 0.106425 0.410275 -0.113521 0.898588 0.421974 -0.180597 -0.181529 -0.047392 0.0385346 0.340864
3.12886 -0.219246 -1.61428 0.0768709 0.400014 -0.119376 0.905444 0.360571 -0.180597 -0.181529 -0.047392 0.0385346 0.340864
3.20269 -0.238596 -1.69645 0.0472347 0.389329 -0.125106 0.91134 0.299168 -0.180597 -0.181529 -0.047392 0.0385346 0.340864
3.26406 -0.257601 -1.76128 0.0175485 0.37823 -0.130703 0.91627 0.237765 -0.180597 -0.181529 -0.047392 0.0385346 0.340864
3.31239 -0.274653 -1.80954 -0.0121562 0.366731 -0.136161 0.920229 0.176362 -0.180597 -0.181529 -0.047392 0.0385346 0.340864
3.34673 -0.286242 -1.8415 -0.0225697 0.351622 -0.10774 0.929648 0.107938 -0.201246 -0.00648917 -0.0917568 0.18497 0.340864
3.36536 -0.291183 -1.85751 -0.0329552 0.336078 -0.079187 0.937921 0.0395147 -0.201246 -0.00648917 -0.0917568 0.18497 0.340864
3.37476 -0.293188 -1.86559 -0.0478686 0.358748 -0.0613422 0.930186 0.0343272 -0.0152574 -0.0379488 0.150796 0.119961 0.340864
3.38254 -0.29468 -1.87291 -0.0627287 0.381017 -0.0434289 0.921415 0.0291397 -0.0152574 -0.0379488 0.150796 0.119961 0.340864
3.38878 -0.29575 -1.87935 -0.0775189 0.402862 -0.0254673 0.911616 0.0239522 -0.0152574 -0.0379488 0.150796 0.119961 0.340864
3.39763 -0.296624 -1.88948 -0.058326 0.423133 0.0102737 0.90413 0.0554081 0.0925173 0.187308 0.139916 0.135859 0.340864
3.41267 -0.296348 -1.90841 -0.0390099 0.442511 0.045993 0.894733 0.0868639 0.0925173 0.187308 0.139916 0.135859 0.340864
3.43298 -0.293244 -1.93658 -0.0196114 0.460953 0.0816151 0.883446 0.11832 0.0925173 0.187308 0.139916 0.135859 0.340864
3.45749 -0.285656 -1.97423 -0.000171431 0.478421 0.117065 0.870292 0.149776 0.0925173 0.187308 0.139916 0.135859 0.340864
3.47783 -0.277588 -2.00798 -0.00580106 0.488719 0.117222 0.864511 0.0867891 -0.185255 -0.0354765 0.0651147 0.0206183 0.340864
3.48698 -0.273936 -2.02399 -0.0114297 0.498933 0.117359 0.858581 0.0238025 -0.185255 -0.0354765 0.0651147 0.0206183 0.340864
3.50514 -0.266427 -2.05783 0.00272433 0.508626 0.111393 0.853747 0.206421 0.537114 0.0469625 0.0725124 -0.0689889 0.340864
3.53241 -0.251815 -2.113 0.0174136 0.52586 0.151124 0.836857 0.165791 -0.1195 0.181691 0.146135 0.16699 0.340864
3.55083 -0.236612 -2.15629 0.0320615 0.541846 0.190495 0.817977 0.125161 -0.1195 0.181691 0.146135 0.16699 0.340864
3.56189 -0.223064 -2.18734 0.0466333 0.556543 0.229414 0.797154 0.0845309 -0.1195 0.181691 0.146135 0.16699 0.340864
3.56724 -0.213284 -2.2061 0.0610941 0.569917 0.267787 0.774436 0.0439008 -0.1195 0.181691 0.146135 0.16699 0.340864
3.57108 -0.203093 -2.22447 0.0701205 0.596413 0.256005 0.75752 0.0817101 0.111204 -0.0340435 0.195907 -0.0477738 0.340864
3.57555 -0.187188 -2.25442 0.0790621 0.622188 0.243914 0.739687 0.119519 0.111204 -0.0340435 0.195907 -0.0477738 0.340864
3.5793 -0.165863 -2.2962 0.0879081 0.647211 0.231528 0.720961 0.157329 0.111204 -0.0340435 0.195907 -0.0477738 0.340864
3.58097 -0.139381 -2.34992 0.0966479 0.671452 0.218862 0.701364 0.195138 0.111204 -0.0340435 0.195907 -0.0477738 0.340864
3.58185 -0.10774 -2.41584 0.0700441 0.658299 0.2368 0.711099 0.235022 0.117306 -0.0275127 -0.137197 0.15911 0.340864
3.58454 -0.0708607 -2.49424 0.0433495 0.644292 0.254432 0.719912 0.274906 0.117306 -0.0275127 -0.137197 0.15911 0.340864
3.58559 -0.0298195 -2.58582 0.0368882 0.669092 0.247654 0.69973 0.315572 0.119607 -0.0850375 0.173603 0.03232 0.340864
3.58011 0.0138246 -2.6912 0.030386 0.69315 0.240601 0.678772 0.356239 0.119607 -0.0850375 0.173603 0.03232 0.340864
3.56647 0.0592196 -2.81011 0.02385 0.716438 0.233281 0.65706 0.396905 0.119607 -0.0850375 0.173603 0.03232 0.340864
3.54304 0.105494 -2.94212 0.0172876 0.738931 0.225702 0.634618 0.437571 0.119607 -0.0850375 0.173603 0.03232 0.340864
3.51218 0.152706 -3.07083 0.0505591 0.754179 0.232361 0.6121 0.389257 -0.142101 0.135239 0.198355 -0.0883417 0.340864
3.47875 0.200439 -3.1804 0.0837351 0.768 0.238581 0.588425 0.340942 -0.142101 0.135239 0.198355 -0.0883417 0.340864
3.4448 0.247073 -3.27133 0.116753 0.780369 0.24435 0.563637 0.292628 -0.142101 0.135239 0.198355 -0.0883417 0.340864
3.40749 0.296774 -3.36399 0.129064 0.790109 0.204114 0.56339 0.363663 0.208926 -0.157762 0.0787783 -0.182932 0.340864
3.36272 0.353948 -3.47864 0.141135 0.798374 0.163496 0.562093 0.434698 0.208926 -0.157762 0.0787783 -0.182932 0.340864
3.32338 0.406152 -3.58575 0.122889 0.779975 0.200349 0.579997 0.303452 -0.386017 0.115621 -0.193139 0.175115 0.340864
3.28537 0.456016 -3.6914 0.11962 0.79354 0.17494 0.570422 0.419286 0.340686 -0.136821 0.104742 -0.0506112 0.340864
3.24323 0.512415 -3.81092 0.109603 0.772206 0.217213 0.586945 0.39675 -0.0662804 0.174119 -0.188846 0.156656 0.340864
3.20768 0.570354 -3.92296 0.0992992 0.748852 0.258918 0.601932 0.374215 -0.0662804 0.174119 -0.188846 0.156656 0.340864
3.17792 0.62943 -4.02712 0.0887359 0.723539 0.299946 0.615345 0.35168 -0.0662804 0.174119 -0.188846 0.156656 0.340864
3.15315 0.68917 -4.12309 0.0779405 0.696334 0.340189 0.627148 0.329144 -0.0662804 0.174119 -0.188846 0.156656 0.340864
3.13264 0.749041 -4.21069 0.0669412 0.667308 0.379543 0.637312 0.306609 -0.0662804 0.174119 -0.188846 0.156656 0.340864
3.11567 0.808461 -4.28983 0.0557669 0.636536 0.417904 0.645808 0.284074 -0.0662804 0.174119 -0.188846 0.156656 0.340864
3.10159 0.866812 -4.36053 0.0444467 0.6041 0.455172 0.652615 0.261538 -0.0662804 0.174119 -0.188846 0.156656 0.340864
3.08983 0.923454 -4.42292 0.0330103 0.570084 0.491249 0.657715 0.239003 -0.0662804 0.174119 -0.188846 0.156656 0.340864
3.07747 0.976941 -4.47702 0.056472 0.584459 0.502816 0.634345 0.214451 -0.0722105 0.09258 0.199586 0.0364075 0.340864
3.0644 1.02203 -4.52259 0.0262971 0.586488 0.511394 0.627548 0.170435 -0.129461 -0.0868622 -0.0611701 0.156555 0.340864
3.05327 1.05519 -4.55896 -0.00390501 0.58791 0.519443 0.620101 0.126418 -0.129461 -0.0868622 -0.0611701 0.156555 0.340864
3.04477 1.07733 -4.58537 -0.0341031 0.588724 0.526955 0.612013 0.0824015 -0.129461 -0.0868622 -0.0611701 0.156555 0.340864
3.03953 1.08942 -4.60111 -0.0642658 0.588928 0.533921 0.603292 0.0383848 -0.129461 -0.0868622 -0.0611701 0.156555 0.340864
3.025 1.12048 -4.64543 -0.0660654 0.601857 0.51582 0.60608 0.291228 0.743656 -0.108654 0.0237293 -0.0716533 0.340864
3.00598 1.16536 -4.70709 -0.0368017 0.586736 0.517421 0.621822 0.171223 -0.352957 0.162033 -0.0202314 -0.139815 0.340864
2.99805 1.18887 -4.73562 -0.00748881 0.570831 0.518331 0.636733 0.051217 -0.352957 0.162033 -0.0202314 -0.139815 0.340864
2.9917 1.21337 -4.76165 -0.00545172 0.54009 0.539321 0.64607 0.162405 0.327022 0.172292 -0.139387 0.0446759 0.340864
2.98035 1.26612 -4.81246 -0.00340659 0.508552 0.559514 0.654452 0.273592 0.327022 0.172292 -0.139387 0.0446759 0.340864
2.96548 1.34986 -4.8852 -0.00135642 0.476263 0.578881 0.661868 0.38478 0.327022 0.172292 -0.139387 0.0446759 0.340864
2.9483 1.46708 -4.97671 0.000695753 0.44327 0.597393 0.668306 0.495967 0.327022 0.172292 -0.139387 0.0446759 0.340864
2.93381 1.59867 -5.06906 0.0100022 0.413685 0.604259 0.680908 0.453677 -0.124383 0.158431 -0.116512 -0.0416899 0.340864
2.92554 1.72306 -5.14703 0.019297 0.383617 0.610419 0.692715 0.411387 -0.124383 0.158431 -0.116512 -0.0416899 0.340864
2.92237 1.83899 -5.21145 0.0285692 0.353101 0.615866 0.703713 0.369096 -0.124383 0.158431 -0.116512 -0.0416899 0.340864
2.92319 1.94531 -5.26328 0.0378081 0.322172 0.620594 0.713889 0.326806 -0.124383 0.158431 -0.116512 -0.0416899 0.340864
2.92695 2.04099 -5.30363 0.0470029 0.290868 0.624598 0.723232 0.284516 -0.124383 0.158431 -0.116512 -0.0416899 0.340864
2.93062 2.1337 -5.33902 0.068654 0.306576 0.627817 0.71214 0.299635 0.0444672 0.0429777 0.164488 0.0217507 0.340864
2.93171 2.23177 -5.37494 0.090247 0.322024 0.630504 0.700444 0.314754 0.0444672 0.0429777 0.164488 0.0217507 0.340864
2.93003 2.33519 -5.41111 0.111763 0.337199 0.632655 0.688152 0.329872 0.0444672 0.0429777 0.164488 0.0217507 0.340864
2.92539 2.44399 -5.44721 0.133185 0.352087 0.634269 0.675277 0.344991 0.0444672 0.0429777 0.164488 0.0217507 0.340864
2.91766 2.55815 -5.48292 0.154493 0.366677 0.635345 0.661829 0.36011 0.0444672 0.0429777 0.164488 0.0217507 0.340864
2.90669 2.67766 -5.51787 0.17567 0.380955 0.635881 0.647818 0.375229 0.0444672 0.0429777 0.164488 0.0217507 0.340864
2.89238 2.80251 -5.55173 0.196698 0.39491 0.635877 0.633258 0.390348 0.0444672 0.0429777 0.164488 0.0217507 0.340864
2.87466 2.93266 -5.58411 0.217559 0.40853 0.635334 0.61816 0.405467 0.0444672 0.0429777 0.164488 0.0217507 0.340864
2.85347 3.06807 -5.61464 0.238236 0.421803 0.634251 0.602537 0.420585 0.0444672 0.0429777 0.164488 0.0217507 0.340864
2.83185 3.18996 -5.63991 0.218632 0.400302 0.656674 0.600615 0.322605 -0.288178 0.0690796 -0.176039 0.105177 0.340864
2.81382 3.27952 -5.65744 0.198732 0.378259 0.678207 0.59788 0.224625 -0.288178 0.0690796 -0.176039 0.105177 0.340864
2.79826 3.36182 -5.67374 0.218334 0.39592 0.650705 0.61005 0.277333 0.155025 -0.0769634 0.145423 -0.168287 0.340864
2.78411 3.4618 -5.69524 0.237585 0.412948 0.622161 0.621243 0.330042 0.155025 -0.0769634 0.145423 -0.168287 0.340864
2.7729 3.57924 -5.72286 0.256457 0.429314 0.592622 0.631442 0.38275 0.155025 -0.0769634 0.145423 -0.168287 0.340864
2.76609 3.71374 -5.75759 0.274918 0.444994 0.562134 0.64063 0.435459 0.155025 -0.0769634 0.145423 -0.168287 0.340864
2.76503 3.86475 -5.80054 0.292939 0.459961 0.530746 0.648793 0.488167 0.155025 -0.0769634 0.145423 -0.168287 0.340864
2.77128 4.01939 -5.84957 0.270921 0.443017 0.521248 0.677229 0.466991 -0.0622817 -0.10586 -0.194031 -0.0946747 0.340864
2.78521 4.16509 -5.90106 0.24845 0.425333 0.510879 0.704533 0.445816 -0.0622817 -0.10586 -0.194031 -0.0946747 0.340864
2.80631 4.30164 -5.95397 0.225564 0.406939 0.499657 0.73066 0.42464 -0.0622817 -0.10586 -0.194031 -0.0946747 0.340864
2.83394 4.42891 -6.00737 0.202301 0.387865 0.4876 0.755567 0.403464 -0.0622817 -0.10586 -0.194031 -0.0946747 0.340864
2.86742 4.54684 -6.06037 0.1787 0.368143 0.474728 0.779211 0.382288 -0.0622817 -0.10586 -0.194031 -0.0946747 0.340864
2.88724 4.61449 -6.09285 0.156678 0.388409 0.48946 0.764866 0.0743885 -0.905587 -0.110575 0.0469859 0.176615 0.340864
2.89866 4.65309 -6.11241 0.163687 0.374643 0.467605 0.783706 0.188905 0.336813 0.00387199 -0.0646656 -0.181307 0.340864
2.92505 4.72388 -6.1484 0.170521 0.360477 0.445249 0.801706 0.303421 0.336813 0.00387199 -0.0646656 -0.181307 0.340864
2.96055 4.80361 -6.18945 0.186192 0.357195 0.419304 0.81359 0.263987 -0.115984 0.015568 0.0263958 -0.190035 0.340864
2.99515 4.87035 -6.22473 0.201664 0.35353 0.39291 0.824603 0.224552 -0.115984 0.015568 0.0263958 -0.190035 0.340864
3.02746 4.92449 -6.2543 0.21692 0.349487 0.366096 0.834733 0.185117 -0.115984 0.015568 0.0263958 -0.190035 0.340864
3.0561 4.96657 -6.27819 0.231944 0.345069 0.338889 0.843969 0.145683 -0.115984 0.015568 0.0263958 -0.190035 0.340864
3.07976 4.99725 -6.29642 0.246719 0.340283 0.31132 0.852301 0.106248 -0.115984 0.015568 0.0263958 -0.190035 0.340864
3.09721 5.01732 -6.30899 0.26123 0.335131 0.283417 0.859721 0.0668132 -0.115984 0.015568 0.0263958 -0.190035 0.340864
3.11564 5.03659 -6.32233 0.268608 0.350688 0.258532 0.859086 0.10856 0.122784 -0.0367132 0.130485 -0.115445 0.340864
3.14301 5.06373 -6.34355 0.275739 0.365924 0.23341 0.857664 0.150307 0.122784 -0.0367132 0.130485 -0.115445 0.340864
3.1793 5.09784 -6.37365 0.282618 0.380824 0.208075 0.855456 0.192053 0.122784 -0.0367132 0.130485 -0.115445 0.340864
3.22435 5.13803 -6.4136 0.289238 0.395376 0.182548 0.852464 0.2338 0.122784 -0.0367132 0.130485 -0.115445 0.340864
3.27788 5.18338 -6.46434 0.295593 0.409565 0.156855 0.848692 0.275547 0.122784 -0.0367132 0.130485 -0.115445 0.340864
3.33949 5.23298 -6.52678 0.301677 0.423379 0.131017 0.844142 0.317293 0.122784 -0.0367132 0.130485 -0.115445 0.340864
3.40869 5.28591 -6.60179 0.307485 0.436806 0.10506 0.838818 0.35904 0.122784 -0.0367132 0.130485 -0.115445 0.340864
3.48486 5.34129 -6.69018 0.313011 0.449832 0.0790065 0.832727 0.400787 0.122784 -0.0367132 0.130485 -0.115445 0.340864
3.56225 5.39609 -6.7866 0.288083 0.461582 0.0783571 0.83535 0.394744 -0.0177731 -0.134133 0.0402306 0.0832055 0.340864
3.63779 5.44409 -6.88009 0.280957 0.44043 0.0566241 0.85081 0.366748 -0.0823393 -0.1105 -0.112389 -0.130438 0.340864
3.7129 5.48212 -6.96548 0.27349 0.418746 0.0348226 0.865241 0.338753 -0.0823393 -0.1105 -0.112389 -0.130438 0.340864
3.78644 5.51104 -7.04257 0.265693 0.396556 0.012979 0.878625 0.310758 -0.0823393 -0.1105 -0.112389 -0.130438 0.340864
3.85734 5.53179 -7.11126 0.257574 0.373885 -0.0088803 0.890947 0.282762 -0.0823393 -0.1105 -0.112389 -0.130438 0.340864
3.92461 5.54537 -7.17157 0.249144 0.350763 -0.0307289 0.902191 0.254767 -0.0823393 -0.1105 -0.112389 -0.130438 0.340864
3.98572 5.55585 -7.22501 0.280744 0.358039 -0.0358712 0.889778 0.226724 -0.082479 0.176636 0.0660624 -0.0840893 0.340864
4.03893 5.56643 -7.27282 0.311999 0.364873 -0.0409693 0.876268 0.198681 -0.082479 0.176636 0.0660624 -0.0840893 0.340864
4.08447 5.5768 -7.31478 0.342869 0.371258 -0.0460169 0.861679 0.170638 -0.082479 0.176636 0.0660624 -0.0840893 0.340864
4.13278 5.5898 -7.35816 0.371838 0.360607 -0.0309822 0.854833 0.218924 0.142017 0.190635 -0.0772163 -0.0103962 0.340864
4.19451 5.60921 -7.40955 0.400352 0.349514 -0.0159095 0.846939 0.26721 0.142017 0.190635 -0.0772163 -0.0103962 0.340864
4.27016 5.63608 -7.46757 0.428375 0.337993 -0.000817341 0.838007 0.315495 0.142017 0.190635 -0.0772163 -0.0103962 0.340864
4.36017 5.67132 -7.53071 0.455872 0.326057 0.0142758 0.828048 0.363781 0.142017 0.190635 -0.0772163 -0.0103962 0.340864
4.46495 5.7157 -7.59737 0.482812 0.313722 0.0293515 0.817074 0.412067 0.142017 0.190635 -0.0772163 -0.0103962 0.340864
4.57474 5.7657 -7.66195 0.473835 0.309556 0.0527736 0.822721 0.392875 -0.0564445 -0.0152417 -0.0985239 0.116347 0.340864
4.67933 5.81715 -7.7202 0.464537 0.305181 0.0761599 0.82781 0.373684 -0.0564445 -0.0152417 -0.0985239 0.116347 0.340864
4.77848 5.86967 -7.77247 0.454924 0.300598 0.0994945 0.832338 0.354493 -0.0564445 -0.0152417 -0.0985239 0.116347 0.340864
4.87199 5.92287 -7.81912 0.445002 0.295811 0.122762 0.8363 0.335302 -0.0564445 -0.0152417 -0.0985239 0.116347 0.340864
4.96222 5.97612 -7.85879 0.450084 0.268345 0.142947 0.839632 0.323808 -0.0338065 0.0712517 -0.190123 0.0161584 0.340864
5.05126 6.02883 -7.89012 0.454626 0.240557 0.162961 0.841957 0.312314 -0.0338065 0.0712517 -0.190123 0.0161584 0.340864
5.13854 6.08076 -7.91348 0.458623 0.212481 0.18278 0.843272 0.300819 -0.0338065 0.0712517 -0.190123 0.0161584 0.340864
5.22351 6.13168 -7.92928 0.462071 0.184149 0.20238 0.843577 0.289325 -0.0338065 0.0712517 -0.190123 0.0161584 0.340864
5.29767 6.17955 -7.93773 0.470536 0.176583 0.242721 0.82976 0.232444 -0.167296 0.132313 -0.122191 0.186952 0.340864
5.35336 6.22078 -7.94023 0.478085 0.168672 0.282589 0.814327 0.175564 -0.167296 0.132313 -0.122191 0.186952 0.340864
5.39996 6.26032 -7.94043 0.498625 0.192934 0.303721 0.788608 0.183983 0.0247612 0.151408 0.116489 0.1919 0.340864
5.43559 6.29462 -7.93923 0.494816 0.184668 0.345088 0.775867 0.107116 -0.226079 0.081438 -0.152069 0.1948 0.340864
5.46117 6.32046 -7.9384 0.489522 0.205053 0.318928 0.785243 0.106875 -0.000707426 -0.121272 0.14828 -0.0733552 0.340864
5.48732 6.34558 -7.93994 0.483634 0.225189 0.29238 0.793664 0.106635 -0.000707426 -0.121272 0.14828 -0.0733552 0.340864
5.51389 6.36987 -7.94381 0.477157 0.245051 0.265476 0.80112 0.106394 -0.000707426 -0.121272 0.14828 -0.0733552 0.340864
5.54073 6.39324 -7.95 0.4701 0.264615 0.23825 0.807602 0.106154 -0.000707426 -0.121272 0.14828 -0.0733552 0.340864
5.56772 6.41557 -7.95848 0.462472 0.283858 0.210734 0.813103 0.105913 -0.000707426 -0.121272 0.14828 -0.0733552 0.340864
5.59431 6.43844 -7.96733 0.465823 0.281978 0.246601 0.801676 0.10691 0.00293103 0.109359 -0.0833481 0.175048 0.340864
5.61996 6.46338 -7.97462 0.468507 0.279695 0.282115 0.789102 0.107906 0.00293103 0.109359 -0.0833481 0.175048 0.340864
5.64447 6.4903 -7.9803 0.470521 0.277012 0.317225 0.775398 0.108903 0.00293103 0.109359 -0.0833481 0.175048 0.340864
5.66768 6.51908 -7.98431 0.471861 0.273932 0.351881 0.760584 0.109899 0.00293103 0.109359 -0.0833481 0.175048 0.340864
5.68942 6.54958 -7.98661 0.472525 0.27046 0.386033 0.744681 0.110896 0.00293103 0.109359 -0.0833481 0.175048 0.340864
5.70953 6.58166 -7.98717 0.472513 0.2666 0.419632 0.727712 0.111892 0.00293103 0.109359 -0.0833481 0.175048 0.340864
5.72785 6.61516 -7.98596 0.471824 0.262359 0.452631 0.7097 0.112889 0.00293103 0.109359 -0.0833481 0.175048 0.340864
5.74885 6.654 -7.98183 0.494825 0.224962 0.451079 0.707861 0.148055 0.103428 0.198367 -0.0877654 -0.140915 0.340864
5.7776 6.7015 -7.97252 0.516869 0.18713 0.448656 0.704653 0.18322 0.103428 0.198367 -0.0877654 -0.140915 0.340864
5.80891 6.74766 -7.9609 0.50869 0.160425 0.433614 0.726276 0.151949 -0.0919735 -0.0457375 -0.110377 -0.191651 0.340864
5.8364 6.78364 -7.95104 0.49976 0.133483 0.417934 0.746829 0.120678 -0.0919735 -0.0457375 -0.110377 -0.191651 0.340864
5.85905 6.81006 -7.94304 0.490094 0.106345 0.401637 0.766281 0.0894072 -0.0919735 -0.0457375 -0.110377 -0.191651 0.340864
5.88464 6.83613 -7.93476 0.507185 0.104445 0.367822 0.772374 0.130938 0.122149 0.0428209 0.125516 -0.183033 0.340864
5.92247 6.8696 -7.92442 0.523528 0.10239 0.333465 0.777327 0.172468 0.122149 0.0428209 0.125516 -0.183033 0.340864
5.97374 6.90898 -7.91275 0.539097 0.100184 0.298614 0.781132 0.213999 0.122149 0.0428209 0.125516 -0.183033 0.340864
6.03942 6.95266 -7.90064 0.553871 0.0978301 0.263323 0.783784 0.25553 0.122149 0.0428209 0.125516 -0.183033 0.340864
6.1203 6.99896 -7.88905 0.567827 0.0953318 0.227644 0.785279 0.29706 0.122149 0.0428209 0.125516 -0.183033 0.340864
6.21696 7.04616 -7.87903 0.580945 0.0926928 0.191628 0.785615 0.338591 0.122149 0.0428209 0.125516 -0.183033 0.340864
6.32976 7.09249 -7.87171 0.593205 0.089917 0.155329 0.78479 0.380121 0.122149 0.0428209 0.125516 -0.183033 0.340864
6.45879 7.13616 -7.86829 0.604589 0.0870084 0.118801 0.782808 0.421652 0.122149 0.0428209 0.125516 -0.183033 0.340864
6.60397 7.1754 -7.87 0.615081 0.0839713 0.0820976 0.779669 0.463183 0.122149 0.0428209 0.125516 -0.183033 0.340864
6.72777 7.20197 -7.87635 0.640132 0.0881736 0.0469211 0.761745 0.282712 -0.530795 0.160399 0.167559 -0.149898 0.340864
6.792 7.21279 -7.8825 0.663772 0.0921815 0.0116412 0.742141 0.102242 -0.530795 0.160399 0.167559 -0.149898 0.340864
6.82822 7.21675 -7.88608 0.675291 0.0540344 0.00299674 0.735563 0.113139 0.0320502 0.073918 -0.128461 -0.192535 0.340864
6.86843 7.21856 -7.88821 0.685658 0.0157952 -0.00565284 0.72773 0.124036 0.0320502 0.073918 -0.128461 -0.192535 0.340864
6.91243 7.2177 -7.88859 0.694856 -0.022471 -0.0142928 0.718656 0.134933 0.0320502 0.073918 -0.128461 -0.192535 0.340864
6.95995 7.21364 -7.88699 0.702868 -0.0606989 -0.0229083 0.708355 0.14583 0.0320502 0.073918 -0.128461 -0.192535 0.340864
7.01064 7.20585 -7.88319 0.709681 -0.0988232 -0.0314848 0.696847 0.156727 0.0320502 0.073918 -0.128461 -0.192535 0.340864
7.06409 7.19385 -7.87702 0.715284 -0.136779 -0.0400076 0.684149 0.167624 0.0320502 0.073918 -0.128461 -0.192535 0.340864
7.11983 7.17716 -7.86834 0.719666 -0.174501 -0.0484621 0.670285 0.178521 0.0320502 0.073918 -0.128461 -0.192535 0.340864
7.17733 7.15533 -7.85707 0.722821 -0.211926 -0.056834 0.655277 0.189418 0.0320502 0.073918 -0.128461 -0.192535 0.340864
7.23603 7.12798 -7.84314 0.724742 -0.248989 -0.0651088 0.639151 0.200315 0.0320502 0.073918 -0.128461 -0.192535 0.340864
7.29706 7.09853 -7.82595 0.7086 -0.244196 -0.0392134 0.660846 0.210984 0.0313802 -0.189319 -0.0544307 0.102484 0.340864
7.36191 7.07108 -7.80478 0.691447 -0.239055 -0.0132621 0.681599 0.221654 0.0313802 -0.189319 -0.0544307 0.102484 0.340864
7.43046 7.04617 -7.77958 0.67331 -0.233573 0.0127082 0.701382 0.232323 0.0313802 -0.189319 -0.0544307 0.102484 0.340864
7.50254 7.0244 -7.75032 0.654213 -0.227758 0.0386603 0.720165 0.242992 0.0313802 -0.189319 -0.0544307 0.102484 0.340864
7.57799 7.00632 -7.71704 0.634184 -0.221619 0.0645573 0.737922 0.253662 0.0313802 -0.189319 -0.0544307 0.102484 0.340864
7.65658 6.99253 -7.67982 0.613251 -0.215164 0.0903624 0.754627 0.264331 0.0313802 -0.189319 -0.0544307 0.102484 0.340864
7.73807 6.98359 -7.6388 0.591445 -0.208403 0.116039 0.770257 0.275 0.0313802 -0.189319 -0.0544307 0.102484 0.340864
7.8222 6.98004 -7.59419 0.568796 -0.201344 0.14155 0.78479 0.285669 0.0313802 -0.189319 -0.0544307 0.102484 0.340864
7.90869 6.98243 -7.54622 0.545336 -0.193999 0.166859 0.798205 0.296339 0.0313802 -0.189319 -0.0544307 0.102484 0.340864
8.0082 6.98425 -7.49187 0.56582 -0.201279 0.131913 0.788627 0.370913 0.219336 0.173979 0.0871211 -0.154705 0.340864
8.13172 6.97624 -7.42916 0.585294 -0.2082 0.0967319 0.777642 0.445487 0.219336 0.173979 0.0871211 -0.154705 0.340864
8.25745 6.96218 -7.36277 0.576326 -0.236866 0.109386 0.774453 0.395112 -0.148164 -0.0292378 -0.183739 -0.0499868 0.340864
8.36402 6.94857 -7.29743 0.56674 -0.265278 0.121924 0.770434 0.344736 -0.148164 -0.0292378 -0.183739 -0.0499868 0.340864
8.45218 6.93588 -7.23524 0.556546 -0.293406 0.13433 0.765588 0.294361 -0.148164 -0.0292378 -0.183739 -0.0499868 0.340864
8.52284 6.9245 -7.17823 0.545755 -0.321219 0.146593 0.759922 0.243985 -0.148164 -0.0292378 -0.183739 -0.0499868 0.340864
8.57712 6.91478 -7.12832 0.534378 -0.348687 0.158698 0.75344 0.193609 -0.148164 -0.0292378 -0.183739 -0.0499868 0.340864
8.61631 6.907 -7.08731 0.522429 -0.375782 0.170633 0.746151 0.143234 -0.148164 -0.0292378 -0.183739 -0.0499868 0.340864
8.65308 6.8973 -7.04687 0.533479 -0.385929 0.137374 0.739992 0.183338 0.117955 0.151164 0.0551604 -0.146586 0.340864
8.69908 6.8804 -6.99811 0.543798 -0.395548 0.103927 0.73282 0.223443 0.117955 0.151164 0.0551604 -0.146586 0.340864
8.75408 6.85449 -6.94195 0.553373 -0.404625 0.0703382 0.724644 0.263548 0.117955 0.151164 0.0551604 -0.146586 0.340864
8.81768 6.81786 -6.87944 0.562191 -0.413148 0.0366528 0.715477 0.303653 0.117955 0.151164 0.0551604 -0.146586 0.340864
8.88931 6.76888 -6.81178 0.570238 -0.421106 0.00291728 0.70533 0.343757 0.117955 0.151164 0.0551604 -0.146586 0.340864
8.96826 6.70608 -6.74025 0.577505 -0.428487 -0.0308223 0.694217 0.383862 0.117955 0.151164 0.0551604 -0.146586 0.340864
9.05368 6.62811 -6.66626 0.583981 -0.435281 -0.0645196 0.682154 0.423967 0.117955 0.151164 0.0551604 -0.146586 0.340864
9.14456 6.53377 -6.59128 0.589658 -0.441479 -0.0981287 0.669156 0.464072 0.117955 0.151164 0.0551604 -0.146586 0.340864
9.22321 6.44183 -6.52865 0.584424 -0.449595 -0.131332 0.66262 0.337487 -0.372307 0.083631 0.0692823 -0.176245 0.340864
9.27504 6.37218 -6.484 0.56747 -0.482624 -0.137892 0.652716 0.236884 -0.295893 -0.0402139 -0.119313 -0.191656 0.340864
9.32767 6.29491 -6.43176 0.54164 -0.486166 -0.14099 0.671111 0.393128 0.459541 -0.154683 0.0699318 -0.082138 0.340864
9.38887 6.19812 -6.36162 0.51302 -0.517031 -0.144621 0.669757 0.397054 0.0115488 -0.12392 -0.0904452 -0.195707 0.340864
9.44188 6.09965 -6.28487 0.483483 -0.546973 -0.147994 0.667205 0.400981 0.0115488 -0.12392 -0.0904452 -0.195707 0.340864
9.48633 6.00034 -6.20168 0.453082 -0.575938 -0.151102 0.663461 0.404907 0.0115488 -0.12392 -0.0904452 -0.195707 0.340864
9.52061 5.91344 -6.13026 0.45335 -0.566048 -0.183724 0.663558 0.286877 -0.347147 0.120123 0.125652 -0.099979 0.340864
9.54315 5.85361 -6.08652 0.453092 -0.5555 -0.216132 0.662883 0.168847 -0.347147 0.120123 0.125652 -0.099979 0.340864
9.55389 5.82364 -6.06702 0.452307 -0.544307 -0.248289 0.661438 0.050817 -0.347147 0.120123 0.125652 -0.099979 0.340864
9.56008 5.80257 -6.055 0.452266 -0.562231 -0.274389 0.635659 0.0964675 0.134266 0.125851 -0.0827965 -0.187077 0.340864
9.56742 5.76711 -6.03676 0.45147 -0.579218 -0.300032 0.60882 0.142118 0.134266 0.125851 -0.0827965 -0.187077 0.340864
9.57375 5.71652 -6.01343 0.449922 -0.595239 -0.325175 0.580967 0.187768 0.134266 0.125851 -0.0827965 -0.187077 0.340864
9.5769 5.65037 -5.98626 0.447624 -0.610267 -0.349776 0.552145 0.233419 0.134266 0.125851 -0.0827965 -0.187077 0.340864
9.57786 5.5421 -5.94505 0.435579 -0.600734 -0.368655 0.559896 0.448085 0.631372 0.0278635 0.133295 -0.0635116 0.340864
9.58175 5.40293 -5.89792 0.480611 -0.587895 -0.361286 0.541169 0.416711 -0.0922769 0.19818 -0.140484 0.17576 0.340864
9.59125 5.2716 -5.86267 0.524394 -0.57353 -0.352979 0.521038 0.385337 -0.0922769 0.19818 -0.140484 0.17576 0.340864
9.60592 5.14931 -5.83781 0.566815 -0.557675 -0.343755 0.499552 0.353963 -0.0922769 0.19818 -0.140484 0.17576 0.340864
9.62511 5.03707 -5.82185 0.607763 -0.540371 -0.333638 0.476769 0.322589 -0.0922769 0.19818 -0.140484 0.17576 0.340864
9.64805 4.93567 -5.81324 0.647133 -0.521663 -0.322655 0.452748 0.291215 -0.0922769 0.19818 -0.140484 0.17576 0.340864
9.6738 4.84566 -5.81051 0.684821 -0.5016 -0.310833 0.427551 0.25984 -0.0922769 0.19818 -0.140484 0.17576 0.340864
9.70132 4.76738 -5.81221 0.720731 -0.480235 -0.298204 0.401243 0.228466 -0.0922769 0.19818 -0.140484 0.17576 0.340864
9.72947 4.70093 -5.81698 0.754769 -0.457622 -0.2848 0.373892 0.197092 -0.0922769 0.19818 -0.140484 0.17576 0.340864
9.76075 4.63781 -5.82349 0.777838 -0.444541 -0.2652 0.356399 0.219103 0.0647381 0.0975773 -0.144022 0.134005 0.340864
9.79883 4.56991 -5.8312 0.799823 -0.430842 -0.245231 0.33841 0.241114 0.0647381 0.0975773 -0.144022 0.134005 0.340864
9.8443 4.49779 -5.83993 0.820693 -0.416542 -0.224919 0.319948 0.263125 0.0647381 0.0975773 -0.144022 0.134005 0.340864
9.8968 4.42122 -5.84835 0.832377 -0.415927 -0.200183 0.306726 0.285204 0.0649388 0.0260302 -0.166141 0.0606692 0.340864
9.95565 4.33975 -5.85491 0.843292 -0.414927 -0.175262 0.29322 0.307283 0.0649388 0.0260302 -0.166141 0.0606692 0.340864
10.021 4.25359 -5.8591 0.853428 -0.413544 -0.150179 0.279444 0.329362 0.0649388 0.0260302 -0.166141 0.0606692 0.340864
10.0929 4.16294 -5.86038 0.862775 -0.411779 -0.124957 0.265409 0.351442 0.0649388 0.0260302 -0.166141 0.0606692 0.340864
10.1715 4.068 -5.85821 0.871326 -0.409634 -0.09962 0.251129 0.373521 0.0649388 0.0260302 -0.166141 0.0606692 0.340864
10.2566 3.96898 -5.85203 0.879073 -0.407111 -0.0741908 0.236618 0.3956 0.0649388 0.0260302 -0.166141 0.0606692 0.340864
10.3483 3.86607 -5.84128 0.886007 -0.404212 -0.0486932 0.221887 0.417679 0.0649388 0.0260302 -0.166141 0.0606692 0.340864
10.4083 3.79874 -5.83334 0.883471 -0.412198 -0.0554666 0.215629 0.114867 -0.890626 0.0431275 0.0107238 -0.0582859 0.340864
10.4333 3.77147 -5.83184 0.89853 -0.380739 -0.0853624 0.200983 0.103023 -0.034833 0.178037 0.154901 0.157361 0.340864
10.4569 3.74838 -5.83315 0.911501 -0.348396 -0.11506 0.185869 0.0911802 -0.034833 0.178037 0.154901 0.157361 0.340864
10.4785 3.72939 -5.8366 0.922353 -0.315243 -0.14449 0.170324 0.0793369 -0.034833 0.178037 0.154901 0.157361 0.340864
10.4977 3.71428 -5.84151 0.93106 -0.281357 -0.173584 0.154382 0.0674937 -0.034833 0.178037 0.154901 0.157361 0.340864
10.5125 3.70323 -5.84543 0.93061 -0.29181 -0.145325 0.166412 0.0437553 -0.0698189 -0.123757 -0.143917 -0.0200477 0.340864
10.5211 3.69676 -5.84701 0.92918 -0.301955 -0.116913 0.178266 0.0200169 -0.0698189 -0.123757 -0.143917 -0.0200477 0.340864
10.5398 3.68185 -5.85072 0.924534 -0.311349 -0.151364 0.159335 0.122304 0.300845 0.153374 0.148057 -0.108776 0.340864
10.5835 3.6445 -5.86366 0.918358 -0.320229 -0.185563 0.14014 0.224591 0.300845 0.153374 0.148057 -0.108776 0.340864
10.6497 3.58388 -5.89066 0.910661 -0.328578 -0.219456 0.120713 0.326879 0.300845 0.153374 0.148057 -0.108776 0.340864
10.7353 3.49969 -5.93641 0.901458 -0.336383 -0.252986 0.101086 0.429166 0.300845 0.153374 0.148057 -0.108776 0.340864
10.818 3.41262 -5.98669 0.898533 -0.361961 -0.239882 0.0638643 0.336396 -0.272852 0.131695 -0.15405 -0.189086 0.340864
10.8782 3.34442 -6.02457 0.893614 -0.386735 -0.226246 0.0265005 0.243626 -0.272852 0.131695 -0.15405 -0.189086 0.340864
10.928 3.28627 -6.05655 0.894728 -0.387261 -0.222075 0.0131755 0.244276 0.00191083 0.0600285 -0.0538072 -0.0173189 0.340864
10.9782 3.22834 -6.08888 0.895666 -0.387712 -0.217859 -0.000152107 0.244926 0.00191083 0.0600285 -0.0538072 -0.0173189 0.340864
11.0287 3.17062 -6.12156 0.896427 -0.388086 -0.213601 -0.0134797 0.245575 0.00191083 0.0600285 -0.0538072 -0.0173189 0.340864
11.0796 3.11311 -6.15458 0.897013 -0.388384 -0.209301 -0.0268046 0.246225 0.00191083 0.0600285 -0.0538072 -0.0173189 0.340864
11.1309 3.05583 -6.18791 0.897422 -0.388606 -0.20496 -0.0401243 0.246875 0.00191083 0.0600285 -0.0538072 -0.0173189 0.340864
11.1776 3.00578 -6.2169 0.904721 -0.379017 -0.18617 -0.056275 0.190454 -0.165945 0.0521498 -0.147194 0.0434007 0.340864
11.2212 2.9601 -6.23979 0.908331 -0.388422 -0.150426 -0.0378842 0.204562 0.0414941 -0.189115 -0.150107 -0.0337074 0.340864
11.2684 2.90923 -6.25871 0.910381 -0.397161 -0.114423 -0.0194283 0.21867 0.0414941 -0.189115 -0.150107 -0.0337074 0.340864
11.319 2.85329 -6.27277 0.910867 -0.405217 -0.0782241 -0.00093907 0.232778 0.0414941 -0.189115 -0.150107 -0.0337074 0.340864
11.3726 2.79249 -6.2811 0.90979 -0.412577 -0.0418907 0.0175518 0.246886 0.0414941 -0.189115 -0.150107 -0.0337074 0.340864
11.429 2.72713 -6.28286 0.90715 -0.419229 -0.00548547 0.0360125 0.260994 0.0414941 -0.189115 -0.150107 -0.0337074 0.340864
11.4876 2.65757 -6.27725 0.902951 -0.42516 0.0309292 0.0544113 0.275102 0.0414941 -0.189115 -0.150107 -0.0337074 0.340864
11.5402 2.59415 -6.26536 0.89914 -0.426426 0.0715799 0.067712 0.214956 -0.176898 -0.173354 -0.183806 -0.00566319 0.340864
11.5791 2.54689 -6.25117 0.893669 -0.426904 0.112098 0.0808877 0.154811 -0.176898 -0.173354 -0.183806 -0.00566319 0.340864
11.6139 2.50578 -6.23604 0.90223 -0.408544 0.131075 0.0434864 0.17409 0.0567015 0.140978 -0.179364 0.15176 0.340864
11.654 2.46107 -6.2189 0.908835 -0.389298 0.149767 0.0059908 0.193368 0.0567015 0.140978 -0.179364 0.15176 0.340864
11.6997 2.41308 -6.19955 0.913467 -0.369208 0.168135 -0.0315178 0.212647 0.0567015 0.140978 -0.179364 0.15176 0.340864
11.751 2.36211 -6.17776 0.916119 -0.348317 0.186137 -0.068958 0.231925 0.0567015 0.140978 -0.179364 0.15176 0.340864
11.8122 2.3047 -6.15251 0.923012 -0.343143 0.169047 -0.0415216 0.28333 0.151191 -0.12132 0.153793 0.0189 0.340864
11.8875 2.23754 -6.1233 0.928873 -0.337586 0.151767 -0.0140386 0.334735 0.151191 -0.12132 0.153793 0.0189 0.340864
11.9776 2.16115 -6.09069 0.933695 -0.33165 0.134318 0.01346 0.38614 0.151191 -0.12132 0.153793 0.0189 0.340864
12.0798 2.08041 -6.05844 0.942873 -0.310113 0.121203 -0.0114345 0.403069 0.0497911 0.146056 0.0324262 0.15486 0.340864
12.191 2.00039 -6.03008 0.950787 -0.28816 0.107927 -0.0363136 0.419998 0.0497911 0.146056 0.0324262 0.15486 0.340864
12.3113 1.92196 -6.00588 0.957428 -0.265822 0.0945052 -0.0611441 0.436927 0.0497911 0.146056 0.0324262 0.15486 0.340864
12.4408 1.84603 -5.98604 0.962786 -0.243127 0.0809572 -0.0858927 0.453856 0.0497911 0.146056 0.0324262 0.15486 0.340864
12.566 1.7716 -5.96517 0.954241 -0.269175 0.109275 -0.0709106 0.411996 -0.123119 -0.108659 -0.129895 -0.181239 0.340864
12.6738 1.6984 -5.93884 0.943999 -0.294744 0.137398 -0.0558024 0.370135 -0.123119 -0.108659 -0.129895 -0.181239 0.340864
12.7647 1.62827 -5.90871 0.932079 -0.319789 0.165277 -0.040595 0.328274 -0.123119 -0.108659 -0.129895 -0.181239 0.340864
12.8395 1.56286 -5.87642 0.918501 -0.344266 0.192862 -0.0253154 0.286414 -0.123119 -0.108659 -0.129895 -0.181239 0.340864
12.8992 1.50365 -5.84366 0.903291 -0.368131 0.220104 -0.00999086 0.244553 -0.123119 -0.108659 -0.129895 -0.181239 0.340864
12.945 1.45192 -5.81206 0.886474 -0.391341 0.246955 0.00535147 0.202693 -0.123119 -0.108659 -0.129895 -0.181239 0.340864
12.9785 1.4087 -5.78326 0.868082 -0.413856 0.273367 0.0206843 0.160832 -0.123119 -0.108659 -0.129895 -0.181239 0.340864
13.0011 1.3748 -5.75879 0.848146 -0.435634 0.299293 0.0359803 0.118972 -0.123119 -0.108659 -0.129895 -0.181239 0.340864
13.0148 1.3508 -5.74012 0.826703 -0.456639 0.324686 0.0512124 0.077111 -0.123119 -0.108659 -0.129895 -0.181239 0.340864
13.0213 1.33702 -5.72862 0.803789 -0.476831 0.349503 0.0663535 0.0352504 -0.123119 -0.108659 -0.129895 -0.181239 0.340864
13.024 1.33018 -5.7228 0.792898 -0.487613 0.363026 0.0419283 0.0198413 -0.0453208 0.0954873 -0.159076 -0.0260376 0.340864
13.025 1.32708 -5.72028 0.781203 -0.4979 0.376181 0.0174605 0.00443222 -0.0453208 0.0954873 -0.159076 -0.0260376 0.340864
13.0363 1.29401 -5.69408 0.799146 -0.479361 0.362265 0.018506 0.252528 0.729694 -0.00322965 0.108634 0.134023 0.340864
13.0608 1.22382 -5.6388 0.790708 -0.497461 0.355082 0.0350748 0.29255 0.117712 -0.0199835 0.0605444 -0.144983 0.340864
13.0863 1.14243 -5.57541 0.781697 -0.5152 0.347641 0.0516182 0.332573 0.117712 -0.0199835 0.0605444 -0.144983 0.340864
13.112 1.04976 -5.50383 0.77212 -0.532565 0.339949 0.0681242 0.372595 0.117712 -0.0199835 0.0605444 -0.144983 0.340864
13.1372 0.945795 -5.42398 0.761982 -0.549544 0.332009 0.0845808 0.412617 0.117712 -0.0199835 0.0605444 -0.144983 0.340864
13.1559 0.860568 -5.36072 0.758671 -0.568668 0.301416 0.100908 0.221429 -0.562316 0.0614292 0.173971 -0.143568 0.340864
13.1646 0.814309 -5.32884 0.746293 -0.588388 0.299561 0.0843195 0.112984 -0.318956 0.107868 -0.0808751 -0.101112 0.340864
13.1694 0.779505 -5.30642 0.73669 -0.608073 0.279516 0.0969804 0.132203 0.0565261 0.043729 0.105149 -0.151934 0.340864
13.1738 0.738606 -5.28127 0.72632 -0.627125 0.259181 0.10954 0.151422 0.0565261 0.043729 0.105149 -0.151934 0.340864
13.1774 0.691525 -5.25357 0.715192 -0.645524 0.238575 0.121986 0.170641 0.0565261 0.043729 0.105149 -0.151934 0.340864
13.1798 0.638206 -5.22345 0.70332 -0.66325 0.21772 0.134305 0.18986 0.0565261 0.043729 0.105149 -0.151934 0.340864
13.1806 0.578625 -5.19107 0.690715 -0.680286 0.196639 0.146483 0.209079 0.0565261 0.043729 0.105149 -0.151934 0.340864
13.1793 0.512796 -5.15653 0.677391 -0.696612 0.175353 0.158509 0.228297 0.0565261 0.043729 0.105149 -0.151934 0.340864
13.1754 0.440766 -5.11993 0.66336 -0.712213 0.153884 0.17037 0.247516 0.0565261 0.043729 0.105149 -0.151934 0.340864
13.1687 0.362616 -5.08134 0.648639 -0.727071 0.132255 0.182054 0.266735 0.0565261 0.043729 0.105149 -0.151934 0.340864
13.1586 0.278465 -5.04081 0.633242 -0.741173 0.110488 0.193548 0.285954 0.0565261 0.043729 0.105149 -0.151934 0.340864
13.1417 0.179072 -4.99208 0.612712 -0.756633 0.125411 0.19069 0.372825 0.255503 -0.0677535 -0.0990093 -0.128262 0.340864
13.1181 0.075685 -4.94033 0.594051 -0.772757 0.123055 0.186568 0.321366 -0.151352 0.0163079 -0.0417073 -0.140787 0.340864
13.0966 -0.00963542 -4.89515 0.592124 -0.766184 0.12944 0.213531 0.260423 -0.179242 -0.130134 0.106086 0.001697 0.340864
13.0811 -0.0754396 -4.85591 0.589715 -0.758988 0.135719 0.240321 0.199481 -0.179242 -0.130134 0.106086 0.001697 0.340864
13.0708 -0.12249 -4.82459 0.586825 -0.751173 0.141888 0.266914 0.138539 -0.179242 -0.130134 0.106086 0.001697 0.340864
13.0591 -0.170484 -4.79134 0.567309 -0.770164 0.131619 0.260161 0.211793 0.215453 0.0539048 -0.040507 -0.162302 0.340864
13.0381 -0.238365 -4.74568 0.547287 -0.788468 0.121232 0.253175 0.285047 0.215453 0.0539048 -0.040507 -0.162302 0.340864
13.0161 -0.303465 -4.69921 0.53939 -0.780831 0.13639 0.284181 0.20304 -0.241195 -0.187368 0.100772 -0.0115794 0.340864
13.0024 -0.344598 -4.66523 0.530786 -0.77217 0.151369 0.314813 0.121034 -0.241195 -0.187368 0.100772 -0.0115794 0.340864
12.9871 -0.385331 -4.62995 0.516752 -0.791443 0.154791 0.287447 0.208495 0.257238 0.0610901 -0.183214 -0.093235 0.340864
12.9586 -0.447951 -4.5788 0.502031 -0.809664 0.158007 0.259698 0.295956 0.257238 0.0610901 -0.183214 -0.093235 0.340864
12.9134 -0.532344 -4.51426 0.486644 -0.826808 0.161013 0.231604 0.383417 0.257238 0.0610901 -0.183214 -0.093235 0.340864
12.8483 -0.638159 -4.43906 0.470609 -0.842854 0.163805 0.203202 0.470878 0.257238 0.0610901 -0.183214 -0.093235 0.340864
12.7869 -0.740736 -4.3702 0.49741 -0.827774 0.145473 0.214969 0.341042 -0.381872 0.075834 0.152972 0.141408 0.340864
12.7617 -0.786537 -4.34068 0.489787 -0.836673 0.12332 0.211845 0.011937 -0.967955 0.114998 0.031835 -0.0885036 0.340864
12.7519 -0.805179 -4.32864 0.503983 -0.822644 0.13815 0.223992 0.13093 0.34998 -0.100479 0.0448393 0.119968 0.340864
12.7279 -0.854776 -4.29462 0.517793 -0.807985 0.152874 0.235966 0.249923 0.34998 -0.100479 0.0448393 0.119968 0.340864
12.693 -0.934934 -4.2361 0.531206 -0.792708 0.16748 0.24776 0.368917 0.34998 -0.100479 0.0448393 0.119968 0.340864
12.6578 -1.02286 -4.16555 0.531557 -0.779722 0.182187 0.276203 0.325934 -0.126421 -0.169773 0.105967 0.0356357 0.340864
12.6302 -1.09654 -4.09833 0.531274 -0.765805 0.196677 0.304317 0.282951 -0.126421 -0.169773 0.105967 0.0356357 0.340864
12.6094 -1.15664 -4.03624 0.530356 -0.750974 0.210932 0.332067 0.239968 -0.126421 -0.169773 0.105967 0.0356357 0.340864
12.5945 -1.20396 -3.98097 0.528805 -0.735246 0.224935 0.35942 0.196985 -0.126421 -0.169773 0.105967 0.0356357 0.340864
12.5847 -1.23948 -3.93407 0.526623 -0.71864 0.23867 0.386345 0.154002 -0.126421 -0.169773 0.105967 0.0356357 0.340864
12.5788 -1.2643 -3.89694 0.523811 -0.701176 0.252119 0.412808 0.111019 -0.126421 -0.169773 0.105967 0.0356357 0.340864
12.576 -1.27965 -3.87082 0.520374 -0.682874 0.265268 0.438778 0.0680357 -0.126421 -0.169773 0.105967 0.0356357 0.340864
12.5751 -1.29098 -3.84942 0.531759 -0.65808 0.261669 0.464427 0.0744661 0.018913 -0.0733821 0.195851 0.0723318 0.340864
12.5759 -1.30274 -3.8258 0.54239 -0.632354 0.257701 0.489419 0.0808965 0.018913 -0.0733821 0.195851 0.0723318 0.340864
12.5789 -1.31478 -3.80004 0.552254 -0.605734 0.253367 0.513719 0.0873269 0.018913 -0.0733821 0.195851 0.0723318 0.340864
12.5842 -1.32695 -3.77227 0.561337 -0.578256 0.248675 0.537291 0.0937573 0.018913 -0.0733821 0.195851 0.0723318 0.340864
12.5922 -1.33908 -3.74268 0.569625 -0.54996 0.243632 0.560103 0.100188 0.018913 -0.0733821 0.195851 0.0723318 0.340864
12.6031 -1.35099 -3.71147 0.577107 -0.520885 0.238243 0.582122 0.106618 0.018913 -0.0733821 0.195851 0.0723318 0.340864
12.6172 -1.3625 -3.67886 0.583772 -0.491074 0.232517 0.603318 0.113049 0.018913 -0.0733821 0.195851 0.0723318 0.340864
12.6347 -1.37343 -3.64514 0.589611 -0.460567 0.226462 0.62366 0.119479 0.018913 -0.0733821 0.195851 0.0723318 0.340864
12.6557 -1.38361 -3.6106 0.594616 -0.429409 0.220087 0.643119 0.125909 0.018913 -0.0733821 0.195851 0.0723318 0.340864
12.6805 -1.39286 -3.57556 0.598779 -0.397643 0.2134 0.661668 0.13234 0.018913 -0.0733821 0.195851 0.0723318 0.340864
12.701 -1.3994 -3.54902 0.621845 -0.381657 0.221411 0.647012 0.0687454 -0.187042 0.10261 0.0286839 0.159863 0.340864
12.7173 -1.40375 -3.52971 0.622838 -0.352852 0.216426 0.663873 0.0820318 0.0390777 -0.0842392 0.167041 0.0666759 0.340864
12.7378 -1.40778 -3.50798 0.623121 -0.323645 0.211195 0.679978 0.0953182 0.0390777 -0.0842392 0.167041 0.0666759 0.340864
12.7628 -1.41117 -3.48427 0.622694 -0.29407 0.205723 0.695308 0.108605 0.0390777 -0.0842392 0.167041 0.0666759 0.340864
12.7927 -1.4136 -3.45902 0.621557 -0.264159 0.200017 0.709845 0.121891 0.0390777 -0.0842392 0.167041 0.0666759 0.340864
12.8276 -1.41475 -3.43275 0.619712 -0.233947 0.194083 0.723573 0.135177 0.0390777 -0.0842392 0.167041 0.0666759 0.340864
12.8677 -1.41433 -3.40597 0.61716 -0.203468 0.187927 0.736476 0.148464 0.0390777 -0.0842392 0.167041 0.0666759 0.340864
12.9131 -1.41207 -3.37927 0.613905 -0.172757 0.181557 0.74854 0.16175 0.0390777 -0.0842392 0.167041 0.0666759 0.340864
12.9639 -1.40768 -3.35321 0.60995 -0.14185 0.174981 0.759751 0.175037 0.0390777 -0.0842392 0.167041 0.0666759 0.340864
13.02 -1.40094 -3.32841 0.6053 -0.110781 0.168204 0.770095 0.188323 0.0390777 -0.0842392 0.167041 0.0666759 0.340864
13.0815 -1.39161 -3.30549 0.59996 -0.0795854 0.161236 0.779562 0.201609 0.0390777 -0.0842392 0.167041 0.0666759 0.340864
13.1467 -1.38055 -3.28432 0.590786 -0.069253 0.154802 0.788804 0.207011 0.0158877 -0.0814772 0.0657189 -0.00610282 0.340864
13.2142 -1.36876 -3.2644 0.581425 -0.0588986 0.148318 0.797796 0.212413 0.0158877 -0.0814772 0.0657189 -0.00610282 0.340864
13.2838 -1.35627 -3.24587 0.571878 -0.0485255 0.141787 0.806534 0.217815 0.0158877 -0.0814772 0.0657189 -0.00610282 0.340864
13.3556 -1.34312 -3.22883 0.56215 -0.038137 0.135211 0.815016 0.223217 0.0158877 -0.0814772 0.0657189 -0.00610282 0.340864
13.4296 -1.32934 -3.2134 0.552244 -0.0277363 0.128592 0.823238 0.228619 0.0158877 -0.0814772 0.0657189 -0.00610282 0.340864
13.5057 -1.31498 -3.19969 0.542162 -0.0173269 0.121933 0.8312 0.23402 0.0158877 -0.0814772 0.0657189 -0.00610282 0.340864
13.5839 -1.30009 -3.18781 0.531907 -0.00691191 0.115234 0.838897 0.239422 0.0158877 -0.0814772 0.0657189 -0.00610282 0.340864
13.6641 -1.28472 -3.17788 0.521484 0.00350524 0.108499 0.846327 0.244824 0.0158877 -0.0814772 0.0657189 -0.00610282 0.340864
13.749 -1.27059 -3.17165 0.49965 0.0185771 0.0703419 0.863167 0.2627 0.0525751 -0.170829 0.177872 -0.154087 0.340864
13.8075 -1.26173 -3.17056 0.47161 0.0430657 0.0696808 0.877994 0.0851727 -0.522138 -0.196211 0.113091 0.0655647 0.340864
13.8352 -1.25628 -3.17003 0.491453 0.033999 0.109318 0.863347 0.0812792 -0.0114515 0.156936 -0.144997 0.180604 0.340864
13.8612 -1.24954 -3.1679 0.510185 0.0248553 0.148708 0.846746 0.0773856 -0.0114515 0.156936 -0.144997 0.180604 0.340864
13.8854 -1.24178 -3.1643 0.527763 0.0156555 0.187761 0.828231 0.0734921 -0.0114515 0.156936 -0.144997 0.180604 0.340864
13.9076 -1.23326 -3.15934 0.544147 0.00642018 0.22639 0.807843 0.0695986 -0.0114515 0.156936 -0.144997 0.180604 0.340864
13.9279 -1.22422 -3.15318 0.559301 -0.00282961 0.264507 0.785627 0.065705 -0.0114515 0.156936 -0.144997 0.180604 0.340864
13.9461 -1.21491 -3.14598 0.57319 -0.012073 0.302025 0.761635 0.0618115 -0.0114515 0.156936 -0.144997 0.180604 0.340864
13.9686 -1.20202 -3.13544 0.595862 -0.00190903 0.321637 0.735863 0.103042 0.121266 0.169066 0.0178654 0.169579 0.340864
14.0014 -1.18171 -3.1187 0.617541 0.00825812 0.340713 0.708865 0.144272 0.121266 0.169066 0.0178654 0.169579 0.340864
14.0437 -1.15348 -3.09506 0.638191 0.0184115 0.359221 0.680686 0.185502 0.121266 0.169066 0.0178654 0.169579 0.340864
14.0946 -1.11695 -3.06377 0.657778 0.0285342 0.377131 0.651373 0.226733 0.121266 0.169066 0.0178654 0.169579 0.340864
14.1534 -1.07189 -3.02403 0.676268 0.0386094 0.394412 0.620975 0.267963 0.121266 0.169066 0.0178654 0.169579 0.340864
14.2193 -1.01817 -2.97502 0.693632 0.0486202 0.411036 0.589542 0.309193 0.121266 0.169066 0.0178654 0.169579 0.340864
14.2914 -0.955843 -2.91591 0.709841 0.0585501 0.426975 0.557127 0.350424 0.121266 0.169066 0.0178654 0.169579 0.340864
14.3688 -0.885079 -2.84584 0.724866 0.0683824 0.442203 0.523783 0.391654 0.121266 0.169066 0.0178654 0.169579 0.340864
14.4508 -0.806199 -2.76397 0.738684 0.0781007 0.456695 0.489567 0.432884 0.121266 0.169066 0.0178654 0.169579 0.340864
14.5323 -0.730069 -2.68753 0.736882 0.0832355 0.418337 0.524473 0.362913 -0.205799 -0.188368 0.160653 -0.181178 0.340864
14.6066 -0.667899 -2.63238 0.733075 0.088144 0.378841 0.557953 0.292941 -0.205799 -0.188368 0.160653 -0.181178 0.340864
14.6702 -0.620174 -2.5954 0.727274 0.0928128 0.338316 0.589915 0.222969 -0.205799 -0.188368 0.160653 -0.181178 0.340864
14.7237 -0.581997 -2.56721 0.734427 0.0906486 0.34752 0.575873 0.197674 -0.074397 0.0942337 -0.0249862 0.0467249 0.340864
14.7704 -0.546619 -2.5411 0.735476 0.110621 0.361828 0.562066 0.179823 -0.0525039 0.0300058 0.0153536 0.162439 0.340864
14.8054 -0.517032 -2.52157 0.713903 0.134667 0.369914 0.579112 0.113457 -0.195196 -0.191038 -0.0124973 0.108549 0.340864
14.824 -0.499519 -2.51187 0.69133 0.158524 0.377484 0.595348 0.04709 -0.195196 -0.191038 -0.0124973 0.108549 0.340864
14.8359 -0.487129 -2.50554 0.671727 0.148131 0.398964 0.606356 0.0607198 0.0400877 -0.0703219 -0.177575 0.0268027 0.340864
14.8502 -0.471279 -2.4971 0.651402 0.137579 0.420016 0.616713 0.0743497 0.0400877 -0.0703219 -0.177575 0.0268027 0.340864
14.8666 -0.451829 -2.48641 0.630376 0.126879 0.440616 0.626406 0.0879795 0.0400877 -0.0703219 -0.177575 0.0268027 0.340864
14.8848 -0.428638 -2.47334 0.608674 0.116043 0.460742 0.635426 0.101609 0.0400877 -0.0703219 -0.177575 0.0268027 0.340864
14.9044 -0.401564 -2.45782 0.586317 0.105082 0.480374 0.643764 0.115239 0.0400877 -0.0703219 -0.177575 0.0268027 0.340864
14.9251 -0.370468 -2.43979 0.563329 0.0940081 0.499489 0.651409 0.128869 0.0400877 -0.0703219 -0.177575 0.0268027 0.340864
14.9431 -0.340313 -2.4229 0.544374 0.108194 0.520477 0.648887 0.100178 -0.084385 -0.0943667 -0.0694999 0.14535 0.340864
14.9551 -0.316692 -2.41068 0.524871 0.122272 0.540941 0.645711 0.0714871 -0.084385 -0.0943667 -0.0694999 0.14535 0.340864
14.9621 -0.300349 -2.40288 0.504838 0.136226 0.56086 0.641885 0.0427962 -0.084385 -0.0943667 -0.0694999 0.14535 0.340864
14.9651 -0.29194 -2.39917 0.484298 0.150043 0.580214 0.637412 0.0141053 -0.084385 -0.0943667 -0.0694999 0.14535 0.340864
14.9686 -0.278676 -2.39292 0.479574 0.125916 0.620306 0.607762 0.0746044 0.177938 0.184583 -0.194731 0.187053 0.340864
14.974 -0.247851 -2.37588 0.473368 0.1014 0.658481 0.576233 0.135103 0.177938 0.184583 -0.194731 0.187053 0.340864
14.9777 -0.200621 -2.34566 0.465698 0.0765703 0.69462 0.542923 0.195602 0.177938 0.184583 -0.194731 0.187053 0.340864
14.9758 -0.138708 -2.30033 0.45659 0.051504 0.728612 0.507935 0.256101 0.177938 0.184583 -0.194731 0.187053 0.340864
14.9647 -0.0643638 -2.23853 0.44607 0.0262785 0.760352 0.471376 0.3166 0.177938 0.184583 -0.194731 0.187053 0.340864
14.9407 0.0196773 -2.15946 0.434171 0.000971844 0.789742 0.433361 0.377099 0.177938 0.184583 -0.194731 0.187053 0.340864
14.9002 0.110257 -2.06294 0.42093 -0.0243379 0.816691 0.394007 0.437598 0.177938 0.184583 -0.194731 0.187053 0.340864
14.8399 0.203859 -1.94942 0.406388 -0.0495723 0.841116 0.353434 0.498098 0.177938 0.184583 -0.194731 0.187053 0.340864
14.7669 0.293666 -1.82993 0.392079 -0.0733279 0.850664 0.342445 0.480582 -0.0515158 0.111292 -0.14624 0.0132665 0.340864
14.6904 0.375576 -1.71517 0.377385 -0.0970115 0.859377 0.331119 0.463067 -0.0515158 0.111292 -0.14624 0.0132665 0.340864
14.6109 0.449934 -1.60559 0.362321 -0.1206 0.867248 0.319468 0.445551 -0.0515158 0.111292 -0.14624 0.0132665 0.340864
14.529 0.517105 -1.50154 0.346902 -0.14407 0.874268 0.307505 0.428036 -0.0515158 0.111292 -0.14624 0.0132665 0.340864
14.4451 0.577469 -1.40334 0.331142 -0.167399 0.88043 0.295239 0.410521 -0.0515158 0.111292 -0.14624 0.0132665 0.340864
14.3599 0.631413 -1.31125 0.315057 -0.190564 0.885728 0.282684 0.393005 -0.0515158 0.111292 -0.14624 0.0132665 0.340864
14.2738 0.679338 -1.22545 0.298664 -0.213541 0.890158 0.269851 0.37549 -0.0515158 0.111292 -0.14624 0.0132665 0.340864
14.1875 0.721647 -1.14609 0.281977 -0.236309 0.893714 0.256754 0.357975 -0.0515158 0.111292 -0.14624 0.0132665 0.340864
14.1349 0.744997 -1.09961 0.287178 -0.242818 0.893341 0.245989 0.0771872 -0.825845 0.0604479 0.00317092 0.0524649 0.340864
14.1172 0.752901 -1.08311 0.303764 -0.238319 0.884151 0.263076 0.0727156 -0.0131518 -0.0153811 0.133609 -0.0718053 0.340864
14.1014 0.760813 -1.0669 0.320145 -0.23366 0.874367 0.279986 0.068244 -0.0131518 -0.0153811 0.133609 -0.0718053 0.340864
14.0875 0.768654 -1.0511 0.336311 -0.228845 0.863996 0.296707 0.0637724 -0.0131518 -0.0153811 0.133609 -0.0718053 0.340864
14.0754 0.776347 -1.03585 0.352252 -0.223875 0.853045 0.31323 0.0593008 -0.0131518 -0.0153811 0.133609 -0.0718053 0.340864
14.0651 0.783819 -1.02125 0.367955 -0.218755 0.841521 0.329542 0.0548292 -0.0131518 -0.0153811 0.133609 -0.0718053 0.340864
14.0563 0.791001 -1.00742 0.383412 -0.213489 0.829431 0.345633 0.0503576 -0.0131518 -0.0153811 0.133609 -0.0718053 0.340864
14.049 0.797826 -0.994449 0.398611 -0.208079 0.816784 0.361491 0.045886 -0.0131518 -0.0153811 0.133609 -0.0718053 0.340864
14.043 0.804197 -0.982126 0.425457 -0.197642 0.804373 0.364567 0.0430358 -0.00838295 0.0149244 0.184076 0.0161653 0.340864
14.0381 0.810072 -0.970234 0.451881 -0.187008 0.791162 0.36728 0.0401856 -0.00838295 0.0149244 0.184076 0.0161653 0.340864
14.0342 0.815464 -0.958863 0.477856 -0.17619 0.777165 0.369628 0.0373354 -0.00838295 0.0149244 0.184076 0.0161653 0.340864
14.0312 0.820388 -0.948096 0.503356 -0.165196 0.762397 0.37161 0.0344852 -0.00838295 0.0149244 0.184076 0.0161653 0.340864
14.0291 0.824856 -0.938009 0.528356 -0.154038 0.746871 0.373222 0.031635 -0.00838295 0.0149244 0.184076 0.0161653 0.340864
14.0277 0.828883 -0.928666 0.552832 -0.142727 0.730604 0.374464 0.0287848 -0.00838295 0.0149244 0.184076 0.0161653 0.340864
14.0269 0.832482 -0.920122 0.576759 -0.131274 0.713611 0.375334 0.0259346 -0.00838295 0.0149244 0.184076 0.0161653 0.340864
14.0267 0.835664 -0.912424 0.600112 -0.119691 0.69591 0.375831 0.0230844 -0.00838295 0.0149244 0.184076 0.0161653 0.340864
14.027 0.838442 -0.905609 0.62287 -0.107989 0.677517 0.375955 0.0202342 -0.00838295 0.0149244 0.184076 0.0161653 0.340864
14.0276 0.840718 -0.899684 0.645869 -0.128514 0.643092 0.390858 0.0172951 -0.00864448 0.0999643 0.18194 -0.196195 0.340864
14.0285 0.842418 -0.894672 0.667346 -0.148736 0.607151 0.40484 0.014356 -0.00864448 0.0999643 0.18194 -0.196195 0.340864
14.0297 0.843602 -0.890606 0.687249 -0.168607 0.569778 0.417867 0.0114168 -0.00864448 0.0999643 0.18194 -0.196195 0.340864
14.0308 0.844344 -0.8875 0.705532 -0.188081 0.531063 0.42991 0.00847772 -0.00864448 0.0999643 0.18194 -0.196195 0.340864
