0 0 0 0 0 0 1 4.66184e-310 0 0 0 0 0
0.00818482 -8.35851e-05 -0.000235247 0.0119197 0.0214783 -0.00784839 0.999667 0.0481712 0.14168 0.0701235 0.126357 -0.0461721 0.340864
0.0326879 -0.000651375 -0.0018866 0.0238314 0.0429423 -0.0156916 0.99867 0.0963424 0.14168 0.0701235 0.126357 -0.0461721 0.340864
0.0733554 -0.00213886 -0.0063795 0.0357273 0.0643777 -0.0235243 0.997008 0.144514 0.14168 0.0701235 0.126357 -0.0461721 0.340864
0.129932 -0.00492622 -0.0151427 0.0475994 0.0857703 -0.0313414 0.994684 0.192685 0.14168 0.0701235 0.126357 -0.0461721 0.340864
0.20206 -0.0093362 -0.0296005 0.0594399 0.107106 -0.0391376 0.991697 0.240856 0.14168 0.0701235 0.126357 -0.0461721 0.340864
0.289286 -0.0156322 -0.0511655 0.0712409 0.12837 -0.0469079 0.988051 0.289027 0.14168 0.0701235 0.126357 -0.0461721 0.340864
0.391056 -0.0240167 -0.0812309 0.0829944 0.149549 -0.0546469 0.983748 0.337198 0.14168 0.0701235 0.126357 -0.0461721 0.340864
0.514518 -0.0383139 -0.118881 0.10504 0.1325 -0.0831862 0.982085 0.426817 0.263585 0.0978223 -0.0903743 -0.193453 0.340864
0.644753 -0.0555899 -0.152998 0.0892856 0.106906 -0.0694897 0.987811 0.371734 -0.162009 -0.0964155 -0.153098 0.0784057 0.340864
0.758753 -0.0683301 -0.176076 0.0734312 0.0811928 -0.0557152 0.992427 0.316651 -0.162009 -0.0964155 -0.153098 0.0784057 0.340864
0.855636 -0.0770163 -0.190141 0.0574943 0.0553879 -0.0418781 0.995928 0.261568 -0.162009 -0.0964155 -0.153098 0.0784057 0.340864
0.934702 -0.0822574 -0.19724 0.0414928 0.0295209 -0.027994 0.99831 0.206484 -0.162009 -0.0964155 -0.153098 0.0784057 0.340864
1.03009 -0.0886406 -0.199881 0.0232484 -0.00125553 -0.0387509 0.998978 0.356215 0.440384 -0.114264 -0.175259 -0.0674184 0.340864
1.10647 -0.0959917 -0.19808 0.0364308 -0.030689 -0.060558 0.997027 0.095333 -0.767299 0.071201 -0.173042 -0.132552 0.340864
1.14155 -0.100224 -0.195887 0.0662738 -0.0373097 -0.055962 0.995532 0.11294 0.0517847 0.172185 -0.0507229 0.0303954 0.340864
1.18257 -0.104911 -0.192899 0.0960532 -0.0438946 -0.0513125 0.993083 0.130547 0.0517847 0.172185 -0.0507229 0.0303954 0.340864
1.22951 -0.110006 -0.188975 0.125741 -0.0504374 -0.0466138 0.989683 0.148153 0.0517847 0.172185 -0.0507229 0.0303954 0.340864
1.28236 -0.115475 -0.183973 0.155308 -0.056932 -0.0418704 0.985335 0.16576 0.0517847 0.172185 -0.0507229 0.0303954 0.340864
1.34109 -0.121295 -0.177746 0.184726 -0.063372 -0.037087 0.980043 0.183367 0.0517847 0.172185 -0.0507229 0.0303954 0.340864
1.42423 -0.129736 -0.165276 0.167647 -0.0971851 -0.0357315 0.980394 0.313735 0.383434 -0.106748 -0.192594 -0.0352261 0.340864
1.52795 -0.139761 -0.143492 0.152311 -0.121367 -0.024693 0.980542 0.31254 -0.00351306 -0.0999981 -0.147056 0.0310811 0.340864
1.63014 -0.147832 -0.116345 0.136831 -0.145434 -0.0136312 0.979765 0.311346 -0.00351306 -0.0999981 -0.147056 0.0310811 0.340864
1.73054 -0.153793 -0.0840078 0.121223 -0.169364 -0.00255665 0.978067 0.310151 -0.00351306 -0.0999981 -0.147056 0.0310811 0.340864
1.82886 -0.1575 -0.046671 0.1055 -0.193134 0.00852034 0.975447 0.308957 -0.00351306 -0.0999981 -0.147056 0.0310811 0.340864
1.92484 -0.158819 -0.00454361 0.0896782 -0.216723 0.0195893 0.971908 0.307762 -0.00351306 -0.0999981 -0.147056 0.0310811 0.340864
2.01823 -0.157626 0.0421492 0.0737717 -0.240108 0.0306398 0.967454 0.306568 -0.00351306 -0.0999981 -0.147056 0.0310811 0.340864
2.1088 -0.153809 0.0931666 0.0577958 -0.263266 0.0416615 0.962089 0.305374 -0.00351306 -0.0999981 -0.147056 0.0310811 0.340864
2.19631 -0.147267 0.148253 0.0417654 -0.286177 0.0526439 0.955818 0.304179 -0.00351306 -0.0999981 -0.147056 0.0310811 0.340864
2.28054 -0.13791 0.20714 0.0256957 -0.308818 0.0635768 0.948646 0.302985 -0.00351306 -0.0999981 -0.147056 0.0310811 0.340864
2.37354 -0.128368 0.277333 0.00724638 -0.322584 0.0344113 0.945887 0.38475 0.240487 -0.0444159 -0.0843407 -0.197361 0.340864
2.4712 -0.117776 0.353801 -0.00490576 -0.327637 0.0569131 0.943075 0.347616 -0.109219 -0.109183 -0.0368785 0.102507 0.340864
2.55766 -0.102663 0.42315 -0.0170545 -0.332466 0.0793757 0.939614 0.310481 -0.109219 -0.109183 -0.0368785 0.102507 0.340864
2.63304 -0.0843193 0.485036 -0.0291916 -0.337066 0.101784 0.935508 0.273346 -0.109219 -0.109183 -0.0368785 0.102507 0.340864
2.69753 -0.0640371 0.539192 -0.0413086 -0.341434 0.124122 0.930758 0.236212 -0.109219 -0.109183 -0.0368785 0.102507 0.340864
2.75137 -0.0431028 0.585428 -0.0533971 -0.345567 0.146375 0.925368 0.199077 -0.109219 -0.109183 -0.0368785 0.102507 0.340864
2.79489 -0.0227909 0.623629 -0.065449 -0.349463 0.168527 0.919343 0.161943 -0.109219 -0.109183 -0.0368785 0.102507 0.340864
2.82848 -0.00435717 0.653758 -0.0774559 -0.353119 0.190563 0.912685 0.124808 -0.109219 -0.109183 -0.0368785 0.102507 0.340864
2.8571 0.0120304 0.681164 -0.0638143 -0.37683 0.172561 0.907827 0.127506 0.00793578 0.135021 -0.130322 -0.0520715 0.340864
2.88534 0.0269282 0.711156 -0.0501028 -0.400127 0.154371 0.901974 0.130205 0.00793578 0.135021 -0.130322 -0.0520715 0.340864
2.91302 0.0401876 0.743682 -0.0363364 -0.422987 0.136011 0.895133 0.132903 0.00793578 0.135021 -0.130322 -0.0520715 0.340864
2.93837 0.0521596 0.774535 -0.061415 -0.418367 0.139225 0.895441 0.112322 -0.0605312 -0.143694 0.00571656 -0.0467151 0.340864
2.95967 0.0630238 0.79966 -0.086453 -0.41347 0.142347 0.895157 0.0917415 -0.0605312 -0.143694 0.00571656 -0.0467151 0.340864
2.98666 0.075701 0.830316 -0.0592488 -0.404607 0.123536 0.904169 0.159854 0.20033 0.1862 0.0818193 -0.0449495 0.340864
3.02982 0.0916607 0.877515 -0.0319703 -0.395236 0.10457 0.912048 0.227966 0.20033 0.1862 0.0818193 -0.0449495 0.340864
3.09019 0.108331 0.940857 -0.00465177 -0.38537 0.0854726 0.918783 0.296078 0.20033 0.1862 0.0818193 -0.0449495 0.340864
3.16477 0.128879 1.02185 -0.036739 -0.410541 0.0965017 0.905977 0.362879 0.196473 -0.186176 -0.180959 -0.00600467 0.340864
3.24843 0.159681 1.12284 -0.0687547 -0.434912 0.107343 0.891404 0.42968 0.196473 -0.186176 -0.180959 -0.00600467 0.340864
3.33892 0.203047 1.24412 -0.100636 -0.458435 0.117975 0.875095 0.496481 0.196473 -0.186176 -0.180959 -0.00600467 0.340864
3.40154 0.238794 1.33613 -0.125348 -0.479984 0.113401 0.860839 0.191194 -0.897902 -0.108383 -0.169261 -0.0675495 0.340864
3.43611 0.258511 1.39272 -0.110912 -0.500004 0.0844597 0.854729 0.215861 0.07255 0.163704 -0.130371 -0.0869748 0.340864
3.47259 0.2759 1.45893 -0.0963116 -0.519282 0.0553933 0.84735 0.240528 0.07255 0.163704 -0.130371 -0.0869748 0.340864
3.51019 0.289859 1.53495 -0.0815679 -0.537789 0.0262448 0.838714 0.265195 0.07255 0.163704 -0.130371 -0.0869748 0.340864
3.54807 0.2993 1.62083 -0.0667032 -0.555499 -0.00294278 0.828833 0.289862 0.07255 0.163704 -0.130371 -0.0869748 0.340864
3.58534 0.303155 1.71648 -0.0517394 -0.572383 -0.032126 0.817721 0.314529 0.07255 0.163704 -0.130371 -0.0869748 0.340864
3.61729 0.304186 1.80758 -0.0710991 -0.582273 -0.0418186 0.808798 0.253436 -0.179687 -0.0650794 -0.0769151 -0.110495 0.340864
3.64055 0.305673 1.87969 -0.0904129 -0.591787 -0.0514843 0.799352 0.192342 -0.179687 -0.0650794 -0.0769151 -0.110495 0.340864
3.66013 0.307592 1.9411 -0.066858 -0.585561 -0.0267618 0.807423 0.187003 -0.015704 0.0308797 0.0633984 0.197419 0.340864
3.67981 0.307512 2.00728 -0.0554677 -0.605712 -0.0647508 0.791103 0.219298 0.0949874 0.175426 -0.168722 -0.135892 0.340864
3.69806 0.301873 2.08499 -0.0439528 -0.624504 -0.102594 0.773006 0.251594 0.0949874 0.175426 -0.168722 -0.135892 0.340864
3.7133 0.289347 2.17383 -0.0323393 -0.641893 -0.140208 0.753173 0.28389 0.0949874 0.175426 -0.168722 -0.135892 0.340864
3.72504 0.271491 2.26182 0.0128031 -0.647333 -0.139738 0.749179 0.248783 -0.103255 0.193048 -0.0763504 0.17033 0.340864
3.73428 0.251572 2.33729 0.0579188 -0.651424 -0.138978 0.743624 0.213676 -0.103255 0.193048 -0.0763504 0.17033 0.340864
3.74156 0.230952 2.40028 0.102914 -0.654158 -0.137928 0.73652 0.17857 -0.103255 0.193048 -0.0763504 0.17033 0.340864
3.74728 0.211011 2.45093 0.147694 -0.655529 -0.13659 0.727881 0.143463 -0.103255 0.193048 -0.0763504 0.17033 0.340864
3.75336 0.186285 2.50307 0.162387 -0.6468 -0.169402 0.72566 0.197919 0.160165 0.19842 0.0455203 -0.0780552 0.340864
3.7615 0.148929 2.56937 0.176856 -0.637183 -0.201982 0.722442 0.252375 0.160165 0.19842 0.0455203 -0.0780552 0.340864
3.77155 0.0968517 2.64824 0.191082 -0.626691 -0.234284 0.718232 0.306831 0.160165 0.19842 0.0455203 -0.0780552 0.340864
3.78325 0.0281295 2.73788 0.205046 -0.615338 -0.266264 0.713035 0.361287 0.160165 0.19842 0.0455203 -0.0780552 0.340864
3.7962 -0.0589739 2.83631 0.218728 -0.60314 -0.297878 0.706859 0.415744 0.160165 0.19842 0.0455203 -0.0780552 0.340864
3.80992 -0.165985 2.94135 0.232109 -0.590113 -0.329083 0.699712 0.4702 0.160165 0.19842 0.0455203 -0.0780552 0.340864
3.82794 -0.283693 3.04572 0.26216 -0.572909 -0.318296 0.708333 0.461399 -0.0258835 0.107798 0.0278475 0.188932 0.340864
3.85406 -0.401442 3.14364 0.291845 -0.554908 -0.307067 0.71597 0.452599 -0.0258835 0.107798 0.0278475 0.188932 0.340864
3.88804 -0.518446 3.23513 0.321125 -0.536137 -0.295412 0.722612 0.443799 -0.0258835 0.107798 0.0278475 0.188932 0.340864
3.92957 -0.633953 3.32024 0.349959 -0.51662 -0.283345 0.72825 0.434998 -0.0258835 0.107798 0.0278475 0.188932 0.340864
3.96745 -0.73836 3.39719 0.323549 -0.536325 -0.292779 0.722463 0.35992 -0.220817 -0.105422 -0.0385656 -0.170915 0.340864
3.99478 -0.835002 3.47409 0.294118 -0.566947 -0.29812 0.709359 0.384383 0.0719498 -0.13607 -0.110667 -0.196464 0.340864
4.01391 -0.935686 3.56166 0.264097 -0.596434 -0.302863 0.694833 0.408846 0.0719498 -0.13607 -0.110667 -0.196464 0.340864
4.02359 -1.03915 3.66007 0.233548 -0.624725 -0.307 0.678915 0.433309 0.0719498 -0.13607 -0.110667 -0.196464 0.340864
4.02623 -1.1295 3.74669 0.239008 -0.622746 -0.327483 0.669192 0.303147 -0.38283 0.114021 -0.00954646 -0.076581 0.340864
4.02624 -1.19003 3.80042 0.244337 -0.620425 -0.347786 0.659103 0.172985 -0.38283 0.114021 -0.00954646 -0.076581 0.340864
4.02505 -1.23165 3.83557 0.248747 -0.627867 -0.349188 0.649596 0.147546 -0.07482 0.0206494 -0.0705578 -0.0194843 0.340864
4.02311 -1.26686 3.86486 0.253115 -0.635205 -0.35053 0.639981 0.122107 -0.07482 0.0206494 -0.0705578 -0.0194843 0.340864
4.01856 -1.32944 3.91758 0.273053 -0.65352 -0.319149 0.62968 0.360008 0.699707 -0.0646487 -0.195334 0.144171 0.340864
4.01067 -1.41849 3.99113 0.279645 -0.653657 -0.334896 0.618365 0.321026 -0.114652 0.102879 -0.0310904 -0.0544538 0.340864
4.00153 -1.49943 4.05338 0.28612 -0.65352 -0.350503 0.60679 0.282044 -0.114652 0.102879 -0.0310904 -0.0544538 0.340864
3.99169 -1.57159 4.105 0.292475 -0.653108 -0.365963 0.594961 0.243062 -0.114652 0.102879 -0.0310904 -0.0544538 0.340864
3.98172 -1.63436 4.14669 0.298707 -0.652423 -0.38127 0.582882 0.20408 -0.114652 0.102879 -0.0310904 -0.0544538 0.340864
3.97217 -1.68718 4.17919 0.304814 -0.651464 -0.396416 0.570559 0.165098 -0.114652 0.102879 -0.0310904 -0.0544538 0.340864
3.96218 -1.74439 4.21138 0.331747 -0.644534 -0.392329 0.566213 0.225512 0.177688 0.0986936 -0.0635378 0.119237 0.340864
3.95129 -1.82113 4.25075 0.358412 -0.637084 -0.387924 0.561409 0.285926 0.177688 0.0986936 -0.0635378 0.119237 0.340864
3.94068 -1.91806 4.29595 0.384786 -0.629117 -0.383205 0.556152 0.34634 0.177688 0.0986936 -0.0635378 0.119237 0.340864
3.93164 -2.03568 4.34566 0.41085 -0.620642 -0.378177 0.550444 0.406754 0.177688 0.0986936 -0.0635378 0.119237 0.340864
3.92591 -2.16443 4.40221 0.384448 -0.612762 -0.369934 0.582985 0.421272 0.042702 -0.176751 0.183187 0.0217426 0.340864
3.92485 -2.29396 4.46886 0.357321 -0.603726 -0.360993 0.614427 0.435791 0.042702 -0.176751 0.183187 0.0217426 0.340864
3.92926 -2.42348 4.54558 0.32952 -0.593552 -0.351372 0.64471 0.45031 0.042702 -0.176751 0.183187 0.0217426 0.340864
3.93498 -2.54058 4.62123 0.309419 -0.595805 -0.358433 0.648693 0.370471 -0.23482 -0.0639596 0.0605992 -0.0931025 0.340864
3.9379 -2.63368 4.68412 0.289171 -0.597775 -0.365323 0.652368 0.290632 -0.23482 -0.0639596 0.0605992 -0.0931025 0.340864
3.9389 -2.70329 4.7333 0.268786 -0.599462 -0.372041 0.655733 0.210793 -0.23482 -0.0639596 0.0605992 -0.0931025 0.340864
3.9388 -2.75001 4.76783 0.248274 -0.600863 -0.378581 0.658787 0.130954 -0.23482 -0.0639596 0.0605992 -0.0931025 0.340864
3.93836 -2.77451 4.78674 0.227643 -0.60198 -0.384942 0.661527 0.0511157 -0.23482 -0.0639596 0.0605992 -0.0931025 0.340864
3.9378 -2.82799 4.82958 0.247423 -0.608528 -0.360449 0.662233 0.351997 0.884944 -0.0255414 -0.100592 0.15821 0.340864
3.93538 -2.92559 4.90322 0.247735 -0.598921 -0.401199 0.647272 0.367517 0.0456468 0.189294 0.0425355 -0.175425 0.340864
3.92771 -3.03183 4.97342 0.247557 -0.588129 -0.441157 0.631031 0.383036 0.0456468 0.189294 0.0425355 -0.175425 0.340864
3.91402 -3.1463 5.03942 0.246889 -0.576175 -0.480243 0.613543 0.398556 0.0456468 0.189294 0.0425355 -0.175425 0.340864
3.89352 -3.26845 5.10054 0.245734 -0.563081 -0.518379 0.594842 0.414076 0.0456468 0.189294 0.0425355 -0.175425 0.340864
3.86546 -3.39762 5.1561 0.244093 -0.548875 -0.555491 0.574965 0.429596 0.0456468 0.189294 0.0425355 -0.175425 0.340864
3.82911 -3.53305 5.20551 0.241969 -0.533583 -0.591504 0.553952 0.445116 0.0456468 0.189294 0.0425355 -0.175425 0.340864
3.78849 -3.66674 5.2502 0.232265 -0.529759 -0.601438 0.551072 0.417845 -0.0802086 0.0169654 0.0513306 -0.0674084 0.340864
3.74831 -3.79133 5.29204 0.22251 -0.52582 -0.611243 0.548073 0.390574 -0.0802086 0.0169654 0.0513306 -0.0674084 0.340864
3.70886 -3.90685 5.33105 0.212708 -0.521768 -0.620915 0.544957 0.363303 -0.0802086 0.0169654 0.0513306 -0.0674084 0.340864
3.67045 -4.01337 5.36728 0.20286 -0.517603 -0.630454 0.541722 0.336033 -0.0802086 0.0169654 0.0513306 -0.0674084 0.340864
3.63338 -4.11094 5.40075 0.192968 -0.513327 -0.639856 0.538371 0.308762 -0.0802086 0.0169654 0.0513306 -0.0674084 0.340864
3.59446 -4.20992 5.43713 0.166967 -0.508177 -0.644113 0.546807 0.352494 0.128623 -0.0596871 0.144493 -0.0543995 0.340864
3.55047 -4.3203 5.48274 0.140835 -0.502624 -0.647859 0.554809 0.396225 0.128623 -0.0596871 0.144493 -0.0543995 0.340864
3.50169 -4.44159 5.53856 0.114591 -0.496674 -0.651092 0.562373 0.439957 0.128623 -0.0596871 0.144493 -0.0543995 0.340864
3.46653 -4.53304 5.58132 0.149113 -0.508029 -0.630942 0.567083 0.188963 -0.73822 0.00866938 -0.169652 0.177957 0.340864
3.44196 -4.5965 5.61127 0.146993 -0.540838 -0.61724 0.55218 0.248399 0.174813 -0.156755 -0.158169 -0.0447287 0.340864
3.41577 -4.66018 5.64443 0.142654 -0.559276 -0.596953 0.557232 0.201222 -0.138757 -0.149968 -0.0456136 0.0544953 0.340864
3.39223 -4.72213 5.67853 0.151914 -0.555833 -0.581612 0.574194 0.237221 0.105879 -0.0222642 0.021705 0.143217 0.340864
3.36865 -4.7952 5.71896 0.161079 -0.552045 -0.56591 0.590801 0.273219 0.105879 -0.0222642 0.021705 0.143217 0.340864
3.34616 -4.87941 5.7659 0.170145 -0.547914 -0.549857 0.607041 0.309218 0.105879 -0.0222642 0.021705 0.143217 0.340864
3.3259 -4.97474 5.81954 0.179104 -0.543444 -0.533462 0.622904 0.345217 0.105879 -0.0222642 0.021705 0.143217 0.340864
3.30902 -5.08106 5.88003 0.187953 -0.538635 -0.516736 0.63838 0.381216 0.105879 -0.0222642 0.021705 0.143217 0.340864
3.29665 -5.19817 5.94751 0.196685 -0.533493 -0.49969 0.65346 0.417215 0.105879 -0.0222642 0.021705 0.143217 0.340864
3.29124 -5.31386 6.01471 0.206831 -0.522516 -0.482197 0.672074 0.370543 -0.137271 -0.00516648 0.0505568 0.166519 0.340864
3.29326 -5.41581 6.07416 0.216796 -0.511081 -0.464282 0.6901 0.323871 -0.137271 -0.00516648 0.0505568 0.166519 0.340864
3.30086 -5.5037 6.12568 0.226571 -0.499198 -0.44596 0.707521 0.277199 -0.137271 -0.00516648 0.0505568 0.166519 0.340864
3.31221 -5.57737 6.16919 0.236147 -0.486878 -0.427248 0.724323 0.230526 -0.137271 -0.00516648 0.0505568 0.166519 0.340864
3.32546 -5.63679 6.2046 0.245517 -0.474132 -0.408161 0.74049 0.183854 -0.137271 -0.00516648 0.0505568 0.166519 0.340864
3.3388 -5.6892 6.23779 0.209025 -0.478901 -0.410808 0.747127 0.189441 0.0164305 -0.172652 0.0891986 -0.104282 0.340864
3.35174 -5.74157 6.27469 0.172238 -0.482997 -0.412877 0.752715 0.195027 0.0164305 -0.172652 0.0891986 -0.104282 0.340864
3.36436 -5.7936 6.31538 0.13521 -0.486415 -0.414366 0.757245 0.200613 0.0164305 -0.172652 0.0891986 -0.104282 0.340864
3.3768 -5.84502 6.35992 0.0979911 -0.489149 -0.415272 0.76071 0.2062 0.0164305 -0.172652 0.0891986 -0.104282 0.340864
3.39139 -5.90732 6.41561 0.0907314 -0.480405 -0.430387 0.758779 0.292777 0.254638 0.0334791 0.0600204 -0.0882058 0.340864
3.41004 -5.99264 6.48928 0.0834389 -0.471487 -0.445346 0.756574 0.379354 0.254638 0.0334791 0.0600204 -0.0882058 0.340864
3.43052 -6.07899 6.56133 0.0978278 -0.458802 -0.434568 0.768818 0.293123 -0.253619 0.0613707 0.0474319 0.126191 0.340864
3.44933 -6.14357 6.6133 0.112155 -0.445826 -0.423513 0.780575 0.206893 -0.253619 0.0613707 0.0474319 0.126191 0.340864
3.46398 -6.18599 6.64625 0.126411 -0.432568 -0.412191 0.791836 0.120662 -0.253619 0.0613707 0.0474319 0.126191 0.340864
3.47197 -6.20607 6.66134 0.140586 -0.419035 -0.400607 0.802596 0.0344313 -0.253619 0.0613707 0.0474319 0.126191 0.340864
3.47908 -6.22097 6.6721 0.153883 -0.399266 -0.384302 0.818058 0.0814817 0.138383 0.0563937 0.0866444 0.162567 0.340864
3.49394 -6.24757 6.6907 0.167014 -0.379069 -0.367585 0.832643 0.128532 0.138383 0.0563937 0.0866444 0.162567 0.340864
3.51831 -6.28533 6.71623 0.179966 -0.358465 -0.350474 0.846335 0.175582 0.138383 0.0563937 0.0866444 0.162567 0.340864
3.55386 -6.33354 6.74775 0.192726 -0.337477 -0.332987 0.859119 0.222633 0.138383 0.0563937 0.0866444 0.162567 0.340864
3.60215 -6.39132 6.78424 0.205278 -0.316127 -0.315143 0.870982 0.269683 0.138383 0.0563937 0.0866444 0.162567 0.340864
3.66463 -6.45764 6.82465 0.217611 -0.294437 -0.29696 0.881911 0.316734 0.138383 0.0563937 0.0866444 0.162567 0.340864
3.74262 -6.53131 6.86789 0.22971 -0.272432 -0.27846 0.891894 0.363784 0.138383 0.0563937 0.0866444 0.162567 0.340864
3.82945 -6.60236 6.91094 0.207305 -0.252597 -0.249252 0.911643 0.343304 -0.0602352 -0.158605 0.132997 0.176544 0.340864
3.91688 -6.66204 6.95108 0.184456 -0.232221 -0.219512 0.929443 0.322824 -0.0602352 -0.158605 0.132997 0.176544 0.340864
4.00377 -6.71097 6.98776 0.161213 -0.211348 -0.189302 0.945255 0.302344 -0.0602352 -0.158605 0.132997 0.176544 0.340864
4.08902 -6.74989 7.02056 0.137625 -0.190024 -0.158688 0.959046 0.281864 -0.0602352 -0.158605 0.132997 0.176544 0.340864
4.17161 -6.77963 7.04917 0.113743 -0.168293 -0.127734 0.970785 0.261384 -0.0602352 -0.158605 0.132997 0.176544 0.340864
4.25059 -6.80109 7.07343 0.0896178 -0.146202 -0.0965065 0.980449 0.240904 -0.0602352 -0.158605 0.132997 0.176544 0.340864
4.3251 -6.81525 7.09331 0.0653009 -0.123799 -0.065073 0.988016 0.220424 -0.0602352 -0.158605 0.132997 0.176544 0.340864
4.39438 -6.82313 7.10888 0.0408443 -0.101131 -0.0335004 0.99347 0.199944 -0.0602352 -0.158605 0.132997 0.176544 0.340864
4.45778 -6.82578 7.12034 0.0163003 -0.0782467 -0.00185603 0.996799 0.179464 -0.0602352 -0.158605 0.132997 0.176544 0.340864
4.51476 -6.82425 7.12803 -0.00827853 -0.055195 0.0297923 0.997997 0.158984 -0.0602352 -0.158605 0.132997 0.176544 0.340864
4.55688 -6.82171 7.13372 -0.0328773 -0.0822107 0.0271459 0.995703 0.0915253 -0.198409 -0.138958 -0.163819 -0.0218095 0.340864
4.57617 -6.82053 7.13731 -0.0574318 -0.109116 0.024463 0.992067 0.0240664 -0.198409 -0.138958 -0.163819 -0.0218095 0.340864
4.59159 -6.81892 7.14059 -0.0659231 -0.106118 0.0590688 0.990406 0.0691944 0.132729 -0.0727727 0.0269045 0.195767 0.340864
4.62172 -6.81366 7.14669 -0.07433 -0.102984 0.093599 0.987476 0.114322 0.132729 -0.0727727 0.0269045 0.195767 0.340864
4.66614 -6.80267 7.15516 -0.0826416 -0.0997175 0.128009 0.98328 0.15945 0.132729 -0.0727727 0.0269045 0.195767 0.340864
4.72419 -6.78391 7.16548 -0.0908472 -0.0963237 0.162255 0.977825 0.204578 0.132729 -0.0727727 0.0269045 0.195767 0.340864
4.79503 -6.75546 7.17706 -0.0989365 -0.0928065 0.196294 0.971117 0.249706 0.132729 -0.0727727 0.0269045 0.195767 0.340864
4.8776 -6.71547 7.18927 -0.106899 -0.0891704 0.23008 0.963164 0.294834 0.132729 -0.0727727 0.0269045 0.195767 0.340864
4.97065 -6.66223 7.2014 -0.114725 -0.08542 0.263572 0.953977 0.339962 0.132729 -0.0727727 0.0269045 0.195767 0.340864
5.06421 -6.60056 7.2168 -0.0870048 -0.11662 0.288753 0.946283 0.325611 -0.0422085 0.186157 -0.119024 0.188292 0.340864
5.14906 -6.53713 7.23895 -0.0590732 -0.147535 0.31323 0.936286 0.31126 -0.0422085 0.186157 -0.119024 0.188292 0.340864
5.22658 -6.47241 7.26546 -0.035415 -0.157687 0.336381 0.927754 0.302991 -0.0243221 0.125975 -0.0116847 0.167322 0.340864
5.29823 -6.40641 7.29431 -0.0117119 -0.167639 0.359105 0.918043 0.294721 -0.0243221 0.125975 -0.0116847 0.167322 0.340864
5.36406 -6.33965 7.32543 0.0120062 -0.177378 0.381372 0.907165 0.286452 -0.0243221 0.125975 -0.0116847 0.167322 0.340864
5.42413 -6.27262 7.35874 0.035709 -0.186891 0.403154 0.895133 0.278182 -0.0243221 0.125975 -0.0116847 0.167322 0.340864
5.47856 -6.2058 7.39413 0.0593664 -0.196166 0.424424 0.881963 0.269913 -0.0243221 0.125975 -0.0116847 0.167322 0.340864
5.53107 -6.13857 7.42701 0.0379905 -0.162977 0.425199 0.889495 0.268023 -0.00555882 -0.197336 0.12727 -0.0278622 0.340864
5.58513 -6.07036 7.45283 0.0165532 -0.129525 0.425288 0.895589 0.266133 -0.00555882 -0.197336 0.12727 -0.0278622 0.340864
5.6404 -6.00165 7.47153 -0.00491079 -0.095864 0.424689 0.900236 0.264243 -0.00555882 -0.197336 0.12727 -0.0278622 0.340864
5.69659 -5.93296 7.4831 -0.0263669 -0.0620479 0.423405 0.903429 0.262353 -0.00555882 -0.197336 0.12727 -0.0278622 0.340864
5.75336 -5.86475 7.48757 -0.0477804 -0.0281314 0.421436 0.905162 0.260463 -0.00555882 -0.197336 0.12727 -0.0278622 0.340864
5.8104 -5.79751 7.48502 -0.0691166 0.00583042 0.418786 0.905432 0.258573 -0.00555882 -0.197336 0.12727 -0.0278622 0.340864
5.8674 -5.7317 7.47558 -0.0903412 0.0397829 0.41546 0.904239 0.256683 -0.00555882 -0.197336 0.12727 -0.0278622 0.340864
5.92404 -5.66777 7.45942 -0.11142 0.073671 0.411462 0.901586 0.254793 -0.00555882 -0.197336 0.12727 -0.0278622 0.340864
5.98001 -5.60614 7.43676 -0.132318 0.10744 0.4068 0.897476 0.252903 -0.00555882 -0.197336 0.12727 -0.0278622 0.340864
6.03667 -5.54917 7.41224 -0.155234 0.0911204 0.374805 0.909462 0.24136 -0.0339494 -0.0928481 -0.173527 -0.170461 0.340864
6.09504 -5.49883 7.39053 -0.177846 0.0746222 0.342076 0.919666 0.229817 -0.0339494 -0.0928481 -0.173527 -0.170461 0.340864
6.15438 -5.45491 7.37183 -0.200109 0.0579778 0.308677 0.92807 0.218275 -0.0339494 -0.0928481 -0.173527 -0.170461 0.340864
6.21395 -5.41713 7.35625 -0.221981 0.0412198 0.274674 0.934655 0.206732 -0.0339494 -0.0928481 -0.173527 -0.170461 0.340864
6.27304 -5.38518 7.34386 -0.243417 0.0243811 0.240132 0.939409 0.195189 -0.0339494 -0.0928481 -0.173527 -0.170461 0.340864
6.331 -5.3587 7.33464 -0.264377 0.00749466 0.20512 0.942324 0.183646 -0.0339494 -0.0928481 -0.173527 -0.170461 0.340864
6.39533 -5.33375 7.32577 -0.287683 0.0140433 0.1829 0.939994 0.22564 0.123511 -0.141719 -0.0262803 -0.12954 0.340864
6.47421 -5.30766 7.31443 -0.310678 0.0205767 0.16048 0.936644 0.267634 0.123511 -0.141719 -0.0262803 -0.12954 0.340864
6.56787 -5.28186 7.30063 -0.333335 0.0270878 0.137887 0.932278 0.309627 0.123511 -0.141719 -0.0262803 -0.12954 0.340864
6.67647 -5.25782 7.2845 -0.35563 0.0335695 0.115144 0.926899 0.351621 0.123511 -0.141719 -0.0262803 -0.12954 0.340864
6.80009 -5.23702 7.26627 -0.377539 0.0400147 0.0922763 0.920515 0.393615 0.123511 -0.141719 -0.0262803 -0.12954 0.340864
6.93304 -5.21938 7.24594 -0.39027 0.0484637 0.0863908 0.915356 0.404323 0.0314941 -0.0863645 0.0269841 -0.0448384 0.340864
7.06962 -5.204 7.22333 -0.402885 0.0568984 0.0804797 0.909928 0.415031 0.0314941 -0.0863645 0.0269841 -0.0448384 0.340864
7.20266 -5.19415 7.20064 -0.423026 0.0662028 0.0555301 0.901988 0.381072 -0.099879 -0.139405 -0.0162071 -0.145122 0.340864
7.32473 -5.19212 7.1803 -0.442669 0.0754292 0.0305151 0.892986 0.347113 -0.099879 -0.139405 -0.0162071 -0.145122 0.340864
7.43546 -5.1966 7.16253 -0.46179 0.0845668 0.00546411 0.882932 0.313154 -0.099879 -0.139405 -0.0162071 -0.145122 0.340864
7.53454 -5.20625 7.14745 -0.480368 0.0936048 -0.0195933 0.871838 0.279195 -0.099879 -0.139405 -0.0162071 -0.145122 0.340864
7.62179 -5.21971 7.13511 -0.498379 0.102533 -0.0446276 0.859717 0.245237 -0.099879 -0.139405 -0.0162071 -0.145122 0.340864
7.69712 -5.23564 7.12543 -0.515804 0.111339 -0.0696094 0.846584 0.211278 -0.099879 -0.139405 -0.0162071 -0.145122 0.340864
7.76052 -5.2527 7.11827 -0.532621 0.120015 -0.0945092 0.832453 0.177319 -0.099879 -0.139405 -0.0162071 -0.145122 0.340864
7.83906 -5.27548 7.10956 -0.539983 0.121878 -0.0835217 0.828606 0.3064 0.379651 -0.0393114 0.050357 0.0510263 0.340864
7.92826 -5.30334 7.09678 -0.537775 0.158005 -0.0924807 0.82297 0.248545 -0.170162 0.0041863 0.150622 -0.16281 0.340864
7.99693 -5.32921 7.08308 -0.534803 0.193907 -0.101308 0.816164 0.19069 -0.170162 0.0041863 0.150622 -0.16281 0.340864
8.06348 -5.35549 7.06805 -0.536487 0.184036 -0.0914289 0.818507 0.239388 0.143229 0.00466827 -0.0179819 0.0818049 0.340864
8.14606 -5.38542 7.05007 -0.538063 0.174127 -0.0815311 0.820683 0.288086 0.143229 0.00466827 -0.0179819 0.0818049 0.340864
8.24498 -5.41812 7.02931 -0.539529 0.164183 -0.0716166 0.822693 0.336784 0.143229 0.00466827 -0.0179819 0.0818049 0.340864
8.36046 -5.45268 7.00596 -0.540886 0.154205 -0.0616877 0.824535 0.385482 0.143229 0.00466827 -0.0179819 0.0818049 0.340864
8.4927 -5.48821 6.98021 -0.542132 0.144196 -0.0517461 0.82621 0.434179 0.143229 0.00466827 -0.0179819 0.0818049 0.340864
8.64189 -5.52378 6.95224 -0.543269 0.134158 -0.0417941 0.827716 0.482877 0.143229 0.00466827 -0.0179819 0.0818049 0.340864
8.79579 -5.55692 6.91856 -0.519275 0.156295 -0.0199985 0.839955 0.464325 -0.0545661 0.178626 0.161926 0.0194559 0.340864
8.94181 -5.58553 6.87627 -0.494404 0.178169 0.00183088 0.850774 0.445772 -0.0545661 0.178626 0.161926 0.0194559 0.340864
9.07955 -5.6093 6.8265 -0.468698 0.199741 0.0236572 0.860155 0.42722 -0.0545661 0.178626 0.161926 0.0194559 0.340864
9.20872 -5.62805 6.77039 -0.442198 0.220975 0.0454435 0.868081 0.408667 -0.0545661 0.178626 0.161926 0.0194559 0.340864
9.3291 -5.64167 6.7091 -0.414952 0.241836 0.0671529 0.87454 0.390115 -0.0545661 0.178626 0.161926 0.0194559 0.340864
9.44055 -5.65014 6.64377 -0.387003 0.262288 0.0887489 0.879521 0.371562 -0.0545661 0.178626 0.161926 0.0194559 0.340864
9.54618 -5.65996 6.57685 -0.389153 0.279034 0.061403 0.875745 0.3664 -0.0151821 -0.070665 0.0290949 -0.174343 0.340864
9.64888 -5.67736 6.51017 -0.390896 0.295488 0.0339928 0.871052 0.361238 -0.0151821 -0.070665 0.0290949 -0.174343 0.340864
9.70598 -5.68776 6.47171 -0.388824 0.297324 0.0689275 0.869289 0.048418 -0.92006 0.0669328 0.0932312 0.171565 0.340864
9.72932 -5.69175 6.4552 -0.392733 0.309067 0.0485722 0.8648 0.121412 0.214689 -0.0706233 0.0197578 -0.1223 0.340864
9.77218 -5.70164 6.42441 -0.396411 0.320628 0.0281883 0.859803 0.194407 0.214689 -0.0706233 0.0197578 -0.1223 0.340864
9.83388 -5.71971 6.37937 -0.399856 0.332001 0.00778792 0.854301 0.267401 0.214689 -0.0706233 0.0197578 -0.1223 0.340864
9.91361 -5.74824 6.32018 -0.403066 0.343178 -0.0126171 0.848297 0.340395 0.214689 -0.0706233 0.0197578 -0.1223 0.340864
10.0104 -5.78943 6.24704 -0.406039 0.354154 -0.0330147 0.841794 0.41339 0.214689 -0.0706233 0.0197578 -0.1223 0.340864
10.0896 -5.82656 6.19045 -0.417313 0.330267 -0.0576007 0.844663 0.199285 -0.629721 -0.104852 -0.180834 -0.040655 0.340864
10.1466 -5.85237 6.15448 -0.388758 0.307603 -0.0598884 0.866407 0.225409 0.0768371 0.183186 -0.170195 -0.00383954 0.340864
10.2129 -5.87899 6.11612 -0.3595 0.284383 -0.0620679 0.886585 0.251534 0.0768371 0.183186 -0.170195 -0.00383954 0.340864
10.2887 -5.90606 6.07612 -0.329593 0.260649 -0.0641352 0.905161 0.277658 0.0768371 0.183186 -0.170195 -0.00383954 0.340864
10.3745 -5.93326 6.03529 -0.299091 0.236443 -0.0660866 0.922102 0.303783 0.0768371 0.183186 -0.170195 -0.00383954 0.340864
10.462 -5.96019 5.99782 -0.290138 0.220417 -0.0828271 0.927564 0.27793 -0.0760381 0.0286576 -0.127471 -0.0729423 0.340864
10.5425 -5.98638 5.96689 -0.280999 0.204249 -0.099514 0.932427 0.252077 -0.0760381 0.0286576 -0.127471 -0.0729423 0.340864
10.6156 -6.01158 5.94191 -0.271677 0.187948 -0.116136 0.936685 0.226224 -0.0760381 0.0286576 -0.127471 -0.0729423 0.340864
10.6812 -6.03546 5.92223 -0.262179 0.171525 -0.132684 0.940338 0.200371 -0.0760381 0.0286576 -0.127471 -0.0729423 0.340864
10.739 -6.05772 5.90722 -0.252512 0.154992 -0.149145 0.943383 0.174518 -0.0760381 0.0286576 -0.127471 -0.0729423 0.340864
10.7888 -6.07803 5.89625 -0.242682 0.138358 -0.16551 0.945817 0.148665 -0.0760381 0.0286576 -0.127471 -0.0729423 0.340864
10.8307 -6.09605 5.88867 -0.232694 0.121635 -0.181768 0.947639 0.122812 -0.0760381 0.0286576 -0.127471 -0.0729423 0.340864
10.8644 -6.11141 5.88385 -0.222556 0.104833 -0.197908 0.948847 0.0969594 -0.0760381 0.0286576 -0.127471 -0.0729423 0.340864
10.8927 -6.12356 5.8803 -0.191484 0.0942984 -0.167552 0.96248 0.0856471 -0.0332716 0.197806 -0.0636596 0.18 0.340864
10.9182 -6.13245 5.87707 -0.159993 0.0835581 -0.136829 0.974011 0.0743347 -0.0332716 0.197806 -0.0636596 0.18 0.340864
10.9406 -6.13854 5.87432 -0.128153 0.0726353 -0.105808 0.983415 0.0630224 -0.0332716 0.197806 -0.0636596 0.18 0.340864
10.9596 -6.14233 5.87213 -0.0960327 0.0615539 -0.0745559 0.990672 0.0517101 -0.0332716 0.197806 -0.0636596 0.18 0.340864
10.975 -6.14432 5.87054 -0.063703 0.0503381 -0.0431408 0.995764 0.0403977 -0.0332716 0.197806 -0.0636596 0.18 0.340864
10.9868 -6.14504 5.86951 -0.0312342 0.0390123 -0.0116314 0.998683 0.0290854 -0.0332716 0.197806 -0.0636596 0.18 0.340864
10.9947 -6.145 5.86897 0.00130282 0.0276013 0.0199033 0.99942 0.017773 -0.0332716 0.197806 -0.0636596 0.18 0.340864
10.9988 -6.14473 5.86879 0.033837 0.0161301 0.0513946 0.997975 0.00646068 -0.0332716 0.197806 -0.0636596 0.18 0.340864
11.0038 -6.14408 5.86863 0.0201612 0.0177786 0.0722179 0.997027 0.0234637 0.050009 -0.0786248 0.0014883 0.124167 0.340864
11.0146 -6.14226 5.86825 0.00647288 0.019416 0.0929961 0.995456 0.0404668 0.050009 -0.0786248 0.0014883 0.124167 0.340864
11.0308 -6.13882 5.86758 -0.00721951 0.0210412 0.113716 0.993264 0.0574698 0.050009 -0.0786248 0.0014883 0.124167 0.340864
11.0525 -6.1333 5.86652 -0.0209074 0.0226534 0.134365 0.990452 0.0744729 0.050009 -0.0786248 0.0014883 0.124167 0.340864
11.0795 -6.12524 5.86498 -0.0345822 0.0242514 0.154931 0.987022 0.091476 0.050009 -0.0786248 0.0014883 0.124167 0.340864
11.1116 -6.11424 5.86283 -0.0482355 0.0258342 0.175399 0.982976 0.108479 0.050009 -0.0786248 0.0014883 0.124167 0.340864
11.1724 -6.09275 5.85709 -0.0371735 0.0468498 0.166279 0.984263 0.272492 0.482391 0.0412634 0.130161 -0.0617159 0.340864
11.2859 -6.05489 5.84207 -0.0260874 0.0678351 0.157051 0.984913 0.436505 0.482391 0.0412634 0.130161 -0.0617159 0.340864
11.4234 -6.01246 5.81785 -0.0101437 0.0951321 0.140718 0.985416 0.422332 -0.041686 0.0607265 0.170206 -0.105665 0.340864
11.5563 -5.97566 5.78753 0.00581281 0.122309 0.124207 0.984672 0.408159 -0.041686 0.0607265 0.170206 -0.105665 0.340864
11.678 -5.94089 5.7545 0.0220482 0.138822 0.142972 0.979694 0.361572 -0.13702 0.0956596 0.110466 0.10123 0.340864
11.7828 -5.90569 5.72256 0.0382635 0.155208 0.161607 0.973822 0.314985 -0.13702 0.0956596 0.110466 0.10123 0.340864
11.8709 -5.87135 5.69272 0.0544439 0.171453 0.180095 0.96706 0.268398 -0.13702 0.0956596 0.110466 0.10123 0.340864
11.9421 -5.84015 5.66766 0.0364331 0.163641 0.200117 0.965322 0.211989 -0.165909 -0.0734394 -0.068191 0.13142 0.340864
11.9959 -5.81434 5.64912 0.0183935 0.155699 0.219982 0.962823 0.15558 -0.165909 -0.0734394 -0.068191 0.13142 0.340864
12.0723 -5.77681 5.62743 0.0381772 0.118023 0.214472 0.968821 0.361396 0.605341 0.155155 -0.19274 -0.0611806 0.340864
12.1705 -5.72957 5.60099 0.0535204 0.146388 0.208002 0.96563 0.298595 -0.184709 0.0478885 0.184708 -0.0371392 0.340864
12.2491 -5.69194 5.57525 0.0688053 0.174593 0.201304 0.961384 0.235794 -0.184709 0.0478885 0.184708 -0.0371392 0.340864
12.3082 -5.66355 5.5523 0.0840149 0.202607 0.194386 0.956089 0.172993 -0.184709 0.0478885 0.184708 -0.0371392 0.340864
12.3484 -5.64412 5.53419 0.0991329 0.2304 0.187256 0.949749 0.110192 -0.184709 0.0478885 0.184708 -0.0371392 0.340864
12.3884 -5.62431 5.513 0.0658118 0.253024 0.193826 0.945557 0.180496 0.206777 -0.199784 0.0915681 0.0997054 0.340864
12.4457 -5.59519 5.47779 0.0323801 0.275223 0.200071 0.939774 0.2508 0.206777 -0.199784 0.0915681 0.0997054 0.340864
12.5189 -5.55739 5.42622 -0.00110623 0.296958 0.205978 0.93241 0.321105 0.206777 -0.199784 0.0915681 0.0997054 0.340864
12.6065 -5.51183 5.35606 -0.0345906 0.318193 0.211539 0.923476 0.391409 0.206777 -0.199784 0.0915681 0.0997054 0.340864
12.6983 -5.46784 5.27773 -0.0316087 0.32661 0.181142 0.9271 0.364323 -0.0796644 -0.0504423 0.0364711 -0.17696 0.340864
12.7849 -5.43344 5.20331 -0.0285947 0.334695 0.15056 0.929781 0.337237 -0.0796644 -0.0504423 0.0364711 -0.17696 0.340864
12.8657 -5.40772 5.13315 -0.0255515 0.34244 0.119825 0.931517 0.310151 -0.0796644 -0.0504423 0.0364711 -0.17696 0.340864
12.9401 -5.38973 5.06758 -0.0224824 0.349836 0.0889682 0.932306 0.283065 -0.0796644 -0.0504423 0.0364711 -0.17696 0.340864
13.0079 -5.37848 5.00692 -0.0193904 0.356877 0.058021 0.932146 0.255979 -0.0796644 -0.0504423 0.0364711 -0.17696 0.340864
13.0686 -5.37296 4.95147 -0.0162787 0.363554 0.0270148 0.931039 0.228893 -0.0796644 -0.0504423 0.0364711 -0.17696 0.340864
13.1221 -5.37214 4.9015 -0.0131505 0.369862 -0.00401889 0.928985 0.201807 -0.0796644 -0.0504423 0.0364711 -0.17696 0.340864
13.1779 -5.37282 4.8512 -0.0269015 0.348297 0.00947928 0.93695 0.239953 0.112192 -0.0456771 -0.133826 0.105552 0.340864
13.2459 -5.37211 4.79525 -0.0406283 0.326418 0.0229689 0.944072 0.278098 0.112192 -0.0456771 -0.133826 0.105552 0.340864
13.3266 -5.36943 4.73464 -0.0543185 0.304246 0.0364379 0.950345 0.316243 0.112192 -0.0456771 -0.133826 0.105552 0.340864
13.4061 -5.36555 4.67705 -0.0476412 0.309619 0.0381486 0.9489 0.261245 -0.161759 0.0387766 0.0346016 -0.00379398 0.340864
13.4698 -5.36189 4.62972 -0.0409602 0.314968 0.0398563 0.94738 0.206247 -0.161759 0.0387766 0.0346016 -0.00379398 0.340864
13.5181 -5.35866 4.593 -0.0342759 0.320292 0.0415609 0.945786 0.151248 -0.161759 0.0387766 0.0346016 -0.00379398 0.340864
13.5513 -5.35614 4.56723 -0.027589 0.325591 0.0432622 0.944118 0.0962502 -0.161759 0.0387766 0.0346016 -0.00379398 0.340864
13.5798 -5.35293 4.54392 -0.0240461 0.340493 0.066525 0.937583 0.121343 0.0738016 0.0593848 0.0999659 0.121668 0.340864
13.6137 -5.34696 4.51417 -0.0204835 0.355116 0.0897332 0.93028 0.146435 0.0738016 0.0593848 0.0999659 0.121668 0.340864
13.6525 -5.33751 4.47767 -0.0169042 0.369448 0.112868 0.922216 0.171528 0.0738016 0.0593848 0.0999659 0.121668 0.340864
13.6953 -5.32391 4.43417 -0.013311 0.383478 0.135911 0.913398 0.19662 0.0738016 0.0593848 0.0999659 0.121668 0.340864
13.7417 -5.30547 4.38347 -0.00970698 0.397195 0.158842 0.903832 0.221713 0.0738016 0.0593848 0.0999659 0.121668 0.340864
13.7907 -5.28158 4.32542 -0.00609497 0.410586 0.181643 0.893526 0.246805 0.0738016 0.0593848 0.0999659 0.121668 0.340864
13.8416 -5.25164 4.25993 -0.00247798 0.423641 0.204295 0.882488 0.271898 0.0738016 0.0593848 0.0999659 0.121668 0.340864
13.8797 -5.22474 4.208 0.0198917 0.426476 0.22954 0.874662 0.138825 -0.391392 0.175547 0.0614824 0.0846819 0.340864
13.9054 -5.2024 4.16985 0.0417214 0.450446 0.24231 0.858279 0.162207 0.0687704 0.113932 0.192456 0.0358742 0.340864
13.9319 -5.17453 4.12496 0.0634893 0.473748 0.254721 0.840624 0.185589 0.0687704 0.113932 0.192456 0.0358742 0.340864
13.9583 -5.14058 4.07347 0.085163 0.496348 0.266754 0.821722 0.20897 0.0687704 0.113932 0.192456 0.0358742 0.340864
13.9835 -5.10005 4.01561 0.106711 0.518212 0.278392 0.801603 0.232352 0.0687704 0.113932 0.192456 0.0358742 0.340864
14.0066 -5.05243 3.95173 0.1281 0.539308 0.289617 0.780294 0.255734 0.0687704 0.113932 0.192456 0.0358742 0.340864
14.0267 -4.99728 3.88233 0.149299 0.559604 0.300413 0.757829 0.279116 0.0687704 0.113932 0.192456 0.0358742 0.340864
14.043 -4.93417 3.80799 0.170277 0.579071 0.310764 0.73424 0.302498 0.0687704 0.113932 0.192456 0.0358742 0.340864
14.0545 -4.86273 3.72944 0.191003 0.597679 0.320653 0.709563 0.32588 0.0687704 0.113932 0.192456 0.0358742 0.340864
14.0604 -4.78264 3.64747 0.211445 0.615401 0.330067 0.683834 0.349262 0.0687704 0.113932 0.192456 0.0358742 0.340864
14.0592 -4.69603 3.56223 0.207295 0.637875 0.340135 0.65913 0.365765 0.0485369 0.00684286 0.159284 0.131465 0.340864
14.049 -4.60547 3.47357 0.202889 0.659562 0.349783 0.633613 0.382267 0.0485369 0.00684286 0.159284 0.131465 0.340864
14.0291 -4.51138 3.38205 0.198233 0.680435 0.358999 0.607315 0.39877 0.0485369 0.00684286 0.159284 0.131465 0.340864
13.9989 -4.41424 3.28827 0.193332 0.700469 0.367773 0.580266 0.415272 0.0485369 0.00684286 0.159284 0.131465 0.340864
13.9578 -4.31456 3.19288 0.188193 0.719638 0.376092 0.552502 0.431775 0.0485369 0.00684286 0.159284 0.131465 0.340864
13.9052 -4.21289 3.09659 0.182821 0.73792 0.383947 0.524056 0.448277 0.0485369 0.00684286 0.159284 0.131465 0.340864
13.8406 -4.10985 3.00017 0.177224 0.755291 0.391329 0.494964 0.46478 0.0485369 0.00684286 0.159284 0.131465 0.340864
13.7637 -4.00607 2.9044 0.171408 0.77173 0.398228 0.465261 0.481283 0.0485369 0.00684286 0.159284 0.131465 0.340864
13.6995 -3.92468 2.82855 0.185383 0.783398 0.362869 0.469305 0.274529 -0.608099 -0.153721 0.0819837 -0.157962 0.340864
13.6521 -3.8697 2.77559 0.167551 0.803648 0.369083 0.435723 0.254193 -0.0598108 -0.0272025 0.165873 0.193151 0.340864
13.6162 -3.83441 2.73792 0.125022 0.811459 0.361283 0.442016 0.115741 -0.407213 -0.169095 -0.0944051 0.175151 0.340864
13.5891 -3.81005 2.70915 0.115177 0.801122 0.389922 0.439201 0.157207 0.121959 0.135167 -0.0554386 0.119856 0.340864
13.5532 -3.77804 2.67242 0.105214 0.789958 0.418159 0.435934 0.198673 0.121959 0.135167 -0.0554386 0.119856 0.340864
13.5083 -3.73833 2.62811 0.0951415 0.77798 0.445965 0.432217 0.240139 0.121959 0.135167 -0.0554386 0.119856 0.340864
13.4538 -3.69093 2.57658 0.0849711 0.765198 0.47331 0.428054 0.281606 0.121959 0.135167 -0.0554386 0.119856 0.340864
13.3896 -3.63586 2.51819 0.074713 0.751626 0.500167 0.423449 0.323072 0.121959 0.135167 -0.0554386 0.119856 0.340864
13.3152 -3.57323 2.45327 0.0643779 0.737279 0.526507 0.418407 0.364538 0.121959 0.135167 -0.0554386 0.119856 0.340864
13.2387 -3.51042 2.38685 0.0531725 0.739771 0.523433 0.419439 0.336894 -0.0813058 -0.0490192 -0.0318835 0.0387802 0.340864
13.1681 -3.45451 2.32396 0.0419595 0.742157 0.520285 0.420411 0.30925 -0.0813058 -0.0490192 -0.0318835 0.0387802 0.340864
13.1035 -3.40522 2.26492 0.0307406 0.744438 0.517062 0.421324 0.281606 -0.0813058 -0.0490192 -0.0318835 0.0387802 0.340864
13.0449 -3.36221 2.21003 0.0195173 0.746613 0.513766 0.422176 0.253962 -0.0813058 -0.0490192 -0.0318835 0.0387802 0.340864
12.9925 -3.32516 2.15961 0.00829118 0.748681 0.510397 0.422968 0.226318 -0.0813058 -0.0490192 -0.0318835 0.0387802 0.340864
12.9461 -3.29374 2.11396 -0.00293609 0.750643 0.506955 0.4237 0.198674 -0.0813058 -0.0490192 -0.0318835 0.0387802 0.340864
12.8999 -3.26067 2.06353 -0.00329718 0.742024 0.487709 0.459923 0.248376 0.146183 -0.059573 -0.18289 -0.154292 0.340864
12.852 -3.22245 2.00607 0.0178572 0.748549 0.470461 0.466928 0.245835 -0.00747529 -0.0366413 0.0474406 -0.159242 0.340864
12.8058 -3.18279 1.94947 0.0389966 0.754448 0.452819 0.473542 0.243293 -0.00747529 -0.0366413 0.0474406 -0.159242 0.340864
12.7613 -3.1418 1.89369 0.0601034 0.759716 0.434799 0.47976 0.240751 -0.00747529 -0.0366413 0.0474406 -0.159242 0.340864
12.7186 -3.09957 1.83867 0.0811599 0.764348 0.416415 0.485576 0.23821 -0.00747529 -0.0366413 0.0474406 -0.159242 0.340864
12.6779 -3.05623 1.78438 0.102148 0.76834 0.397683 0.490986 0.235668 -0.00747529 -0.0366413 0.0474406 -0.159242 0.340864
12.639 -3.01187 1.73077 0.123052 0.77169 0.378618 0.495985 0.233127 -0.00747529 -0.0366413 0.0474406 -0.159242 0.340864
12.6021 -2.96662 1.67779 0.143852 0.774394 0.359236 0.50057 0.230585 -0.00747529 -0.0366413 0.0474406 -0.159242 0.340864
12.5673 -2.92059 1.6254 0.164532 0.77645 0.339553 0.504735 0.228043 -0.00747529 -0.0366413 0.0474406 -0.159242 0.340864
12.5354 -2.874 1.5751 0.183934 0.764762 0.343896 0.512878 0.216681 -0.0334178 0.0929142 -0.037347 -0.103309 0.340864
12.5074 -2.82729 1.52845 0.203225 0.752616 0.348033 0.520713 0.205319 -0.0334178 0.0929142 -0.037347 -0.103309 0.340864
12.483 -2.78082 1.48541 0.222396 0.740019 0.351961 0.528238 0.193957 -0.0334178 0.0929142 -0.037347 -0.103309 0.340864
12.4621 -2.73495 1.44597 0.241433 0.72698 0.355679 0.535446 0.182595 -0.0334178 0.0929142 -0.037347 -0.103309 0.340864
12.4444 -2.69005 1.41005 0.260326 0.713506 0.359185 0.542334 0.171233 -0.0334178 0.0929142 -0.037347 -0.103309 0.340864
12.4292 -2.64762 1.37977 0.287142 0.707279 0.376552 0.524896 0.148256 -0.0675809 0.198347 0.0834049 -0.0298466 0.340864
12.4159 -2.60952 1.35672 0.313567 0.700086 0.393405 0.506742 0.125278 -0.0675809 0.198347 0.0834049 -0.0298466 0.340864
12.4046 -2.5765 1.34004 0.339564 0.69194 0.409722 0.487897 0.102301 -0.0675809 0.198347 0.0834049 -0.0298466 0.340864
12.3955 -2.54922 1.32879 0.365099 0.682849 0.42548 0.468387 0.0793232 -0.0675809 0.198347 0.0834049 -0.0298466 0.340864
12.3887 -2.52827 1.32195 0.390135 0.672828 0.440658 0.448238 0.0563457 -0.0675809 0.198347 0.0834049 -0.0298466 0.340864
12.3817 -2.50272 1.31496 0.398972 0.640362 0.450891 0.476924 0.104966 0.142999 0.0821505 -0.199779 -0.156911 0.340864
12.3733 -2.46094 1.30422 0.406987 0.606577 0.460194 0.504626 0.153585 0.142999 0.0821505 -0.199779 -0.156911 0.340864
12.3658 -2.40255 1.2904 0.414163 0.571542 0.46855 0.53129 0.202205 0.142999 0.0821505 -0.199779 -0.156911 0.340864
12.3613 -2.32736 1.27442 0.420487 0.535331 0.47594 0.556859 0.250825 0.142999 0.0821505 -0.199779 -0.156911 0.340864
12.362 -2.2354 1.2574 0.425945 0.498017 0.482351 0.581282 0.299445 0.142999 0.0821505 -0.199779 -0.156911 0.340864
12.3698 -2.1269 1.24068 0.430525 0.459677 0.487767 0.604507 0.348064 0.142999 0.0821505 -0.199779 -0.156911 0.340864
12.3833 -2.01298 1.22743 0.43211 0.426969 0.501225 0.61624 0.331347 -0.0491676 0.106181 -0.177607 -0.0729485 0.340864
12.3995 -1.90466 1.21961 0.433094 0.393667 0.513985 0.627116 0.31463 -0.0491676 0.106181 -0.177607 -0.0729485 0.340864
12.4177 -1.80218 1.21692 0.433476 0.359818 0.52603 0.63712 0.297914 -0.0491676 0.106181 -0.177607 -0.0729485 0.340864
12.4374 -1.70574 1.21898 0.433255 0.325468 0.537343 0.646238 0.281197 -0.0491676 0.106181 -0.177607 -0.0729485 0.340864
12.4578 -1.6155 1.22537 0.432431 0.290665 0.547909 0.654456 0.26448 -0.0491676 0.106181 -0.177607 -0.0729485 0.340864
12.4787 -1.53158 1.23562 0.431005 0.255458 0.557713 0.661765 0.247763 -0.0491676 0.106181 -0.177607 -0.0729485 0.340864
12.4985 -1.4498 1.24707 0.415973 0.26126 0.567453 0.660838 0.251814 0.0119161 -0.0605637 -0.0500337 0.0782564 0.340864
12.5162 -1.36596 1.2573 0.400794 0.266968 0.576991 0.659676 0.255866 0.0119161 -0.0605637 -0.0500337 0.0782564 0.340864
12.5318 -1.28014 1.26622 0.385473 0.272582 0.586325 0.658281 0.259917 0.0119161 -0.0605637 -0.0500337 0.0782564 0.340864
12.5494 -1.177 1.27253 0.363059 0.287447 0.575547 0.674023 0.356857 0.285119 -0.191071 -0.0205501 -0.0263874 0.340864
12.5738 -1.04138 1.27223 0.340251 0.302 0.564144 0.689033 0.453798 0.285119 -0.191071 -0.0205501 -0.0263874 0.340864
12.5924 -0.938988 1.26827 0.32974 0.303365 0.566533 0.691579 0.158754 -0.867775 -0.0479865 -0.038654 0.0226402 0.340864
12.6019 -0.88846 1.26412 0.32812 0.335438 0.538813 0.699642 0.144734 -0.0412353 -0.178637 0.164511 -0.0745642 0.340864
12.6113 -0.843159 1.25709 0.325889 0.366886 0.510087 0.706401 0.130714 -0.0412353 -0.178637 0.164511 -0.0745642 0.340864
12.6205 -0.803165 1.24783 0.32305 0.39765 0.480411 0.711842 0.116694 -0.0412353 -0.178637 0.164511 -0.0745642 0.340864
12.6289 -0.76849 1.23703 0.319608 0.427672 0.449838 0.715956 0.102674 -0.0412353 -0.178637 0.164511 -0.0745642 0.340864
12.6364 -0.739075 1.22538 0.315571 0.456897 0.418427 0.718735 0.0886542 -0.0412353 -0.178637 0.164511 -0.0745642 0.340864
12.6437 -0.709964 1.21112 0.299856 0.488941 0.397032 0.716511 0.106833 0.0534665 -0.198744 0.142532 0.0167422 0.340864
12.6513 -0.676623 1.19154 0.28362 0.520136 0.374948 0.713044 0.125011 0.0534665 -0.198744 0.142532 0.0167422 0.340864
12.6586 -0.639636 1.16594 0.266892 0.550429 0.352212 0.708338 0.14319 0.0534665 -0.198744 0.142532 0.0167422 0.340864
12.6676 -0.599055 1.13495 0.262394 0.535497 0.337437 0.728374 0.161805 0.0547491 -0.0671088 -0.113226 -0.111968 0.340864
12.6807 -0.554761 1.09959 0.25767 0.520103 0.322371 0.747781 0.18042 0.0547491 -0.0671088 -0.113226 -0.111968 0.340864
12.6986 -0.507165 1.05992 0.252723 0.504261 0.307027 0.766542 0.199034 0.0547491 -0.0671088 -0.113226 -0.111968 0.340864
12.7219 -0.456715 1.016 0.247558 0.487983 0.291417 0.784642 0.217649 0.0547491 -0.0671088 -0.113226 -0.111968 0.340864
12.7512 -0.403889 0.96799 0.24218 0.471284 0.275557 0.802065 0.236264 0.0547491 -0.0671088 -0.113226 -0.111968 0.340864
12.787 -0.3492 0.916059 0.236593 0.454179 0.259458 0.818796 0.254878 0.0547491 -0.0671088 -0.113226 -0.111968 0.340864
12.8298 -0.293185 0.860448 0.230801 0.436682 0.243135 0.834821 0.273493 0.0547491 -0.0671088 -0.113226 -0.111968 0.340864
12.8564 -0.260404 0.825452 0.219291 0.467189 0.228067 0.825609 0.0491077 -0.659957 -0.126386 0.177512 0.0101655 0.340864
12.8638 -0.251262 0.814462 0.217341 0.477924 0.211027 0.824511 0.0454353 -0.010801 -0.0692878 0.0745233 -0.062083 0.340864
12.8705 -0.243215 0.803961 0.215302 0.488463 0.1939 0.823075 0.041763 -0.010801 -0.0692878 0.0745233 -0.062083 0.340864
12.8765 -0.236204 0.794022 0.213175 0.498801 0.176693 0.8213 0.0380906 -0.010801 -0.0692878 0.0745233 -0.062083 0.340864
12.8819 -0.230168 0.784713 0.21096 0.508934 0.159414 0.819188 0.0344183 -0.010801 -0.0692878 0.0745233 -0.062083 0.340864
12.8866 -0.225044 0.776103 0.208659 0.518859 0.142069 0.816739 0.0307459 -0.010801 -0.0692878 0.0745233 -0.062083 0.340864
12.8907 -0.220767 0.768254 0.206272 0.52857 0.124666 0.813956 0.0270736 -0.010801 -0.0692878 0.0745233 -0.062083 0.340864
12.8941 -0.217271 0.761228 0.2038 0.538064 0.107212 0.810838 0.0234012 -0.010801 -0.0692878 0.0745233 -0.062083 0.340864
12.897 -0.214488 0.755083 0.201245 0.547338 0.0897135 0.807387 0.0197289 -0.010801 -0.0692878 0.0745233 -0.062083 0.340864
12.8993 -0.212349 0.749873 0.198607 0.556386 0.0721785 0.803604 0.0160565 -0.010801 -0.0692878 0.0745233 -0.062083 0.340864
12.9025 -0.209817 0.742684 0.202322 0.544242 0.0371362 0.813319 0.0326416 0.0487797 -0.103343 -0.0466958 -0.196169 0.340864
12.9084 -0.206345 0.730553 0.205738 0.53129 0.0020389 0.821826 0.0492267 0.0487797 -0.103343 -0.0466958 -0.196169 0.340864
12.9172 -0.202622 0.713491 0.208848 0.51755 -0.0330614 0.829115 0.0658118 0.0487797 -0.103343 -0.0466958 -0.196169 0.340864
12.9291 -0.199367 0.691553 0.211648 0.503042 -0.0681128 0.835173 0.082397 0.0487797 -0.103343 -0.0466958 -0.196169 0.340864
12.9444 -0.197314 0.664836 0.214134 0.487788 -0.103063 0.839992 0.0989821 0.0487797 -0.103343 -0.0466958 -0.196169 0.340864
12.963 -0.197209 0.633479 0.216303 0.47181 -0.13786 0.843565 0.115567 0.0487797 -0.103343 -0.0466958 -0.196169 0.340864
12.985 -0.1998 0.597661 0.218151 0.455132 -0.172453 0.845887 0.132152 0.0487797 -0.103343 -0.0466958 -0.196169 0.340864
13.0101 -0.205074 0.56011 0.19693 0.424257 -0.176079 0.866153 0.135542 0.00997103 -0.172678 -0.181762 0.0197151 0.340864
13.0383 -0.212501 0.523651 0.175349 0.392606 -0.179383 0.884836 0.138933 0.00997103 -0.172678 -0.181762 0.0197151 0.340864
13.0694 -0.222037 0.488649 0.153448 0.360238 -0.18236 0.901902 0.142323 0.00997103 -0.172678 -0.181762 0.0197151 0.340864
13.1035 -0.233608 0.455469 0.131266 0.327212 -0.185003 0.91732 0.145713 0.00997103 -0.172678 -0.181762 0.0197151 0.340864
13.1404 -0.247119 0.424475 0.108845 0.293587 -0.187308 0.931061 0.149103 0.00997103 -0.172678 -0.181762 0.0197151 0.340864
13.1802 -0.262448 0.396024 0.0862246 0.259427 -0.189271 0.943101 0.152493 0.00997103 -0.172678 -0.181762 0.0197151 0.340864
13.2227 -0.279447 0.370463 0.0634467 0.224791 -0.190888 0.953418 0.155883 0.00997103 -0.172678 -0.181762 0.0197151 0.340864
13.2677 -0.297946 0.348129 0.0405528 0.189746 -0.192156 0.961992 0.159273 0.00997103 -0.172678 -0.181762 0.0197151 0.340864
13.3152 -0.317753 0.329339 0.0175849 0.154353 -0.193072 0.968808 0.162664 0.00997103 -0.172678 -0.181762 0.0197151 0.340864
13.3635 -0.337466 0.31269 0.0366527 0.148547 -0.186545 0.970459 0.159493 -0.0093266 0.107834 -0.0569238 0.0211626 0.340864
13.4113 -0.355854 0.296598 0.0557043 0.142675 -0.179935 0.971681 0.156322 -0.0093266 0.107834 -0.0569238 0.0211626 0.340864
13.4585 -0.372961 0.281096 0.0747312 0.13674 -0.173245 0.972473 0.15315 -0.0093266 0.107834 -0.0569238 0.0211626 0.340864
13.5036 -0.39052 0.266493 0.0739382 0.132461 -0.206469 0.966622 0.143776 -0.0275731 -0.033054 -0.00435536 -0.197295 0.340864
13.5445 -0.40991 0.253074 0.0730596 0.12803 -0.239453 0.959652 0.134401 -0.0275731 -0.033054 -0.00435536 -0.197295 0.340864
13.5815 -0.430653 0.240834 0.0720965 0.12345 -0.272161 0.951573 0.125026 -0.0275731 -0.033054 -0.00435536 -0.197295 0.340864
13.6144 -0.452276 0.229757 0.0710499 0.118727 -0.304553 0.942392 0.115651 -0.0275731 -0.033054 -0.00435536 -0.197295 0.340864
13.6433 -0.474317 0.219824 0.0699212 0.113868 -0.336593 0.932121 0.106276 -0.0275731 -0.033054 -0.00435536 -0.197295 0.340864
13.6684 -0.496326 0.211004 0.0687116 0.108876 -0.368244 0.920772 0.0969013 -0.0275731 -0.033054 -0.00435536 -0.197295 0.340864
13.6908 -0.517589 0.203137 0.109385 0.0874189 -0.376879 0.915617 0.090604 -0.0185214 0.170435 -0.197603 -0.0926941 0.340864
13.7116 -0.537661 0.196042 0.149815 0.0657682 -0.38468 0.908433 0.0843067 -0.0185214 0.170435 -0.197603 -0.0926941 0.340864
13.7307 -0.556517 0.18966 0.189914 0.0439718 -0.391628 0.899237 0.0780094 -0.0185214 0.170435 -0.197603 -0.0926941 0.340864
13.7482 -0.574127 0.183939 0.229592 0.0220779 -0.397708 0.888048 0.0717122 -0.0185214 0.170435 -0.197603 -0.0926941 0.340864
13.764 -0.590457 0.178827 0.268761 0.00013508 -0.402907 0.874891 0.0654149 -0.0185214 0.170435 -0.197603 -0.0926941 0.340864
13.7782 -0.605471 0.174281 0.307335 -0.021808 -0.407213 0.859795 0.0591176 -0.0185214 0.170435 -0.197603 -0.0926941 0.340864
13.7908 -0.619132 0.170261 0.345227 -0.0437028 -0.410617 0.842794 0.0528203 -0.0185214 0.170435 -0.197603 -0.0926941 0.340864
13.8019 -0.631402 0.166734 0.382355 -0.0655007 -0.413111 0.823926 0.0465231 -0.0185214 0.170435 -0.197603 -0.0926941 0.340864
13.8135 -0.644441 0.163023 0.417314 -0.0828038 -0.408795 0.80739 0.0585473 0.0353654 0.162965 -0.184949 -0.0447278 0.340864
13.8279 -0.66043 0.158476 0.451517 -0.0999567 -0.403738 0.78939 0.0705715 0.0353654 0.162965 -0.184949 -0.0447278 0.340864
13.8449 -0.679357 0.153104 0.484901 -0.116928 -0.397949 0.769958 0.0825957 0.0353654 0.162965 -0.184949 -0.0447278 0.340864
13.8647 -0.701214 0.146918 0.517405 -0.133688 -0.391438 0.74913 0.0946199 0.0353654 0.162965 -0.184949 -0.0447278 0.340864
13.8873 -0.725991 0.139934 0.548971 -0.150205 -0.384217 0.726943 0.106644 0.0353654 0.162965 -0.184949 -0.0447278 0.340864
13.9126 -0.75368 0.132169 0.579541 -0.16645 -0.376299 0.703438 0.118668 0.0353654 0.162965 -0.184949 -0.0447278 0.340864
13.9406 -0.784278 0.123641 0.60906 -0.182392 -0.367699 0.678657 0.130693 0.0353654 0.162965 -0.184949 -0.0447278 0.340864
13.9715 -0.817778 0.114372 0.637475 -0.198004 -0.358432 0.652646 0.142717 0.0353654 0.162965 -0.184949 -0.0447278 0.340864
14.0051 -0.854181 0.104382 0.664733 -0.213257 -0.348515 0.62545 0.154741 0.0353654 0.162965 -0.184949 -0.0447278 0.340864
14.0416 -0.893485 0.0936953 0.690786 -0.228123 -0.337966 0.597121 0.166765 0.0353654 0.162965 -0.184949 -0.0447278 0.340864
14.0731 -0.927589 0.0836121 0.686367 -0.212353 -0.35422 0.59861 0.112901 -0.158424 0.0315912 0.132234 0.00402249 0.340864
14.0861 -0.94201 0.0794196 0.670626 -0.241862 -0.347635 0.609027 0.00378228 -0.320938 -0.167233 -0.0847012 -0.093931 0.340864
