0 0 0 0 0 0 1 4.63764e-310 0 0 0 0 0
0.216548 -0.0150996 0.00547871 -0.00497822 -0.0187352 -0.0522432 0.998446 0.159718 0.05872 -0.00366236 -0.013783 -0.038434 2.72691
0.389832 -0.0350355 0.0125594 -0.00227371 -0.0214315 -0.0620906 0.997838 0.182584 0.0224177 0.00537443 -0.00567437 -0.0192157 1.02259
0.697203 -0.0629307 0.0259951 -0.0090071 -0.0215984 -0.0306228 0.999257 0.271794 0.065595 -0.0108848 0.000519957 0.046102 1.36346
0.9922 -0.0774244 0.0394305 -0.0312557 -0.0228729 -0.0195749 0.999058 0.307942 0.0354392 -0.0441448 -0.000974544 0.0207169 1.02259
2.18311 -0.0965172 0.0652576 -0.0141082 1.77837e-05 0.00153769 0.999899 0.470837 0.0532336 0.0111937 0.0151748 0.0135885 3.06778
3.39927 -0.0416723 0.0958975 -0.0405918 -0.0282787 0.0453556 0.997745 0.325457 -0.0475096 -0.0173086 -0.0181255 0.0289162 3.06778
3.51045 -0.0304544 0.102178 -0.0438239 -0.0321182 0.0525481 0.997139 0.332887 0.0218513 -0.0192866 -0.0217803 0.0427549 0.340864
4.73952 -0.00188974 0.115585 -0.11945 0.0189758 -0.0275265 0.992277 0.391427 0.0172178 -0.0446604 0.0255385 -0.0496859 3.40864
6.24008 -0.0549606 -0.0418689 -0.198915 0.0864884 0.00912239 0.97615 0.497459 0.031186 -0.0461099 0.043539 0.0173098 3.40864
6.73135 -0.0638194 -0.117799 -0.183784 0.0671099 0.00275485 0.980669 0.477482 -0.0195854 0.0299937 -0.0400746 -0.00727704 1.02259
7.37564 -0.0716282 -0.208531 -0.152502 0.0727225 0.00891619 0.985584 0.479434 0.00143538 0.047035 0.00940297 0.00426236 1.36346
8.12472 -0.0937152 -0.348287 -0.174528 0.114653 -0.00764944 0.977924 0.417735 -0.0362939 -0.0287829 0.0460909 -0.0247768 1.70432
8.70347 -0.112017 -0.464404 -0.18768 0.0856132 0.0126839 0.97841 0.450922 0.024402 -0.0156917 -0.0364869 0.0389274 1.36346
9.5939 -0.0886454 -0.636296 -0.173216 0.0983688 0.052019 0.978577 0.216311 -0.0862537 0.0127903 0.0147339 0.0256343 2.72691
9.80967 -0.076461 -0.682065 -0.170167 0.0973066 0.0386227 0.979838 0.216852 0.000530095 0.00380387 -0.00652045 -0.0260615 1.02259
10.6712 0.0124361 -0.8301 -0.142528 0.0574009 0.0845435 0.984502 0.35783 0.0460711 0.0221635 -0.0200629 0.0319952 3.06778
11.6448 0.113099 -1.02814 -0.166427 0.120726 0.0486722 0.977424 0.482133 0.0522284 -0.0268752 0.0467827 -0.0356409 2.38605
12.5156 0.111809 -1.21528 -0.208546 0.0860972 -0.0127379 0.974132 0.391848 -0.0442575 -0.0465665 -0.0448736 -0.0481086 2.04519
13.1048 0.0951808 -1.28953 -0.246957 0.0362729 0.0168125 0.968201 0.190851 -0.098528 -0.0360542 -0.0405947 0.0416105 2.04519
13.5678 0.107762 -1.3254 -0.277365 0.0306846 0.0306857 0.959784 0.112795 -0.0255085 -0.0202145 -0.00143192 0.0104966 3.06778
13.6885 0.114701 -1.33492 -0.269764 0.0291271 0.0474512 0.961315 0.0655592 -0.0347319 0.0121797 0.00491421 0.0238882 1.36346
13.7471 0.119865 -1.34001 -0.253399 0.031039 0.0587095 0.96508 0.108153 0.0626374 0.0499593 0.0163009 0.0283895 0.681728
14.1722 0.187567 -1.37782 -0.280267 0.0132298 0.109449 0.95357 0.255191 0.0617809 -0.0220522 -0.00466681 0.0462391 2.38605
14.2576 0.204999 -1.38473 -0.273428 0.00735935 0.105458 0.956066 0.258831 0.0107062 0.0459414 -0.0353003 -0.0148454 0.340864
14.6833 0.285997 -1.42431 -0.300667 0.0296976 0.0992941 0.948081 0.106845 -0.0638599 -0.025742 0.0141692 -0.00921118 2.38605
14.7409 0.296598 -1.43146 -0.288727 0.0341598 0.113697 0.950023 0.00883787 -0.0960853 0.0233121 0.0189989 0.0230713 1.02259
14.7628 0.299576 -1.43278 -0.277981 -0.0194228 0.0260885 0.960036 0.00565878 -0.00103892 0.0106072 -0.0493171 -0.0453522 3.06778
14.7968 0.303387 -1.43272 -0.239933 -0.0121548 0.0705132 0.968149 0.0346369 0.017046 0.0444144 0.0241048 0.0484477 1.70432
14.8727 0.314568 -1.43011 -0.187032 -0.0560668 0.0645499 0.978626 0.0218442 -0.0047032 0.0418708 -0.0294994 0.00343429 2.72691
14.9989 0.327787 -1.41667 -0.14049 -0.063598 0.028334 0.987631 0.0853697 0.0266914 0.041831 -0.00894196 -0.0269112 2.38605
