0 0 0 0 0 0 1 4.68079e-310 0 0 0 0 0
0.0454863 0.000280053 0.000436195 0.0207161 -0.00711902 0.00472848 0.999749 0.0909793 0.0909793 0.0414356 -0.0142392 0.00945776 1
0.164699 -0.000293014 0.000781234 -0.000102985 0.00339422 -0.00843257 0.999959 0.14746 0.0564807 -0.0415533 0.0213752 -0.0261815 1
0.293658 -0.00470929 0.00184054 -0.0158938 -0.0120287 -0.0267674 0.999443 0.110643 -0.0368166 -0.0319694 -0.0305828 -0.0365714 1
0.426435 -0.0128679 0.00323295 -0.0093192 0.00155115 -0.0343034 0.999367 0.155437 0.0447936 0.0140484 0.0265525 -0.0153421 1
0.510959 -0.0190997 0.00269637 -0.00450673 0.00518378 -0.0390992 0.999212 0.183583 0.056293 0.0197008 0.0136833 -0.0193576 0.5
0.72873 -0.0308086 0.00316828 -0.0288878 -0.0059224 -0.0159013 0.999439 0.252638 0.0690541 -0.0493601 -0.0200857 0.0467397 1
1.00651 -0.0415573 0.00172445 -0.0251258 0.01162 -0.0224269 0.999365 0.303383 0.0507458 0.00815139 0.0345697 -0.0140161 1
1.16312 -0.0483569 -0.00133493 -0.0307748 0.00913063 -0.0204159 0.999276 0.323745 0.0407239 -0.0227207 -0.00923837 0.00854397 0.5
1.52427 -0.0714174 -0.0121268 -0.0510252 0.0228836 -0.0412442 0.997583 0.400432 0.0766862 -0.0404015 0.0270666 -0.0421796 1
1.7351 -0.0882133 -0.0225795 -0.059202 0.0306934 -0.0354033 0.997146 0.446596 0.0923286 -0.0308951 0.0337456 0.0223901 0.5
1.94635 -0.103319 -0.0365329 -0.0676108 0.0396572 -0.0314483 0.996427 0.402433 -0.0883263 -0.0319554 0.0379693 0.0145831 0.5
2.14433 -0.114443 -0.0521686 -0.0671969 0.0426554 -0.01906 0.996645 0.393183 -0.0185003 0.00405115 0.015214 0.0485283 0.5
2.34249 -0.122698 -0.0697578 -0.054988 0.0481405 -0.0169824 0.997181 0.403272 0.0201785 0.0495901 0.0214035 0.00476604 0.5
2.54296 -0.12974 -0.0867581 -0.0448711 0.0380387 -0.0137435 0.998174 0.401991 -0.00256221 0.0405106 -0.0404604 0.0132609 0.5
2.75053 -0.136802 -0.101256 -0.0444506 0.0331538 -0.0170134 0.998316 0.430805 0.0576277 0.000938492 -0.0201357 -0.0122354 0.5
3.13729 -0.14446 -0.120609 -0.0495854 0.0170835 0.000234286 0.998624 0.343905 -0.0868992 -0.00962896 -0.0304018 0.0362205 1
3.30364 -0.143175 -0.126071 -0.0576811 0.0152409 0.00933132 0.998175 0.321882 -0.0440469 -0.0318049 -0.00553289 0.0372581 0.5
3.47348 -0.140138 -0.13198 -0.0484799 0.0184784 0.0103355 0.9986 0.358001 0.0722386 0.0367768 0.0134757 0.00268557 0.5
3.86206 -0.123494 -0.147213 -0.0549309 0.0183775 0.0337815 0.997749 0.420546 0.0625451 -0.012099 0.00197001 0.0470967 1
4.264 -0.103103 -0.163451 -0.031886 0.0196683 0.0183487 0.99913 0.385053 -0.0354932 0.045489 0.00238683 -0.0318822 1
4.46003 -0.0939651 -0.172294 -0.0265395 0.0239741 0.0294095 0.998927 0.400713 0.0313198 0.0218965 0.0190281 0.0432508 0.5
4.81057 -0.0774855 -0.185069 -0.0207806 0.0106532 0.017861 0.999568 0.301642 -0.0990708 0.01177 -0.0269198 -0.0226802 1
5.12949 -0.0637289 -0.190596 -0.0266347 0.00571922 0.0254916 0.999304 0.33691 0.0352676 -0.0113757 -0.00975024 0.0155942 1
5.48298 -0.0538335 -0.196262 -0.0168366 0.00959391 0.00317668 0.999807 0.370485 0.0335753 0.0191585 0.00704978 -0.0449475 1
5.85674 -0.0518228 -0.208811 0.00411763 0.0238831 0.0023653 0.999703 0.377489 0.00700422 0.0417951 0.0286838 -0.00250529 1
6.2555 -0.0440598 -0.228054 0.00589538 0.0244121 0.0165803 0.999547 0.421153 0.0436634 0.00423237 0.00095646 0.0283427 1
6.45798 -0.0389319 -0.237054 0.0074863 0.0201032 0.00831779 0.999735 0.389816 -0.0626741 0.00583541 -0.0169461 -0.033305 0.5
6.80841 -0.0368349 -0.24755 0.0296208 0.00950264 -0.0032732 0.999511 0.311401 -0.0784144 0.0439763 -0.0206472 -0.0242237 1
7.0915 -0.0367274 -0.253169 0.0402637 0.0103868 0.0031757 0.99913 0.254894 -0.0565076 0.0214269 0.00132309 0.0127394 1
7.37379 -0.0338466 -0.263709 0.048701 0.0268128 0.00525701 0.99844 0.310126 0.0552327 0.0168552 0.0327256 0.00531116 1
7.67321 -0.0248007 -0.272171 0.0703339 0.00296058 0.023494 0.997242 0.289321 -0.0208052 0.044554 -0.0491259 0.0329538 1
7.81544 -0.0178401 -0.27334 0.078254 0.00889218 0.0246536 0.996589 0.280294 -0.0180541 0.0312337 0.0240872 0.00626228 0.5
8.10168 0.00304294 -0.28418 0.0768486 0.0342029 0.0447975 0.995448 0.294228 0.0139334 -0.00351313 0.0472553 0.0442007 1
8.38629 0.0292216 -0.30837 0.0941496 0.0579932 0.0389481 0.993104 0.279488 -0.01474 0.0322781 0.049981 -0.00896385 1
8.68285 0.0511554 -0.335804 0.114545 0.0415267 0.0249323 0.992237 0.317837 0.0383491 0.0403364 -0.0283814 -0.0332419 1
8.85153 0.060131 -0.347929 0.120054 0.0359848 0.0194503 0.991924 0.359581 0.0834877 0.0216502 -0.0188828 -0.0251811 0.5
9.02739 0.0666556 -0.360229 0.125573 0.0378168 0.00863729 0.991326 0.346056 -0.0270489 0.0204863 0.0129774 -0.042772 0.5
9.20711 0.069962 -0.372131 0.124213 0.0301686 0.00141668 0.991796 0.374529 0.0569449 -0.00645702 -0.0268193 -0.0322847 0.5
9.39127 0.0707829 -0.383183 0.135258 0.029818 -0.00481059 0.99035 0.363459 -0.0221395 0.0437862 0.00194037 -0.0262042 0.5
9.58039 0.0723097 -0.392414 0.136816 0.0197289 0.00602132 0.990382 0.393987 0.0610562 0.00725228 -0.045863 0.0372671 0.5
9.77367 0.0759506 -0.399525 0.142861 0.0193081 0.00748681 0.989526 0.379777 -0.0284201 0.0245434 -0.00225582 0.00511889 0.5
9.96276 0.0800167 -0.408204 0.155187 0.0292419 0.00689836 0.987428 0.377585 -0.00438268 0.0496467 0.0401883 0.00245842 0.5
10.1601 0.0865563 -0.416634 0.165601 0.0183771 0.0187667 0.985843 0.412901 0.0706309 0.0438058 -0.0498106 0.0389604 0.5
10.3588 0.0929166 -0.423536 0.163917 0.0211512 0.00690235 0.986223 0.383042 -0.0597172 -0.00797469 0.0186445 -0.044854 0.5
10.7365 0.0954069 -0.445415 0.139842 0.0371617 -0.00919143 0.989434 0.373625 -0.00941723 -0.0494505 0.0363944 -0.0255259 1
10.9343 0.0946778 -0.460413 0.138741 0.0372488 -0.0050771 0.989615 0.419814 0.092377 -0.00384369 -0.00194302 0.0165025 0.5
11.3118 0.0970247 -0.485748 0.151175 0.0296746 0.00178188 0.98806 0.33694 -0.0828735 0.0254762 -0.0169054 0.0105322 1
11.4794 0.0994111 -0.495844 0.155489 0.0319677 0.00304098 0.987316 0.334588 -0.00470426 0.0176354 0.00842038 0.00585605 0.5
11.6481 0.104222 -0.50676 0.161835 0.0362988 0.0147539 0.98604 0.342047 0.0149173 0.0273033 0.0100606 0.0481568 0.5
11.9906 0.124653 -0.526095 0.159438 0.0288414 0.0348815 0.98617 0.34534 0.00329302 -0.00309012 -0.0213032 0.0374526 1
12.3632 0.151849 -0.540645 0.136863 0.020671 0.0314062 0.989876 0.402448 0.0571082 -0.0453419 -0.0167969 -0.00841711 1
12.5637 0.164559 -0.546727 0.132993 0.0178735 0.027196 0.990583 0.401583 -0.00173053 -0.0157077 -0.00931673 -0.0179704 0.5
12.7525 0.174013 -0.552175 0.135852 0.0173989 0.0183109 0.990407 0.354786 -0.0935922 0.0108384 0.00316998 -0.0356442 0.5
13.0784 0.192431 -0.564108 0.128768 0.02656 0.0332142 0.990762 0.298401 -0.0563857 -0.0139457 0.0138262 0.0322451 1
13.2285 0.203091 -0.572119 0.128397 0.0352872 0.0301589 0.990636 0.30444 0.0120782 -0.00289029 0.0361246 -0.00755705 0.5
13.5366 0.224625 -0.590139 0.115957 0.0311129 0.0318381 0.992256 0.314382 0.00994203 -0.0246933 -0.0095666 0.00303531 1
13.6809 0.236007 -0.598926 0.118926 0.038602 0.0392995 0.991374 0.265504 -0.0977551 0.0121703 0.0267522 0.0328316 0.5
13.9311 0.254577 -0.618243 0.138186 0.0472213 0.0237753 0.988994 0.237902 -0.0276028 0.0368821 0.0224823 -0.0300338 1
14.0372 0.261581 -0.627386 0.14704 0.0470843 0.0292587 0.987576 0.188943 -0.0979178 0.0368592 -0.00246271 0.0200796 0.5
14.1945 0.27514 -0.642847 0.169902 0.0640395 0.0405408 0.982542 0.12827 -0.0606728 0.0467132 0.0319882 0.0254158 1
14.3508 0.290277 -0.656422 0.17402 0.0391056 0.0394416 0.983175 0.187015 0.0587456 0.00975936 -0.048376 -0.0112126 1
14.454 0.300794 -0.661753 0.179705 0.0297637 0.0508577 0.981954 0.228589 0.0831479 0.0264692 -0.0435996 0.0376981 0.5
14.6595 0.320635 -0.669032 0.162167 0.0212268 0.0373317 0.985828 0.184578 -0.0440114 -0.0357769 -0.0139202 -0.0289849 1
14.7398 0.327825 -0.671807 0.173051 0.0279842 0.0451833 0.983478 0.138278 -0.0925997 0.0441029 0.0233796 0.0347729 0.5
14.8796 0.340782 -0.677251 0.16464 0.0259107 0.0393354 0.985228 0.14257 0.0042916 -0.0172889 -0.00291268 -0.0119079 1
14.9406 0.346041 -0.679536 0.175954 0.0254754 0.0389626 0.983297 0.102513 -0.0801126 0.0458901 0.000510326 -0.00262458 0.5
14.9951 0.350202 -0.680728 0.191096 0.00330892 0.0291161 0.981134 0.00689347 -0.0956199 0.0317692 -0.0388425 -0.0277714 1
