0 0 0 0 0 0 1 4.67961e-310 0 0 0 0 0
0.416297 -0.00435319 0.0314711 -0.053836 -0.056186 -0.0101018 0.996917 0.27298 0.0892091 -0.0352232 -0.0367607 -0.00660931 3.06778
1.22901 -0.0386945 0.0851886 0.0119103 -0.0104771 -0.0331427 0.999325 0.326727 0.0197599 0.049638 0.0322423 -0.0159834 2.72691
1.47277 -0.0509007 0.0878738 -0.00502569 -0.00101534 -0.0172931 0.999837 0.391181 0.0947855 -0.0493672 0.0289244 0.0464493 0.681728
2.14768 -0.0525669 0.1114 -0.0396491 -0.0360563 0.0158925 0.998436 0.271164 -0.058832 -0.0345934 -0.0336189 0.0326633 2.04519
2.38562 -0.0406739 0.126769 -0.0626865 -0.0305828 0.0314832 0.997068 0.196961 -0.0727477 -0.0464862 0.0111143 0.0285144 1.02259
2.82632 -0.00107288 0.16268 -0.0709193 -0.0567548 0.0526103 0.994475 0.176159 -0.00874047 -0.00688646 -0.0211045 0.0189412 2.38605
3.58084 0.0232927 0.223822 -0.0822963 -0.0280668 -0.021505 0.99598 0.269818 0.027547 -0.00501143 0.0134027 -0.045028 3.40864
4.27975 0.04317 0.302548 -0.0405474 -0.0883899 0.0470599 0.994147 0.190672 -0.0258647 0.0250149 -0.0362618 0.0487002 3.06778
4.69636 0.0909229 0.370379 -0.0703924 -0.0790058 0.0559185 0.992812 0.309106 0.0696671 -0.0364171 0.00960863 0.00688487 1.70432
5.70811 0.217151 0.513689 0.00759451 -0.0644116 0.0625225 0.995934 0.29656 -0.00369011 0.0449348 0.0115191 0.00678133 3.40864
6.86653 0.381536 0.608723 0.00801653 -0.019107 0.0774117 0.996784 0.470959 0.0569933 -0.00220852 0.0294808 0.00990358 3.06778
8.07788 0.539905 0.610533 0.0255269 0.0240596 0.0494261 0.998162 0.24796 -0.0655881 0.00861376 0.0262682 -0.0160794 3.40864
8.91333 0.55536 0.508999 0.0309397 0.0969066 -0.0346069 0.99421 0.248201 7.10197e-05 -6.99256e-05 0.0443393 -0.0483082 3.40864
9.98509 0.491127 0.363968 -0.0242842 0.0412051 -0.0261053 0.998514 0.389458 0.0415461 -0.0330586 -0.0318849 0.00720128 3.40864
11.1922 0.442015 0.203527 0.00322553 0.0926665 -0.0126578 0.995612 0.327808 -0.0181323 0.0172432 0.0300844 0.00645598 3.40864
11.5345 0.427901 0.132868 0.00767903 0.109958 -0.0288157 0.993489 0.357986 0.0295855 0.00620132 0.0341361 -0.0322989 1.02259
12.0912 0.398182 -0.00471166 0.0402021 0.130546 -0.029181 0.990197 0.317654 -0.0237242 0.0387034 0.0233966 -0.00456091 1.70432
12.9631 0.351328 -0.183735 0.0601259 0.0636971 -0.0336945 0.995586 0.207047 -0.0325317 0.00999161 -0.0396191 -0.00565197 3.40864
13.213 0.339953 -0.223917 0.0830462 0.0903026 -0.0234305 0.992169 0.289796 0.0811269 0.0481969 0.0496512 0.0200895 1.02259
13.4065 0.331207 -0.259364 0.101339 0.0854923 -0.0377008 0.990454 0.289519 -0.000407402 0.0496837 -0.011358 -0.047799 0.681728
13.9313 0.297283 -0.377064 0.0798187 0.126483 -0.0450036 0.987728 0.344649 0.0324295 -0.0236767 0.049882 -0.00157956 1.70432
14.7385 0.225418 -0.560458 0.0123039 0.0854939 -0.0551081 0.994737 0.144271 -0.0589348 -0.0414373 -0.0220988 -0.00258939 3.40864
14.9359 0.206378 -0.59168 0.0553675 0.0599629 -0.0390783 0.995897 0.00337075 -0.0518015 0.0314749 -0.0206464 0.00883762 2.72691
14.9594 0.20525 -0.59289 -0.00310281 0.00205337 -0.0152299 0.999877 0.0139368 0.00388457 -0.0436446 -0.0419236 0.0178203 2.72691
