0 0 0 0 0 0 1 4.65581e-310 0 0 0 0 0
0.0372279 -0.000655678 0.00137936 0.0120588 -0.0278867 -0.012948 0.999454 0.219195 0.64469 0.0709472 -0.164069 -0.0761785 0.340864
0.148489 -0.00533881 0.0109739 0.0241045 -0.055743 -0.0258819 0.997819 0.438389 0.64469 0.0709472 -0.164069 -0.0761785 0.340864
0.291846 -0.0173364 0.0315048 0.00987349 -0.0875802 -0.0548277 0.994598 0.416671 -0.0638783 -0.0784555 -0.181717 -0.179631 0.340864
0.425517 -0.0363288 0.0597349 -0.00437793 -0.119237 -0.0836603 0.989325 0.394952 -0.0638783 -0.0784555 -0.181717 -0.179631 0.340864
0.54882 -0.0611133 0.0947455 -0.0186203 -0.150647 -0.11232 0.98201 0.373234 -0.0638783 -0.0784555 -0.181717 -0.179631 0.340864
0.656127 -0.084094 0.132236 -0.00739352 -0.176835 -0.0933689 0.979774 0.309024 -0.188852 0.0305164 -0.158631 0.120836 0.340864
0.742177 -0.0995416 0.167148 0.00384195 -0.202815 -0.0743079 0.976386 0.244814 -0.188852 0.0305164 -0.158631 0.120836 0.340864
0.80718 -0.109023 0.197371 0.0150729 -0.228557 -0.0551594 0.97185 0.180605 -0.188852 0.0305164 -0.158631 0.120836 0.340864
0.85161 -0.114046 0.220807 0.0262861 -0.25403 -0.0359461 0.966171 0.116395 -0.188852 0.0305164 -0.158631 0.120836 0.340864
0.876194 -0.116042 0.235392 0.0374685 -0.279204 -0.0166905 0.959355 0.0521857 -0.188852 0.0305164 -0.158631 0.120836 0.340864
0.898856 -0.116691 0.248666 0.0365286 -0.248183 0.00842221 0.967988 0.102392 0.147666 -0.0454183 0.183848 0.1479 0.340864
0.937507 -0.115575 0.268235 0.0355277 -0.216747 0.0335209 0.975005 0.152598 0.147666 -0.0454183 0.183848 0.1479 0.340864
0.992807 -0.110909 0.29208 0.0344676 -0.18495 0.0585637 0.980396 0.202804 0.147666 -0.0454183 0.183848 0.1479 0.340864
1.06509 -0.100905 0.318084 0.03335 -0.152845 0.0835087 0.984151 0.253011 0.147666 -0.0454183 0.183848 0.1479 0.340864
1.15436 -0.0838028 0.344059 0.0321767 -0.120484 0.108314 0.986264 0.303217 0.147666 -0.0454183 0.183848 0.1479 0.340864
1.2393 -0.0635914 0.368356 0.0157586 -0.147463 0.125627 0.98093 0.230003 -0.215335 -0.0893415 -0.174076 0.087115 0.340864
1.29933 -0.046566 0.389073 -0.00068047 -0.174247 0.142773 0.974296 0.156789 -0.215335 -0.0893415 -0.174076 0.087115 0.340864
1.3355 -0.0345078 0.403744 -0.0171186 -0.200799 0.15973 0.966371 0.0835749 -0.215335 -0.0893415 -0.174076 0.087115 0.340864
1.37693 -0.0196817 0.423692 -0.0134313 -0.228711 0.152906 0.961317 0.200631 0.344282 0.0547456 -0.161879 -0.0268826 0.340864
1.45065 0.00599949 0.464529 -0.00973238 -0.256425 0.145949 0.955432 0.317687 0.344282 0.0547456 -0.161879 -0.0268826 0.340864
1.53279 0.0309922 0.513197 -0.0122645 -0.261797 0.111579 0.958573 0.26297 -0.160931 0.0424137 -0.0296063 -0.199416 0.340864
1.60025 0.0461682 0.553621 -0.0147815 -0.266849 0.0770719 0.960538 0.208254 -0.160931 0.0424137 -0.0296063 -0.199416 0.340864
1.65921 0.055201 0.59083 -0.015954 -0.287097 0.0479342 0.956569 0.205395 -0.00840715 0.0479571 -0.123725 -0.162949 0.340864
1.71615 0.0603002 0.63006 -0.0171061 -0.306978 0.0187354 0.951378 0.202537 -0.00840715 0.0479571 -0.123725 -0.162949 0.340864
1.7708 0.0616074 0.671123 -0.0182364 -0.326467 -0.0104873 0.944974 0.199678 -0.00840715 0.0479571 -0.123725 -0.162949 0.340864
1.82288 0.0592814 0.713823 -0.0193434 -0.34554 -0.0396966 0.937364 0.19682 -0.00840715 0.0479571 -0.123725 -0.162949 0.340864
1.87218 0.053497 0.75796 -0.0204258 -0.364172 -0.0688553 0.928558 0.193962 -0.00840715 0.0479571 -0.123725 -0.162949 0.340864
1.91847 0.0444433 0.803326 -0.0214821 -0.382339 -0.0979261 0.918567 0.191103 -0.00840715 0.0479571 -0.123725 -0.162949 0.340864
1.96158 0.0323226 0.849715 -0.0225109 -0.400018 -0.126872 0.907404 0.188245 -0.00840715 0.0479571 -0.123725 -0.162949 0.340864
2.00134 0.0173484 0.896915 -0.0235111 -0.417187 -0.155656 0.895083 0.185386 -0.00840715 0.0479571 -0.123725 -0.162949 0.340864
2.0518 -0.00574307 0.956329 0.00282453 -0.393047 -0.167431 0.904142 0.292934 0.316317 0.190963 0.123621 0.00758598 0.340864
2.12261 -0.0379326 1.03498 -0.0294909 -0.387242 -0.165888 0.906452 0.357792 0.190759 -0.169789 0.0680288 -0.0641473 0.340864
2.20892 -0.072965 1.12946 -0.0617744 -0.381017 -0.164165 0.907778 0.42265 0.190759 -0.169789 0.0680288 -0.0641473 0.340864
2.31127 -0.109683 1.23953 -0.0939907 -0.374377 -0.162263 0.908118 0.487508 0.190759 -0.169789 0.0680288 -0.0641473 0.340864
2.41431 -0.145858 1.35092 -0.118098 -0.374283 -0.181902 0.901597 0.43015 -0.168699 -0.0890583 -0.00170371 -0.164302 0.340864
2.5026 -0.179526 1.44943 -0.142086 -0.373811 -0.201358 0.894166 0.372793 -0.168699 -0.0890583 -0.00170371 -0.164302 0.340864
2.58672 -0.21213 1.54584 -0.133307 -0.382179 -0.191278 0.894193 0.403934 0.0915908 0.0141208 -0.0459333 0.0793473 0.340864
2.67688 -0.245411 1.65123 -0.124496 -0.390453 -0.181152 0.893997 0.435074 0.0915908 0.0141208 -0.0459333 0.0793473 0.340864
2.77093 -0.278769 1.75648 -0.110702 -0.369068 -0.173609 0.906308 0.418199 -0.0496346 0.0870325 0.131577 0.0688133 0.340864
2.86643 -0.31155 1.85246 -0.0968129 -0.347367 -0.165918 0.917842 0.401323 -0.0496346 0.0870325 0.131577 0.0688133 0.340864
2.96853 -0.342481 1.94599 -0.116293 -0.331961 -0.149566 0.924071 0.433363 0.094237 -0.120025 0.124247 0.0457962 0.340864
3.08313 -0.370002 2.0432 -0.135666 -0.31625 -0.133075 0.929447 0.465404 0.094237 -0.120025 0.124247 0.0457962 0.340864
3.21062 -0.393373 2.14313 -0.154914 -0.300246 -0.116462 0.933965 0.497445 0.094237 -0.120025 0.124247 0.0457962 0.340864
3.34059 -0.416073 2.24661 -0.122633 -0.326487 -0.122039 0.929233 0.489034 -0.0247371 0.16496 -0.179773 0.0470557 0.340864
3.46232 -0.442272 2.35459 -0.0901328 -0.352145 -0.127399 0.922843 0.480623 -0.0247371 0.16496 -0.179773 0.0470557 0.340864
3.57573 -0.472263 2.46626 -0.0574721 -0.377175 -0.132532 0.914807 0.472213 -0.0247371 0.16496 -0.179773 0.0470557 0.340864
3.68079 -0.506284 2.5808 -0.0247088 -0.401532 -0.137427 0.905138 0.463802 -0.0247371 0.16496 -0.179773 0.0470557 0.340864
3.77752 -0.54452 2.69738 0.00809855 -0.425173 -0.142078 0.893855 0.455392 -0.0247371 0.16496 -0.179773 0.0470557 0.340864
3.86603 -0.587106 2.81519 0.0408915 -0.448055 -0.146476 0.880977 0.446981 -0.0247371 0.16496 -0.179773 0.0470557 0.340864
3.94645 -0.63412 2.93342 0.0736114 -0.470138 -0.150611 0.866527 0.43857 -0.0247371 0.16496 -0.179773 0.0470557 0.340864
4.01897 -0.685591 3.05131 0.1062 -0.491381 -0.154479 0.850531 0.43016 -0.0247371 0.16496 -0.179773 0.0470557 0.340864
4.08383 -0.741498 3.16808 0.138599 -0.511749 -0.15807 0.833017 0.421749 -0.0247371 0.16496 -0.179773 0.0470557 0.340864
4.14338 -0.801652 3.28504 0.176738 -0.52793 -0.147788 0.817443 0.427565 0.0171041 0.153634 -0.170075 0.137567 0.340864
4.19982 -0.866096 3.4037 0.214511 -0.543021 -0.1372 0.800181 0.43338 0.0171041 0.153634 -0.170075 0.137567 0.340864
4.25322 -0.9351 3.52365 0.251842 -0.556991 -0.126329 0.781267 0.439195 0.0171041 0.153634 -0.170075 0.137567 0.340864
4.30368 -1.00891 3.64447 0.288653 -0.569811 -0.115197 0.76074 0.445011 0.0171041 0.153634 -0.170075 0.137567 0.340864
4.35134 -1.08775 3.76573 0.324868 -0.581454 -0.103828 0.738642 0.450826 0.0171041 0.153634 -0.170075 0.137567 0.340864
4.39641 -1.17181 3.88697 0.360412 -0.591897 -0.0922437 0.715019 0.456642 0.0171041 0.153634 -0.170075 0.137567 0.340864
4.43908 -1.26124 4.00777 0.395212 -0.601118 -0.0804692 0.68992 0.462457 0.0171041 0.153634 -0.170075 0.137567 0.340864
4.47963 -1.35618 4.12766 0.429195 -0.609098 -0.0685286 0.663397 0.468272 0.0171041 0.153634 -0.170075 0.137567 0.340864
4.52048 -1.45265 4.24063 0.431742 -0.591825 -0.0946214 0.674084 0.438104 -0.0887318 0.0834222 0.170575 -0.0447913 0.340864
4.56318 -1.54623 4.34113 0.433813 -0.573901 -0.12061 0.684029 0.407935 -0.0887318 0.0834222 0.170575 -0.0447913 0.340864
4.60676 -1.63635 4.42953 0.435408 -0.555347 -0.146466 0.693223 0.377766 -0.0887318 0.0834222 0.170575 -0.0447913 0.340864
4.6503 -1.72243 4.50632 0.436523 -0.536181 -0.172161 0.701654 0.347597 -0.0887318 0.0834222 0.170575 -0.0447913 0.340864
4.69294 -1.80391 4.57206 0.437159 -0.516426 -0.197667 0.709313 0.317428 -0.0887318 0.0834222 0.170575 -0.0447913 0.340864
4.7339 -1.88024 4.62738 0.437313 -0.496102 -0.222955 0.716192 0.28726 -0.0887318 0.0834222 0.170575 -0.0447913 0.340864
4.77248 -1.95088 4.67303 0.436987 -0.475233 -0.247998 0.722283 0.257091 -0.0887318 0.0834222 0.170575 -0.0447913 0.340864
4.80806 -2.01531 4.70978 0.43618 -0.453841 -0.272768 0.72758 0.226922 -0.0887318 0.0834222 0.170575 -0.0447913 0.340864
4.84138 -2.07314 4.73846 0.468781 -0.431328 -0.273135 0.720831 0.200434 -0.0779048 0.194 0.0269768 0.132436 0.340864
4.87306 -2.12396 4.75996 0.500626 -0.408118 -0.27306 0.712918 0.173947 -0.0779048 0.194 0.0269768 0.132436 0.340864
4.90237 -2.16743 4.7753 0.531661 -0.384248 -0.272545 0.703853 0.147459 -0.0779048 0.194 0.0269768 0.132436 0.340864
4.92858 -2.20336 4.78549 0.561837 -0.359758 -0.271589 0.693651 0.120971 -0.0779048 0.194 0.0269768 0.132436 0.340864
4.95097 -2.23169 4.7916 0.591106 -0.334687 -0.270195 0.682329 0.0944837 -0.0779048 0.194 0.0269768 0.132436 0.340864
4.96883 -2.25253 4.79466 0.619421 -0.309075 -0.268364 0.669904 0.0679961 -0.0779048 0.194 0.0269768 0.132436 0.340864
4.98747 -2.27285 4.79674 0.639589 -0.304047 -0.257831 0.657271 0.0946691 0.07845 0.114308 -0.0733798 0.0765597 0.340864
5.01284 -2.29928 4.7991 0.659308 -0.298805 -0.247117 0.644176 0.121342 0.07845 0.114308 -0.0733798 0.0765597 0.340864
5.04527 -2.33152 4.80157 0.678563 -0.293354 -0.236229 0.630628 0.148015 0.07845 0.114308 -0.0733798 0.0765597 0.340864
5.08504 -2.36923 4.80404 0.697342 -0.287696 -0.225175 0.616637 0.174688 0.07845 0.114308 -0.0733798 0.0765597 0.340864
5.13244 -2.41205 4.80639 0.715631 -0.281836 -0.213964 0.602213 0.201361 0.07845 0.114308 -0.0733798 0.0765597 0.340864
5.18776 -2.45962 4.80857 0.733417 -0.275778 -0.202601 0.587366 0.228034 0.07845 0.114308 -0.0733798 0.0765597 0.340864
5.25128 -2.51155 4.81054 0.750688 -0.269527 -0.191097 0.572106 0.254707 0.07845 0.114308 -0.0733798 0.0765597 0.340864
5.32324 -2.56745 4.81229 0.767431 -0.263086 -0.179458 0.556444 0.28138 0.07845 0.114308 -0.0733798 0.0765597 0.340864
5.40388 -2.62689 4.81387 0.783636 -0.25646 -0.167693 0.540391 0.308053 0.07845 0.114308 -0.0733798 0.0765597 0.340864
5.46464 -2.67139 4.81248 0.792366 -0.246494 -0.200528 0.520754 0.13514 -0.508568 0.177684 0.144838 -0.0646527 0.340864
5.50725 -2.70231 4.80841 0.793295 -0.223491 -0.206534 0.527332 0.175501 0.11871 0.00802988 0.106908 0.0979334 0.340864
5.56198 -2.73944 4.80121 0.79374 -0.200353 -0.212413 0.533588 0.215863 0.11871 0.00802988 0.106908 0.0979334 0.340864
5.62908 -2.782 4.79 0.793702 -0.177092 -0.218164 0.539519 0.256224 0.11871 0.00802988 0.106908 0.0979334 0.340864
5.70874 -2.82916 4.77386 0.79318 -0.153723 -0.223781 0.545121 0.296585 0.11871 0.00802988 0.106908 0.0979334 0.340864
5.80105 -2.88011 4.7519 0.792175 -0.13026 -0.229262 0.550391 0.336947 0.11871 0.00802988 0.106908 0.0979334 0.340864
5.90599 -2.93399 4.72319 0.790687 -0.106718 -0.234604 0.555326 0.377308 0.11871 0.00802988 0.106908 0.0979334 0.340864
6.00824 -2.98538 4.69252 0.794904 -0.109544 -0.242237 0.545389 0.319593 -0.169749 0.0608843 0.0142144 -0.0491473 0.340864
6.0927 -3.02913 4.66563 0.798975 -0.112351 -0.249826 0.535353 0.261878 -0.169749 0.0608843 0.0142144 -0.0491473 0.340864
6.16261 -3.063 4.64311 0.805587 -0.0867264 -0.230352 0.538931 0.213985 -0.140862 0.0287939 -0.0181846 0.191419 0.340864
6.21918 -3.08935 4.62377 0.782412 -0.0822777 -0.26016 0.559803 0.170373 -0.128272 -0.151188 0.197466 -0.0569732 0.340864
6.26144 -3.11136 4.60704 0.757765 -0.0776742 -0.289478 0.579622 0.12676 -0.128272 -0.151188 0.197466 -0.0569732 0.340864
6.29017 -3.12811 4.59409 0.731693 -0.0729246 -0.318252 0.598351 0.083148 -0.128272 -0.151188 0.197466 -0.0569732 0.340864
6.33321 -3.1556 4.57116 0.722492 -0.0564885 -0.345217 0.596355 0.24625 0.479711 0.018545 0.190313 -0.0318557 0.340864
6.41531 -3.2109 4.51998 0.712507 -0.0399911 -0.371807 0.593712 0.409352 0.479711 0.018545 0.190313 -0.0318557 0.340864
6.51106 -3.27474 4.45189 0.708517 -0.00227402 -0.380413 0.594378 0.377371 -0.0940608 0.0678057 0.176719 0.128577 0.340864
6.59752 -3.32806 4.3828 0.703454 0.0354465 -0.388443 0.594145 0.34539 -0.0940608 0.0678057 0.176719 0.128577 0.340864
6.67439 -3.37174 4.31409 0.697328 0.0731133 -0.395885 0.593012 0.31341 -0.0940608 0.0678057 0.176719 0.128577 0.340864
6.75063 -3.41333 4.24225 0.716779 0.0578366 -0.397713 0.569831 0.349558 0.106319 0.126604 -0.081134 -0.131415 0.340864
6.8353 -3.4598 4.16292 0.735404 0.0424933 -0.399082 0.545993 0.385706 0.106319 0.126604 -0.081134 -0.131415 0.340864
6.92841 -3.51126 4.07615 0.753182 0.027101 -0.399992 0.521525 0.421855 0.106319 0.126604 -0.081134 -0.131415 0.340864
7.02995 -3.56781 3.98198 0.770092 0.0116774 -0.400441 0.496457 0.458003 0.106319 0.126604 -0.081134 -0.131415 0.340864
7.13264 -3.62252 3.89226 0.77648 0.00972719 -0.374675 0.506561 0.406439 -0.151659 -0.0299443 -0.138174 0.0897846 0.340864
7.22812 -3.66866 3.81809 0.782238 0.00776907 -0.348605 0.516254 0.354875 -0.151659 -0.0299443 -0.138174 0.0897846 0.340864
7.31475 -3.70659 3.75832 0.787362 0.00580466 -0.322253 0.525529 0.303311 -0.151659 -0.0299443 -0.138174 0.0897846 0.340864
7.39103 -3.7368 3.71174 0.791848 0.00383553 -0.295639 0.534378 0.251747 -0.151659 -0.0299443 -0.138174 0.0897846 0.340864
7.45557 -3.75984 3.67702 0.795692 0.0018633 -0.268786 0.542793 0.200183 -0.151659 -0.0299443 -0.138174 0.0897846 0.340864
7.50709 -3.77634 3.65276 0.798891 -0.000110444 -0.241715 0.550769 0.148619 -0.151659 -0.0299443 -0.138174 0.0897846 0.340864
7.54447 -3.78701 3.6375 0.801443 -0.0020841 -0.214448 0.558298 0.0970549 -0.151659 -0.0299443 -0.138174 0.0897846 0.340864
7.58993 -3.79983 3.62097 0.802566 -0.0182593 -0.212936 0.556967 0.19736 0.295016 -0.0104581 -0.0616845 -0.0729599 0.340864
7.67286 -3.82442 3.59158 0.796663 -0.0180951 -0.214872 0.564652 0.340029 0.419615 -0.0552077 0.0178959 0.00342567 0.340864
7.77496 -3.8576 3.55815 0.783342 -0.0476983 -0.208894 0.583493 0.321458 -0.0546211 -0.170632 -0.107521 -0.0965023 0.340864
7.87673 -3.89349 3.52984 0.790994 -0.0631395 -0.19527 0.576378 0.334866 0.0394355 0.0362568 -0.12719 -0.0309865 0.340864
7.98344 -3.93164 3.5045 0.798225 -0.078547 -0.181541 0.568955 0.348274 0.0394355 0.0362568 -0.12719 -0.0309865 0.340864
8.09497 -3.97215 3.48248 0.80503 -0.0939126 -0.167716 0.56123 0.361682 0.0394355 0.0362568 -0.12719 -0.0309865 0.340864
8.21116 -4.01517 3.46412 0.811406 -0.109228 -0.153801 0.553205 0.37509 0.0394355 0.0362568 -0.12719 -0.0309865 0.340864
8.33182 -4.06081 3.44975 0.817349 -0.124485 -0.139804 0.544885 0.388499 0.0394355 0.0362568 -0.12719 -0.0309865 0.340864
8.45675 -4.10922 3.43969 0.822856 -0.139676 -0.125733 0.536274 0.401907 0.0394355 0.0362568 -0.12719 -0.0309865 0.340864
8.58573 -4.16054 3.43424 0.827924 -0.154793 -0.111595 0.527378 0.415315 0.0394355 0.0362568 -0.12719 -0.0309865 0.340864
8.71851 -4.2149 3.43371 0.832551 -0.169827 -0.0973968 0.5182 0.428723 0.0394355 0.0362568 -0.12719 -0.0309865 0.340864
8.84985 -4.26968 3.43864 0.818169 -0.179764 -0.0845062 0.539577 0.40893 -0.0582132 -0.167125 -0.0638359 -0.0114933 0.340864
8.97461 -4.32194 3.44901 0.803027 -0.189534 -0.071537 0.560452 0.389138 -0.0582132 -0.167125 -0.0638359 -0.0114933 0.340864
9.09628 -4.37163 3.46006 0.790166 -0.17242 -0.0829153 0.582266 0.386716 -0.00712403 -0.125577 0.139924 0.0381742 0.340864
9.21825 -4.41904 3.46733 0.776465 -0.155124 -0.0942054 0.603461 0.384294 -0.00712403 -0.125577 0.139924 0.0381742 0.340864
9.34031 -4.46435 3.47073 0.761937 -0.137662 -0.105395 0.624013 0.381871 -0.00712403 -0.125577 0.139924 0.0381742 0.340864
9.46224 -4.50773 3.47022 0.7466 -0.120053 -0.116473 0.643902 0.379449 -0.00712403 -0.125577 0.139924 0.0381742 0.340864
9.58383 -4.54937 3.46574 0.730468 -0.102318 -0.127427 0.663106 0.377027 -0.00712403 -0.125577 0.139924 0.0381742 0.340864
9.69333 -4.58363 3.45936 0.745948 -0.084945 -0.114775 0.650517 0.298974 -0.229567 0.119904 -0.00578356 0.123897 0.340864
9.79594 -4.61335 3.45544 0.737751 -0.100725 -0.0991428 0.660113 0.329901 0.0909605 -0.0919504 -0.118659 -0.00704354 0.340864
9.90862 -4.6463 3.45671 0.729072 -0.116439 -0.0834462 0.669278 0.360827 0.0909605 -0.0919504 -0.118659 -0.00704354 0.340864
10.0082 -4.67237 3.46061 0.751426 -0.0980694 -0.0563318 0.650053 0.245198 -0.340085 0.160954 -0.0681253 0.191466 0.340864
10.0931 -4.69408 3.46169 0.755903 -0.0996447 -0.0958625 0.639916 0.270692 0.0749802 0.0842319 0.161422 -0.158943 0.340864
10.185 -4.7229 3.45704 0.759104 -0.101052 -0.135231 0.628699 0.296185 0.0749802 0.0842319 0.161422 -0.158943 0.340864
10.271 -4.75092 3.45217 0.764966 -0.10614 -0.1047 0.626577 0.237025 -0.173999 0.00896065 -0.161101 0.0920021 0.340864
10.3387 -4.77062 3.45199 0.770066 -0.111123 -0.0740644 0.623831 0.177866 -0.173999 0.00896065 -0.161101 0.0920021 0.340864
10.4009 -4.78763 3.45568 0.764172 -0.130922 -0.0501746 0.62959 0.201827 0.0704747 -0.0719745 -0.174567 -0.00336313 0.340864
10.4705 -4.80671 3.46443 0.75749 -0.150586 -0.0262331 0.634701 0.225788 0.0704747 -0.0719745 -0.174567 -0.00336313 0.340864
10.5471 -4.82771 3.47925 0.750027 -0.170094 -0.00226451 0.639158 0.24975 0.0704747 -0.0719745 -0.174567 -0.00336313 0.340864
10.6303 -4.85046 3.50109 0.741791 -0.189428 0.0217064 0.642956 0.273711 0.0704747 -0.0719745 -0.174567 -0.00336313 0.340864
10.7195 -4.87475 3.53088 0.732791 -0.208566 0.0456549 0.646091 0.297673 0.0704747 -0.0719745 -0.174567 -0.00336313 0.340864
10.814 -4.90031 3.56947 0.723035 -0.227489 0.0695564 0.64856 0.321634 0.0704747 -0.0719745 -0.174567 -0.00336313 0.340864
10.9014 -4.92474 3.6084 0.714871 -0.234189 0.0596046 0.656173 0.259361 -0.183156 -0.0474689 0.0236109 -0.0805087 0.340864
10.9698 -4.94531 3.63875 0.706514 -0.240827 0.0496368 0.663609 0.197088 -0.183156 -0.0474689 0.0236109 -0.0805087 0.340864
11.0193 -4.96126 3.66068 0.697967 -0.2474 0.0396557 0.670867 0.134815 -0.183156 -0.0474689 0.0236109 -0.0805087 0.340864
11.05 -4.97184 3.6743 0.689234 -0.253906 0.0296639 0.677945 0.0725423 -0.183156 -0.0474689 0.0236109 -0.0805087 0.340864
11.0623 -4.9763 3.67971 0.680315 -0.260345 0.0196642 0.68484 0.0102693 -0.183156 -0.0474689 0.0236109 -0.0805087 0.340864
11.0661 -4.97757 3.68146 0.667551 -0.245966 0.0502964 0.700961 0.0155387 0.0154982 -0.164548 -0.0414627 0.159571 0.340864
11.0715 -4.97893 3.68409 0.653741 -0.231203 0.0808498 0.715983 0.0208081 0.0154982 -0.164548 -0.0414627 0.159571 0.340864
11.0785 -4.98012 3.68766 0.638906 -0.216076 0.111276 0.729882 0.0260775 0.0154982 -0.164548 -0.0414627 0.159571 0.340864
11.0925 -4.98141 3.6947 0.633752 -0.19259 0.125033 0.738671 0.066136 0.117819 -0.088028 0.0569426 0.135045 0.340864
11.1188 -4.9823 3.70742 0.628063 -0.168941 0.138683 0.746835 0.106195 0.117819 -0.088028 0.0569426 0.135045 0.340864
11.1578 -4.98129 3.72532 0.621843 -0.145149 0.152217 0.754369 0.146253 0.117819 -0.088028 0.0569426 0.135045 0.340864
11.2095 -4.97692 3.74783 0.615098 -0.121235 0.165622 0.761266 0.186312 0.117819 -0.088028 0.0569426 0.135045 0.340864
11.2738 -4.96776 3.7743 0.607834 -0.0972178 0.178887 0.767519 0.22637 0.117819 -0.088028 0.0569426 0.135045 0.340864
11.3506 -4.95238 3.80403 0.600056 -0.0731189 0.192001 0.773125 0.266429 0.117819 -0.088028 0.0569426 0.135045 0.340864
11.4396 -4.92942 3.83626 0.591771 -0.0489583 0.204952 0.778077 0.306487 0.117819 -0.088028 0.0569426 0.135045 0.340864
11.5403 -4.89756 3.87018 0.582987 -0.0247563 0.217731 0.782372 0.346546 0.117819 -0.088028 0.0569426 0.135045 0.340864
11.6524 -4.85553 3.90492 0.57371 -0.000533354 0.230326 0.786007 0.386604 0.117819 -0.088028 0.0569426 0.135045 0.340864
11.7751 -4.80215 3.93957 0.563949 0.02369 0.242726 0.788977 0.426663 0.117819 -0.088028 0.0569426 0.135045 0.340864
11.888 -4.75025 3.9718 0.542582 0.00097857 0.247766 0.802631 0.328223 -0.28953 -0.11135 -0.154567 -0.0684782 0.340864
11.9709 -4.71286 3.99854 0.520572 -0.021734 0.252514 0.815334 0.229783 -0.28953 -0.11135 -0.154567 -0.0684782 0.340864
12.0409 -4.68046 4.01977 0.521578 0.0156124 0.24771 0.816304 0.240669 0.0320205 -0.0530188 0.195491 0.0900316 0.340864
12.1143 -4.64397 4.03648 0.521844 0.0529367 0.242555 0.816115 0.251556 0.0320205 -0.0530188 0.195491 0.0900316 0.340864
12.1907 -4.60325 4.04812 0.521368 0.0901859 0.237055 0.814768 0.262443 0.0320205 -0.0530188 0.195491 0.0900316 0.340864
12.2696 -4.55822 4.0542 0.520152 0.127307 0.231219 0.812264 0.27333 0.0320205 -0.0530188 0.195491 0.0900316 0.340864
12.3505 -4.5088 4.05424 0.518198 0.164247 0.225054 0.808606 0.284217 0.0320205 -0.0530188 0.195491 0.0900316 0.340864
12.4327 -4.45497 4.0478 0.515508 0.200954 0.21857 0.803801 0.295104 0.0320205 -0.0530188 0.195491 0.0900316 0.340864
12.5155 -4.39672 4.03451 0.512086 0.237376 0.211775 0.797854 0.305991 0.0320205 -0.0530188 0.195491 0.0900316 0.340864
12.5968 -4.33343 4.01589 0.500646 0.266213 0.227685 0.791608 0.310034 0.0118915 -0.0485943 0.0818993 0.185326 0.340864
12.6744 -4.26461 3.99371 0.488578 0.294715 0.243309 0.784369 0.314078 0.0118915 -0.0485943 0.0818993 0.185326 0.340864
12.7478 -4.1905 3.96793 0.475897 0.322848 0.258628 0.776146 0.318121 0.0118915 -0.0485943 0.0818993 0.185326 0.340864
12.8166 -4.11139 3.93855 0.462619 0.350576 0.273623 0.766949 0.322164 0.0118915 -0.0485943 0.0818993 0.185326 0.340864
12.8801 -4.02761 3.90559 0.44876 0.377864 0.288274 0.75679 0.326207 0.0118915 -0.0485943 0.0818993 0.185326 0.340864
12.938 -3.9395 3.86909 0.434338 0.404678 0.302564 0.745682 0.33025 0.0118915 -0.0485943 0.0818993 0.185326 0.340864
12.9899 -3.84746 3.8291 0.419372 0.430984 0.316474 0.733638 0.334293 0.0118915 -0.0485943 0.0818993 0.185326 0.340864
13.0352 -3.75192 3.78571 0.403879 0.456749 0.329987 0.720674 0.338336 0.0118915 -0.0485943 0.0818993 0.185326 0.340864
13.0737 -3.65331 3.739 0.38788 0.481942 0.343086 0.706805 0.342379 0.0118915 -0.0485943 0.0818993 0.185326 0.340864
13.105 -3.55212 3.6891 0.371394 0.506529 0.355755 0.69205 0.346423 0.0118915 -0.0485943 0.0818993 0.185326 0.340864
13.1335 -3.44844 3.63808 0.355136 0.486976 0.374373 0.704682 0.353737 0.0215133 0.00261521 -0.191975 0.0550924 0.340864
13.164 -3.34199 3.58803 0.338469 0.466861 0.39256 0.716503 0.361052 0.0215133 0.00261521 -0.191975 0.0550924 0.340864
13.1963 -3.23272 3.53913 0.321412 0.446207 0.410295 0.727497 0.368366 0.0215133 0.00261521 -0.191975 0.0550924 0.340864
13.2303 -3.12059 3.49153 0.303984 0.42504 0.427557 0.737652 0.375681 0.0215133 0.00261521 -0.191975 0.0550924 0.340864
13.2641 -3.00772 3.44397 0.286347 0.426384 0.434908 0.739633 0.371653 -0.0118467 -0.0650796 -0.0566258 0.0734211 0.340864
13.2956 -2.89632 3.39507 0.268603 0.427571 0.442098 0.74134 0.367625 -0.0118467 -0.0650796 -0.0566258 0.0734211 0.340864
13.325 -2.78646 3.34486 0.25076 0.428599 0.449124 0.742772 0.363597 -0.0118467 -0.0650796 -0.0566258 0.0734211 0.340864
13.3523 -2.67824 3.29335 0.232824 0.429468 0.455983 0.743929 0.359569 -0.0118467 -0.0650796 -0.0566258 0.0734211 0.340864
13.3776 -2.57171 3.24055 0.214802 0.430178 0.462673 0.744809 0.355541 -0.0118467 -0.0650796 -0.0566258 0.0734211 0.340864
13.4011 -2.46695 3.18649 0.196699 0.430728 0.469192 0.745414 0.351513 -0.0118467 -0.0650796 -0.0566258 0.0734211 0.340864
13.4228 -2.36403 3.13119 0.178524 0.431118 0.475537 0.745742 0.347485 -0.0118467 -0.0650796 -0.0566258 0.0734211 0.340864
13.4477 -2.25652 3.07547 0.212336 0.414892 0.46332 0.753733 0.379865 0.0952347 0.154379 0.01597 -0.178779 0.340864
13.4816 -2.13828 3.02079 0.245804 0.397994 0.450352 0.760503 0.412245 0.0952347 0.154379 0.01597 -0.178779 0.340864
13.5259 -2.00989 2.96816 0.278873 0.380451 0.436655 0.766041 0.444625 0.0952347 0.154379 0.01597 -0.178779 0.340864
13.574 -1.87783 2.92176 0.296203 0.366761 0.452753 0.756813 0.42617 -0.054279 0.164439 -0.0229362 0.0350046 0.340864
13.6189 -1.74856 2.88483 0.313286 0.352765 0.468473 0.746955 0.407715 -0.054279 0.164439 -0.0229362 0.0350046 0.340864
13.6606 -1.62273 2.85685 0.330108 0.338476 0.483804 0.736475 0.38926 -0.054279 0.164439 -0.0229362 0.0350046 0.340864
13.6951 -1.51659 2.83811 0.348614 0.334523 0.484259 0.729422 0.276443 -0.331815 0.106036 0.0487031 -0.022481 0.340864
13.7232 -1.4253 2.82109 0.331616 0.359019 0.48448 0.725544 0.294419 0.052871 -0.134349 0.0638733 0.0956906 0.340864
13.7495 -1.32829 2.79796 0.314318 0.383191 0.484263 0.721011 0.312396 0.052871 -0.134349 0.0638733 0.0956906 0.340864
13.7734 -1.22592 2.76822 0.296736 0.407017 0.483609 0.715826 0.330372 0.052871 -0.134349 0.0638733 0.0956906 0.340864
13.7945 -1.11863 2.73138 0.278886 0.430475 0.482517 0.709994 0.348348 0.052871 -0.134349 0.0638733 0.0956906 0.340864
13.812 -1.00692 2.68704 0.260784 0.453543 0.480989 0.70352 0.366324 0.052871 -0.134349 0.0638733 0.0956906 0.340864
13.8256 -0.891316 2.63479 0.242445 0.476202 0.479026 0.69641 0.3843 0.052871 -0.134349 0.0638733 0.0956906 0.340864
13.8347 -0.77243 2.57431 0.223888 0.498429 0.476629 0.68867 0.402276 0.052871 -0.134349 0.0638733 0.0956906 0.340864
13.8388 -0.65091 2.50529 0.205128 0.520207 0.473802 0.680308 0.420252 0.052871 -0.134349 0.0638733 0.0956906 0.340864
13.8374 -0.527455 2.42751 0.186183 0.541514 0.470547 0.671331 0.438228 0.052871 -0.134349 0.0638733 0.0956906 0.340864
13.8315 -0.415225 2.35142 0.195771 0.568136 0.45411 0.657783 0.360171 -0.229581 -0.0733601 0.192867 -0.0288009 0.340864
13.8236 -0.326422 2.28839 0.205114 0.594046 0.437104 0.643411 0.282114 -0.229581 -0.0733601 0.192867 -0.0288009 0.340864
13.8152 -0.260331 2.2395 0.214199 0.619211 0.41955 0.628231 0.204056 -0.229581 -0.0733601 0.192867 -0.0288009 0.340864
13.8077 -0.216224 2.20564 0.223016 0.643599 0.401469 0.612264 0.125999 -0.229581 -0.0733601 0.192867 -0.0288009 0.340864
13.8024 -0.188994 2.18477 0.245794 0.651724 0.391093 0.601572 0.0782176 -0.140533 0.0375967 0.137164 -0.0877105 0.340864
13.7995 -0.174289 2.17398 0.268374 0.659322 0.3804 0.590394 0.0304363 -0.140533 0.0375967 0.137164 -0.0877105 0.340864
13.7971 -0.162615 2.16494 0.241406 0.667495 0.364991 0.602458 0.0575233 0.0796679 -0.190789 -0.0544342 0.0369907 0.340864
13.7933 -0.144765 2.14911 0.214154 0.674882 0.349152 0.613812 0.0846104 0.0796679 -0.190789 -0.0544342 0.0369907 0.340864
13.7882 -0.121635 2.12561 0.18665 0.681474 0.332902 0.624444 0.111697 0.0796679 -0.190789 -0.0544342 0.0369907 0.340864
13.782 -0.0942022 2.09366 0.158926 0.687265 0.316261 0.634342 0.138785 0.0796679 -0.190789 -0.0544342 0.0369907 0.340864
13.7746 -0.0635143 2.0526 0.131015 0.692246 0.299247 0.643492 0.165872 0.0796679 -0.190789 -0.0544342 0.0369907 0.340864
13.7665 -0.0306835 2.00185 0.10295 0.696413 0.281881 0.651885 0.192959 0.0796679 -0.190789 -0.0544342 0.0369907 0.340864
13.7578 0.00312562 1.94094 0.0747641 0.69976 0.264183 0.659511 0.220046 0.0796679 -0.190789 -0.0544342 0.0369907 0.340864
13.7488 0.0367052 1.86955 0.0464899 0.702283 0.246174 0.66636 0.247133 0.0796679 -0.190789 -0.0544342 0.0369907 0.340864
13.7398 0.0688155 1.78745 0.018161 0.703979 0.227875 0.672426 0.27422 0.0796679 -0.190789 -0.0544342 0.0369907 0.340864
13.7312 0.0981956 1.69455 -0.0101893 0.704848 0.209308 0.677699 0.301307 0.0796679 -0.190789 -0.0544342 0.0369907 0.340864
13.7242 0.123909 1.60161 -0.00674149 0.701546 0.198581 0.684364 0.267433 -0.0996297 -0.0262691 -0.0371938 -0.0650689 0.340864
13.7196 0.145946 1.51947 -0.00329248 0.698116 0.187817 0.690904 0.233559 -0.0996297 -0.0262691 -0.0371938 -0.0650689 0.340864
13.7151 0.165413 1.45292 0.0392125 0.712558 0.186673 0.675186 0.175277 -0.171416 0.151844 0.170243 -0.162175 0.340864
13.71 0.181964 1.40635 0.0816286 0.725388 0.185106 0.65794 0.116996 -0.171416 0.151844 0.170243 -0.162175 0.340864
13.7053 0.196073 1.3679 0.0713716 0.725618 0.164831 0.66424 0.125581 0.0252495 -0.129501 -0.027426 -0.0414575 0.340864
13.7009 0.209419 1.32604 0.0610748 0.725445 0.144464 0.670171 0.134165 0.0252495 -0.129501 -0.027426 -0.0414575 0.340864
13.6967 0.221731 1.2808 0.0507441 0.724869 0.124016 0.675729 0.14275 0.0252495 -0.129501 -0.027426 -0.0414575 0.340864
13.693 0.232737 1.23218 0.0403852 0.72389 0.1035 0.680912 0.151335 0.0252495 -0.129501 -0.027426 -0.0414575 0.340864
13.6896 0.242161 1.18023 0.0300038 0.722508 0.0829255 0.685715 0.15992 0.0252495 -0.129501 -0.027426 -0.0414575 0.340864
13.6867 0.249728 1.12499 0.0196058 0.720724 0.0623054 0.690138 0.168505 0.0252495 -0.129501 -0.027426 -0.0414575 0.340864
13.6843 0.255162 1.06655 0.00919679 0.71854 0.0416506 0.694177 0.17709 0.0252495 -0.129501 -0.027426 -0.0414575 0.340864
13.6824 0.258192 1.00499 -0.00121729 0.715956 0.0209727 0.697829 0.185675 0.0252495 -0.129501 -0.027426 -0.0414575 0.340864
13.6815 0.259369 0.967386 0.0217669 0.712491 0.00433181 0.701331 0.0356681 -0.441195 0.0247204 -0.0262566 -0.165537 0.340864
13.6815 0.260293 0.952414 0.0517977 0.703954 0.0070711 0.708319 0.0525818 0.0497463 0.134718 -0.064102 -0.115853 0.340864
13.6819 0.262502 0.931786 0.0817751 0.694692 0.00980311 0.714577 0.0694956 0.0497463 0.134718 -0.064102 -0.115853 0.340864
13.6832 0.266482 0.905618 0.111668 0.684713 0.012525 0.720098 0.0864093 0.0497463 0.134718 -0.064102 -0.115853 0.340864
13.6857 0.272695 0.874068 0.141446 0.674029 0.015234 0.724877 0.103323 0.0497463 0.134718 -0.064102 -0.115853 0.340864
13.6898 0.281568 0.837339 0.171078 0.662649 0.0179273 0.728908 0.120237 0.0497463 0.134718 -0.064102 -0.115853 0.340864
13.6965 0.293824 0.790601 0.194337 0.650922 -0.00243896 0.733844 0.166736 0.136763 0.0166127 -0.0465844 -0.190343 0.340864
13.7074 0.309761 0.728962 0.217379 0.638468 -0.0228025 0.73796 0.213235 0.136763 0.0166127 -0.0465844 -0.190343 0.340864
13.7234 0.329076 0.652582 0.240177 0.625299 -0.0431405 0.741252 0.259735 0.136763 0.0166127 -0.0465844 -0.190343 0.340864
13.7455 0.351368 0.561637 0.262708 0.611432 -0.0634303 0.743715 0.306234 0.136763 0.0166127 -0.0465844 -0.190343 0.340864
13.7746 0.376149 0.456324 0.284944 0.596882 -0.0836492 0.745347 0.352733 0.136763 0.0166127 -0.0465844 -0.190343 0.340864
13.8114 0.402842 0.336858 0.306863 0.581664 -0.103775 0.746145 0.399233 0.136763 0.0166127 -0.0465844 -0.190343 0.340864
13.8536 0.425715 0.217844 0.283667 0.556909 -0.104977 0.773541 0.355941 -0.127329 -0.170535 -0.18612 0.0461404 0.340864
13.8974 0.440542 0.114025 0.259932 0.531094 -0.105979 0.799464 0.312649 -0.127329 -0.170535 -0.18612 0.0461404 0.340864
13.941 0.448911 0.0256168 0.235703 0.504268 -0.106779 0.823867 0.269357 -0.127329 -0.170535 -0.18612 0.0461404 0.340864
13.9827 0.452357 -0.0474564 0.211025 0.476482 -0.107377 0.846701 0.226065 -0.127329 -0.170535 -0.18612 0.0461404 0.340864
14.0169 0.454204 -0.10345 0.248922 0.475516 -0.118896 0.835336 0.16009 -0.194043 0.170012 0.0174073 -0.172018 0.340864
14.0393 0.456225 -0.140349 0.286397 0.473741 -0.130212 0.822552 0.0941152 -0.194043 0.170012 0.0174073 -0.172018 0.340864
14.0498 0.457437 -0.158103 0.308092 0.481274 -0.145728 0.8076 0.0274018 -0.196216 0.0927112 0.0876496 -0.134316 0.340864
14.0553 0.458045 -0.167069 0.331601 0.449618 -0.149781 0.815752 0.0346742 0.0213895 0.0583122 -0.186322 -0.136227 0.340864
14.0628 0.458679 -0.177669 0.354566 0.417225 -0.153588 0.822567 0.0419467 0.0213895 0.0583122 -0.186322 -0.136227 0.340864
14.0726 0.459242 -0.189675 0.376951 0.384149 -0.157144 0.828036 0.0492191 0.0213895 0.0583122 -0.186322 -0.136227 0.340864
14.0848 0.459619 -0.202841 0.398719 0.350444 -0.160442 0.832148 0.0564915 0.0213895 0.0583122 -0.186322 -0.136227 0.340864
14.0997 0.45967 -0.216905 0.419833 0.316165 -0.163478 0.834898 0.063764 0.0213895 0.0583122 -0.186322 -0.136227 0.340864
14.1173 0.459238 -0.23159 0.44026 0.281368 -0.166246 0.836281 0.0710364 0.0213895 0.0583122 -0.186322 -0.136227 0.340864
14.1377 0.458144 -0.246612 0.459966 0.24611 -0.168742 0.836294 0.0783088 0.0213895 0.0583122 -0.186322 -0.136227 0.340864
14.161 0.456198 -0.261678 0.478919 0.210449 -0.170962 0.834937 0.0855813 0.0213895 0.0583122 -0.186322 -0.136227 0.340864
14.1825 0.453524 -0.27379 0.485173 0.170348 -0.179105 0.838755 0.0600648 -0.0750484 -0.0304563 -0.185085 -0.156916 0.340864
14.1967 0.450972 -0.280762 0.490589 0.129951 -0.186938 0.841124 0.0345484 -0.0750484 -0.0304563 -0.185085 -0.156916 0.340864
14.2121 0.447323 -0.287411 0.483427 0.108302 -0.200422 0.845222 0.0661862 0.0930526 -0.0813895 -0.0634695 -0.119222 0.340864
14.237 0.440107 -0.297529 0.475917 0.0865749 -0.213761 0.848713 0.0978241 0.0930526 -0.0813895 -0.0634695 -0.119222 0.340864
14.2715 0.428349 -0.310514 0.468065 0.0647855 -0.226947 0.851594 0.129462 0.0930526 -0.0813895 -0.0634695 -0.119222 0.340864
14.3152 0.41111 -0.325727 0.459877 0.0429496 -0.23997 0.853864 0.1611 0.0930526 -0.0813895 -0.0634695 -0.119222 0.340864
14.3662 0.388243 -0.343115 0.460471 0.0351694 -0.261029 0.847699 0.18316 0.0648817 0.00336282 0.0186082 -0.135683 0.340864
14.4223 0.359849 -0.363122 0.460817 0.0273701 -0.281946 0.841074 0.205219 0.0648817 0.00336282 0.0186082 -0.135683 0.340864
14.461 0.340625 -0.376892 0.492377 0.0312177 -0.250929 0.832841 0.0616219 -0.422346 0.189902 -0.116099 0.1452 0.340864
14.4797 0.332037 -0.383108 0.49695 0.0144954 -0.257721 0.828499 0.0646565 0.00892511 0.009051 -0.0682052 -0.0889673 0.340864
14.4991 0.322466 -0.389198 0.501341 -0.00223208 -0.26442 0.823853 0.067691 0.00892511 0.009051 -0.0682052 -0.0889673 0.340864
14.5193 0.311863 -0.395131 0.505549 -0.0189588 -0.271022 0.818906 0.0707256 0.00892511 0.009051 -0.0682052 -0.0889673 0.340864
14.531 0.305702 -0.39849 0.491752 -0.00167941 -0.258443 0.831495 0.0095856 -0.179823 -0.0777636 0.0692365 0.13053 0.340864
