9.13301 1.14004 1.42219 -0.0442768 0.0100638 0.0760728 0.996068 0.239367 0 0 0 0 0
9.21069 1.15105 1.42266 -0.0402652 -0.0224158 0.0640718 0.996881 0.222214 -0.0504492 0.0375484 -0.191723 -0.0624705 0.340864
9.28261 1.15968 1.4279 -0.0362045 -0.0548681 0.051993 0.996482 0.205061 -0.0504492 0.0375484 -0.191723 -0.0624705 0.340864
9.38241 1.17133 1.43519 -0.0532357 -0.025885 0.0597251 0.996458 0.387653 0.537035 -0.111218 0.166352 0.033667 0.340864
9.48966 1.18358 1.4388 -0.0478005 -0.0123714 0.0514513 0.997454 0.247719 -0.411571 0.0286842 0.0786844 -0.0522535 0.340864
9.58668 1.19131 1.43959 -0.0605705 -0.000543498 0.0285625 0.997755 0.324875 0.226928 -0.0767666 0.0591279 -0.138663 0.340864
9.721 1.19945 1.44097 -0.0573122 -0.0125636 0.0310989 0.997793 0.46674 0.417252 0.0211486 -0.0690982 0.019174 0.340864
9.88107 1.21118 1.44043 -0.0502152 0.0119509 0.0420346 0.997782 0.477477 0.0315771 0.0363633 0.148888 0.0564548 0.340864
10.0443 1.22638 1.43176 -0.0430795 0.0364561 0.0529379 0.997002 0.488213 0.0315771 0.0363633 0.148888 0.0564548 0.340864
10.2101 1.24526 1.41469 -0.0359106 0.0609332 0.0638004 0.995453 0.498949 0.0315771 0.0363633 0.148888 0.0564548 0.340864
10.3494 1.2589 1.39872 -0.0286286 0.0486258 0.0349881 0.997793 0.329915 -0.497159 0.0374329 -0.0762725 -0.169631 0.340864
10.4325 1.26242 1.39143 -0.0213169 0.0362679 0.00613941 0.999096 0.160881 -0.497159 0.0374329 -0.0762725 -0.169631 0.340864
10.488 1.26243 1.38818 -0.0170422 0.0221816 -0.00467151 0.999598 0.166427 0.0163118 0.023389 -0.0840987 -0.0627034 0.340864
10.5455 1.26125 1.38646 -0.0127618 0.00808789 -0.0154809 0.999766 0.171973 0.0163118 0.023389 -0.0840987 -0.0627034 0.340864
10.6049 1.25876 1.38637 -0.00847718 -0.00600851 -0.0262851 0.9996 0.177519 0.0163118 0.023389 -0.0840987 -0.0627034 0.340864
10.666 1.25488 1.388 -0.00418972 -0.0201029 -0.0370805 0.999101 0.183065 0.0163118 0.023389 -0.0840987 -0.0627034 0.340864
10.7289 1.24953 1.39144 9.91308e-05 -0.0341906 -0.0478635 0.998269 0.188611 0.0163118 0.023389 -0.0840987 -0.0627034 0.340864
10.7934 1.2426 1.39678 0.00438795 -0.0482669 -0.0586306 0.997103 0.194157 0.0163118 0.023389 -0.0840987 -0.0627034 0.340864
10.8593 1.234 1.40411 0.00867531 -0.062327 -0.0693781 0.995604 0.199703 0.0163118 0.023389 -0.0840987 -0.0627034 0.340864
10.9232 1.22671 1.41001 0.0154755 -0.0301281 -0.0422705 0.998532 0.180267 -0.057163 0.0428912 0.185544 0.164137 0.340864
10.9811 1.22333 1.41161 0.0222475 0.00212591 -0.0150858 0.999636 0.160832 -0.057163 0.0428912 0.185544 0.164137 0.340864
11.0477 1.22111 1.41153 0.0299277 -0.0016142 -0.018151 0.999386 0.231042 0.206501 0.0448245 -0.0222702 -0.0186326 0.340864
11.1381 1.21751 1.41206 0.0376054 -0.00535418 -0.0212148 0.999053 0.301252 0.206501 0.0448245 -0.0222702 -0.0186326 0.340864
11.2523 1.21223 1.4135 0.0452801 -0.00909371 -0.0242769 0.998638 0.371463 0.206501 0.0448245 -0.0222702 -0.0186326 0.340864
11.3796 1.20153 1.41851 0.0777737 -0.0352802 -0.0566917 0.994732 0.380446 0.0264211 0.190002 -0.150114 -0.196302 0.340864
11.5084 1.1814 1.42925 0.110049 -0.0613677 -0.0889474 0.988034 0.389429 0.0264211 0.190002 -0.150114 -0.196302 0.340864
11.6378 1.15121 1.44527 0.142015 -0.0872829 -0.120953 0.978562 0.398412 0.0264211 0.190002 -0.150114 -0.196302 0.340864
11.7669 1.11039 1.46602 0.173583 -0.112953 -0.15262 0.966342 0.407395 0.0264211 0.190002 -0.150114 -0.196302 0.340864
11.8946 1.0585 1.49083 0.204663 -0.138306 -0.183858 0.95141 0.416379 0.0264211 0.190002 -0.150114 -0.196302 0.340864
12.0197 0.995215 1.51895 0.235169 -0.163271 -0.214579 0.933806 0.425362 0.0264211 0.190002 -0.150114 -0.196302 0.340864
12.1414 0.920326 1.54954 0.265014 -0.187777 -0.244699 0.913581 0.434345 0.0264211 0.190002 -0.150114 -0.196302 0.340864
12.2586 0.833763 1.58166 0.294116 -0.211756 -0.274131 0.89079 0.443328 0.0264211 0.190002 -0.150114 -0.196302 0.340864
12.3702 0.73559 1.61431 0.322391 -0.235141 -0.302794 0.865499 0.452311 0.0264211 0.190002 -0.150114 -0.196302 0.340864
12.4732 0.636208 1.64254 0.341919 -0.225335 -0.31037 0.857896 0.405835 -0.136696 0.1418 0.0189967 -0.00651017 0.340864
12.565 0.546293 1.66281 0.361245 -0.215395 -0.317763 0.849785 0.359358 -0.136696 0.1418 0.0189967 -0.00651017 0.340864
12.6455 0.46637 1.67628 0.380356 -0.205328 -0.324968 0.841169 0.312881 -0.136696 0.1418 0.0189967 -0.00651017 0.340864
12.7148 0.396877 1.68411 0.399242 -0.195138 -0.33198 0.832055 0.266404 -0.136696 0.1418 0.0189967 -0.00651017 0.340864
12.773 0.338167 1.68749 0.417891 -0.184834 -0.338795 0.822448 0.219927 -0.136696 0.1418 0.0189967 -0.00651017 0.340864
12.8199 0.290506 1.68763 0.436293 -0.174419 -0.345409 0.812354 0.173451 -0.136696 0.1418 0.0189967 -0.00651017 0.340864
12.8508 0.260267 1.6861 0.434947 -0.142789 -0.336387 0.822968 0.0814119 -0.270702 0.0213465 0.141648 0.144503 0.340864
12.8697 0.243843 1.68434 0.451993 -0.121629 -0.315295 0.825529 0.0660244 -0.0452573 0.100139 0.0168906 0.175665 0.340864
12.8853 0.231811 1.68242 0.468501 -0.100325 -0.293827 0.827108 0.050637 -0.0452573 0.100139 0.0168906 0.175665 0.340864
12.8973 0.223705 1.68066 0.484452 -0.0789021 -0.272009 0.827703 0.0352495 -0.0452573 0.100139 0.0168906 0.175665 0.340864
12.9053 0.219005 1.67932 0.499826 -0.0573849 -0.249868 0.827313 0.019862 -0.0452573 0.100139 0.0168906 0.175665 0.340864
12.9161 0.213159 1.67724 0.516731 -0.0525039 -0.253438 0.816089 0.0534385 0.0987543 0.123651 0.00561537 -0.0138133 0.340864
12.9368 0.202033 1.67276 0.533403 -0.0475994 -0.256895 0.8045 0.0870149 0.0987543 0.123651 0.00561537 -0.0138133 0.340864
12.9672 0.185738 1.6654 0.549836 -0.0426736 -0.260236 0.79255 0.120591 0.0987543 0.123651 0.00561537 -0.0138133 0.340864
13.0074 0.164411 1.65468 0.566023 -0.0377287 -0.26346 0.780245 0.154168 0.0987543 0.123651 0.00561537 -0.0138133 0.340864
13.0572 0.138221 1.64015 0.581957 -0.0327668 -0.266566 0.767591 0.187744 0.0987543 0.123651 0.00561537 -0.0138133 0.340864
13.1166 0.107368 1.62135 0.597629 -0.0277902 -0.269553 0.754592 0.221321 0.0987543 0.123651 0.00561537 -0.0138133 0.340864
13.1855 0.0720794 1.59783 0.613033 -0.0228012 -0.272419 0.741254 0.254897 0.0987543 0.123651 0.00561537 -0.0138133 0.340864
13.264 0.0326108 1.56917 0.628163 -0.017802 -0.275163 0.727585 0.288474 0.0987543 0.123651 0.00561537 -0.0138133 0.340864
13.3519 -0.0107538 1.53496 0.643011 -0.0127947 -0.277784 0.713589 0.32205 0.0987543 0.123651 0.00561537 -0.0138133 0.340864
13.4491 -0.0577043 1.49481 0.65757 -0.00778178 -0.28028 0.699274 0.355627 0.0987543 0.123651 0.00561537 -0.0138133 0.340864
13.5494 -0.102668 1.44766 0.669286 0.0333348 -0.287357 0.684377 0.348034 -0.0223306 0.173986 0.176569 0.105942 0.340864
13.6459 -0.140178 1.39326 0.679595 0.0743813 -0.293831 0.668043 0.340442 -0.0223306 0.173986 0.176569 0.105942 0.340864
13.7446 -0.172401 1.32848 0.680468 0.115628 -0.298323 0.65924 0.379351 0.114438 0.107978 0.182443 0.13168 0.340864
13.8506 -0.200509 1.24885 0.680115 0.156667 -0.302278 0.64925 0.41826 0.114438 0.107978 0.182443 0.13168 0.340864
13.9625 -0.222894 1.15339 0.678539 0.197424 -0.30569 0.638093 0.457169 0.114438 0.107978 0.182443 0.13168 0.340864
