0 0 0 0 0 0 1 4.64288e-310 0 0 0 0 0
0.0134946 0.000253177 -0.000547698 0.0186262 0.0306066 0.0136322 0.999265 0.0794692 0.233733 0.109593 0.180083 0.0802094 0.340864
0.0537966 0.00208345 -0.00434641 0.037225 0.0611683 0.0272445 0.997061 0.158938 0.233733 0.109593 0.180083 0.0802094 0.340864
0.11132 0.00523203 -0.0101046 0.00784495 0.0401056 0.0249379 0.998853 0.181656 0.0668168 -0.1702 -0.12841 -0.007858 0.340864
0.176754 0.00832574 -0.0139743 -0.0215454 0.0189902 0.0225985 0.999332 0.204374 0.0668168 -0.1702 -0.12841 -0.007858 0.340864
0.25002 0.0114249 -0.0152951 -0.0509074 -0.00215017 0.0202294 0.998496 0.227092 0.0668168 -0.1702 -0.12841 -0.007858 0.340864
0.331002 0.0146463 -0.0134131 -0.0802024 -0.0232877 0.0178337 0.996347 0.249809 0.0668168 -0.1702 -0.12841 -0.007858 0.340864
0.419538 0.0181631 -0.00768756 -0.109392 -0.0443946 0.0154145 0.992887 0.272527 0.0668168 -0.1702 -0.12841 -0.007858 0.340864
0.515428 0.0222041 0.00250202 -0.138438 -0.0654432 0.012975 0.988121 0.295245 0.0668168 -0.1702 -0.12841 -0.007858 0.340864
0.61843 0.0270521 0.0177495 -0.167301 -0.0864056 0.0105185 0.982056 0.317963 0.0668168 -0.1702 -0.12841 -0.007858 0.340864
0.728267 0.0330424 0.0386156 -0.195945 -0.107254 0.00804818 0.974699 0.34068 0.0668168 -0.1702 -0.12841 -0.007858 0.340864
0.847303 0.039497 0.0609005 -0.168585 -0.0843316 0.0105976 0.982016 0.372772 0.0943863 0.162646 0.14031 0.00511205 0.340864
0.978056 0.0455773 0.0793402 -0.141 -0.0612962 0.0131328 0.988023 0.404863 0.0943863 0.162646 0.14031 0.00511205 0.340864
1.12039 0.0514801 0.0928763 -0.113227 -0.0381791 0.0156505 0.992712 0.436954 0.0943863 0.162646 0.14031 0.00511205 0.340864
1.27409 0.0574869 0.100466 -0.0853026 -0.0150111 0.0181473 0.996077 0.469046 0.0943863 0.162646 0.14031 0.00511205 0.340864
1.4179 0.0591483 0.103486 -0.114291 -0.00658372 -0.00970596 0.993378 0.377259 -0.26996 -0.169693 0.0320783 -0.169748 0.340864
1.53043 0.0540851 0.104737 -0.143086 0.0018548 -0.0375428 0.988996 0.285473 -0.26996 -0.169693 0.0320783 -0.169748 0.340864
1.62539 0.0459146 0.1081 -0.172348 -0.023247 -0.0529118 0.983339 0.275633 -0.0289406 -0.180765 -0.152489 -0.0692334 0.340864
1.71651 0.0362405 0.116625 -0.201309 -0.048308 -0.0681879 0.975957 0.265793 -0.0289406 -0.180765 -0.152489 -0.0692334 0.340864
1.80353 0.025523 0.12999 -0.229916 -0.0732843 -0.0833444 0.966862 0.255953 -0.0289406 -0.180765 -0.152489 -0.0692334 0.340864
1.88621 0.0141942 0.147832 -0.258119 -0.098132 -0.0983546 0.956071 0.246113 -0.0289406 -0.180765 -0.152489 -0.0692334 0.340864
1.96437 0.00265468 0.169752 -0.28587 -0.122807 -0.113192 0.943602 0.236274 -0.0289406 -0.180765 -0.152489 -0.0692334 0.340864
2.03787 -0.00872995 0.195318 -0.31312 -0.147267 -0.127831 0.929477 0.226434 -0.0289406 -0.180765 -0.152489 -0.0692334 0.340864
2.1066 -0.0196317 0.224075 -0.339819 -0.171469 -0.142246 0.913722 0.216594 -0.0289406 -0.180765 -0.152489 -0.0692334 0.340864
2.17052 -0.0297628 0.255547 -0.365923 -0.19537 -0.156411 0.896363 0.206754 -0.0289406 -0.180765 -0.152489 -0.0692334 0.340864
2.22958 -0.0388775 0.289246 -0.391384 -0.218928 -0.170302 0.877432 0.196914 -0.0289406 -0.180765 -0.152489 -0.0692334 0.340864
2.29709 -0.0469182 0.332535 -0.395844 -0.247515 -0.155581 0.870539 0.277258 0.236304 -0.0864985 -0.118087 0.129169 0.340864
2.38543 -0.0520374 0.394289 -0.399868 -0.275829 -0.140689 0.862688 0.357601 0.236304 -0.0864985 -0.118087 0.129169 0.340864
2.49307 -0.0513444 0.476124 -0.403452 -0.30384 -0.125642 0.853887 0.437944 0.236304 -0.0864985 -0.118087 0.129169 0.340864
2.60817 -0.0461032 0.568459 -0.430791 -0.307362 -0.133825 0.837878 0.430595 -0.0216153 -0.163321 -0.0455268 -0.0934501 0.340864
2.72009 -0.0394459 0.660647 -0.457663 -0.310552 -0.141862 0.820961 0.423246 -0.0216153 -0.163321 -0.0455268 -0.0934501 0.340864
2.8289 -0.0313122 0.752534 -0.484039 -0.313405 -0.149746 0.803156 0.415897 -0.0216153 -0.163321 -0.0455268 -0.0934501 0.340864
2.93468 -0.0216541 0.843967 -0.509892 -0.315919 -0.157467 0.784481 0.408547 -0.0216153 -0.163321 -0.0455268 -0.0934501 0.340864
3.04653 -0.00696045 0.941155 -0.500485 -0.327777 -0.130852 0.790541 0.467399 0.173092 0.001137 0.0276615 0.18151 0.340864
3.15756 0.0105823 1.04274 -0.494229 -0.347792 -0.149272 0.782622 0.423971 -0.12773 0.0258968 -0.167412 -0.0207696 0.340864
3.2525 0.0248951 1.14012 -0.487556 -0.367514 -0.167567 0.774044 0.380543 -0.12773 0.0258968 -0.167412 -0.0207696 0.340864
3.33219 0.0362975 1.23176 -0.480472 -0.386927 -0.185721 0.764815 0.337114 -0.12773 0.0258968 -0.167412 -0.0207696 0.340864
3.39762 0.0451164 1.31625 -0.472985 -0.406014 -0.203718 0.754942 0.293686 -0.12773 0.0258968 -0.167412 -0.0207696 0.340864
3.44055 0.0521673 1.37209 -0.502194 -0.391901 -0.175956 0.750502 0.122813 -0.502568 -0.191518 0.164364 0.00894165 0.340864
3.49702 0.0656772 1.43836 -0.532347 -0.386189 -0.164173 0.735195 0.395505 0.802035 -0.199631 0.05596 -0.0502204 0.340864
3.58025 0.084367 1.53251 -0.532228 -0.368592 -0.181663 0.740183 0.351909 -0.128223 0.0728685 0.0325515 -0.12567 0.340864
3.65529 0.0956537 1.61519 -0.531769 -0.350759 -0.199037 0.744697 0.308313 -0.128223 0.0728685 0.0325515 -0.12567 0.340864
3.72152 0.100879 1.68642 -0.530968 -0.332701 -0.216284 0.748735 0.264717 -0.128223 0.0728685 0.0325515 -0.12567 0.340864
3.77845 0.101412 1.74625 -0.529828 -0.314431 -0.233391 0.752292 0.221122 -0.128223 0.0728685 0.0325515 -0.12567 0.340864
3.82565 0.0986433 1.79479 -0.528348 -0.295959 -0.25035 0.755368 0.177526 -0.128223 0.0728685 0.0325515 -0.12567 0.340864
3.86279 0.0939777 1.83223 -0.52653 -0.277297 -0.267148 0.75796 0.13393 -0.128223 0.0728685 0.0325515 -0.12567 0.340864
3.88965 0.0888261 1.85878 -0.524375 -0.258458 -0.283775 0.760067 0.0903339 -0.128223 0.0728685 0.0325515 -0.12567 0.340864
3.90609 0.0845992 1.87475 -0.521884 -0.239453 -0.30022 0.761687 0.046738 -0.128223 0.0728685 0.0325515 -0.12567 0.340864
3.91206 0.0826998 1.88046 -0.519059 -0.220295 -0.316473 0.762819 0.00314207 -0.128223 0.0728685 0.0325515 -0.12567 0.340864
3.91682 0.0811864 1.88468 -0.526208 -0.215082 -0.288586 0.770431 0.0353408 0.0947022 -0.0352789 0.131733 0.114141 0.340864
3.93013 0.0777229 1.89549 -0.532876 -0.209672 -0.260434 0.777338 0.0675396 0.0947022 -0.0352789 0.131733 0.114141 0.340864
3.95271 0.0731336 1.91215 -0.539058 -0.204071 -0.232045 0.783535 0.0997383 0.0947022 -0.0352789 0.131733 0.114141 0.340864
3.98519 0.0682703 1.93387 -0.544746 -0.198283 -0.203444 0.789016 0.131937 0.0947022 -0.0352789 0.131733 0.114141 0.340864
4.0281 0.0640061 1.95982 -0.549937 -0.192314 -0.174656 0.793775 0.164136 0.0947022 -0.0352789 0.131733 0.114141 0.340864
4.08186 0.0612291 1.98908 -0.554625 -0.186169 -0.145709 0.79781 0.196335 0.0947022 -0.0352789 0.131733 0.114141 0.340864
4.14677 0.0608361 2.02073 -0.558807 -0.179854 -0.116629 0.801115 0.228533 0.0947022 -0.0352789 0.131733 0.114141 0.340864
4.22302 0.0637259 2.05379 -0.562477 -0.173375 -0.0874427 0.803688 0.260732 0.0947022 -0.0352789 0.131733 0.114141 0.340864
4.3107 0.0707931 2.08724 -0.565634 -0.166737 -0.0581761 0.805526 0.292931 0.0947022 -0.0352789 0.131733 0.114141 0.340864
4.40976 0.0829214 2.12006 -0.568274 -0.159947 -0.0288564 0.806628 0.32513 0.0947022 -0.0352789 0.131733 0.114141 0.340864
