4.40976 0.0829214 2.12006 -0.568274 -0.159947 -0.0288564 0.806628 0.32513 0 0 0 0 0
4.50592 0.094263 2.15118 -0.576655 -0.158137 -0.0600066 0.799288 0.273218 -0.152681 -0.0346963 -0.101042 -0.163016 0.340864
4.58487 0.0995759 2.17952 -0.584403 -0.156153 -0.091091 0.79107 0.221306 -0.152681 -0.0346963 -0.101042 -0.163016 0.340864
4.64659 0.100624 2.20401 -0.59151 -0.153998 -0.122075 0.781984 0.169394 -0.152681 -0.0346963 -0.101042 -0.163016 0.340864
4.7447 0.100793 2.24364 -0.582446 -0.153057 -0.106816 0.791151 0.45301 0.834162 0.060443 0.0592217 0.0817194 0.340864
4.8846 0.104791 2.29419 -0.565704 -0.14271 -0.0717394 0.808991 0.422493 -0.0897544 0.113996 0.173931 0.154119 0.340864
5.01698 0.113714 2.33369 -0.547867 -0.132086 -0.0365243 0.825264 0.391977 -0.0897544 0.113996 0.173931 0.154119 0.340864
5.14082 0.127138 2.36338 -0.528969 -0.121206 -0.00123848 0.83994 0.36146 -0.0897544 0.113996 0.173931 0.154119 0.340864
5.25529 0.144519 2.38448 -0.509046 -0.110092 0.0340497 0.85299 0.330944 -0.0897544 0.113996 0.173931 0.154119 0.340864
5.35969 0.165197 2.39826 -0.488139 -0.0987647 0.069272 0.864389 0.300427 -0.0897544 0.113996 0.173931 0.154119 0.340864
5.45349 0.188413 2.40596 -0.466286 -0.0872461 0.10436 0.874114 0.269911 -0.0897544 0.113996 0.173931 0.154119 0.340864
5.53634 0.213321 2.40879 -0.44353 -0.0755586 0.139246 0.882146 0.239394 -0.0897544 0.113996 0.173931 0.154119 0.340864
5.60807 0.238999 2.40793 -0.419916 -0.0637249 0.173863 0.888471 0.208878 -0.0897544 0.113996 0.173931 0.154119 0.340864
5.66866 0.264469 2.40449 -0.395489 -0.0517677 0.208143 0.893076 0.178361 -0.0897544 0.113996 0.173931 0.154119 0.340864
5.76805 0.305943 2.39827 -0.430994 -0.059982 0.176518 0.882886 0.45629 0.817438 -0.190615 -0.163364 -0.145421 0.340864
5.91295 0.361461 2.39 -0.401318 -0.0448798 0.175567 0.897834 0.457795 0.00442608 0.176712 0.112133 -0.0482901 0.340864
6.05887 0.415336 2.37944 -0.371107 -0.0297178 0.174381 0.911585 0.4593 0.00442608 0.176712 0.112133 -0.0482901 0.340864
6.20569 0.467688 2.36645 -0.340401 -0.0145162 0.172963 0.924121 0.460804 0.00442608 0.176712 0.112133 -0.0482901 0.340864
6.3533 0.518648 2.35091 -0.309241 0.00070472 0.171315 0.935425 0.462309 0.00442608 0.176712 0.112133 -0.0482901 0.340864
6.50157 0.568357 2.33269 -0.277669 0.0159247 0.169438 0.945482 0.463814 0.00442608 0.176712 0.112133 -0.0482901 0.340864
6.65038 0.616963 2.3117 -0.245727 0.0311235 0.167335 0.954279 0.465319 0.00442608 0.176712 0.112133 -0.0482901 0.340864
6.79961 0.664624 2.28785 -0.213458 0.0462808 0.16501 0.961803 0.466824 0.00442608 0.176712 0.112133 -0.0482901 0.340864
6.94913 0.711507 2.26106 -0.180904 0.0613764 0.162464 0.968046 0.468329 0.00442608 0.176712 0.112133 -0.0482901 0.340864
7.09181 0.756383 2.23464 -0.180218 0.0571637 0.164912 0.968017 0.425123 -0.127075 0.00878622 -0.0207176 0.0182059 0.340864
7.22293 0.795517 2.20759 -0.207105 0.0802388 0.153 0.962944 0.395487 -0.0871646 -0.184913 0.0944131 -0.0783484 0.340864
7.34458 0.826817 2.17646 -0.233697 0.1032 0.14087 0.956499 0.365851 -0.0871646 -0.184913 0.0944131 -0.0783484 0.340864
7.45645 0.850727 2.1425 -0.259957 0.126014 0.12854 0.948694 0.336215 -0.0871646 -0.184913 0.0944131 -0.0783484 0.340864
7.55833 0.867801 2.10691 -0.285846 0.148649 0.116027 0.939539 0.306579 -0.0871646 -0.184913 0.0944131 -0.0783484 0.340864
7.65006 0.878698 2.07081 -0.311329 0.171072 0.103348 0.929047 0.276943 -0.0871646 -0.184913 0.0944131 -0.0783484 0.340864
7.7316 0.88417 2.03527 -0.336369 0.193252 0.0905227 0.917232 0.247307 -0.0871646 -0.184913 0.0944131 -0.0783484 0.340864
7.80293 0.885053 2.00126 -0.360931 0.215157 0.0775684 0.904113 0.217671 -0.0871646 -0.184913 0.0944131 -0.0783484 0.340864
7.86417 0.882256 1.96967 -0.384978 0.236755 0.0645037 0.889707 0.188035 -0.0871646 -0.184913 0.0944131 -0.0783484 0.340864
7.90178 0.879716 1.94866 -0.365837 0.25305 0.0776397 0.892245 0.065846 -0.359381 0.118052 0.118768 0.00422865 0.340864
7.95346 0.875554 1.91655 -0.344745 0.277339 0.0610025 0.894714 0.292914 0.667847 0.0801778 0.0976606 -0.172154 0.340864
7.99902 0.870731 1.88643 -0.310538 0.298597 0.0487602 0.901126 0.0296638 -0.774265 0.165486 0.0888973 -0.165698 0.340864
8.00782 0.869767 1.88039 -0.293016 0.291873 0.048678 0.909166 0.0333861 0.0109479 0.109354 -0.0448922 -0.021236 0.340864
8.01776 0.868868 1.87374 -0.275373 0.285027 0.0485754 0.916826 0.0371084 0.0109479 0.109354 -0.0448922 -0.021236 0.340864
8.02885 0.868064 1.86654 -0.257614 0.278063 0.0484526 0.924104 0.0408307 0.0109479 0.109354 -0.0448922 -0.021236 0.340864
8.04111 0.867386 1.85879 -0.239748 0.270982 0.0483096 0.930997 0.044553 0.0109479 0.109354 -0.0448922 -0.021236 0.340864
8.05456 0.866862 1.85056 -0.221783 0.263788 0.0481464 0.937502 0.0482753 0.0109479 0.109354 -0.0448922 -0.021236 0.340864
8.06922 0.866517 1.84187 -0.203725 0.256485 0.0479632 0.943616 0.0519976 0.0109479 0.109354 -0.0448922 -0.021236 0.340864
8.08511 0.866375 1.83277 -0.185581 0.249074 0.04776 0.949337 0.0557199 0.0109479 0.109354 -0.0448922 -0.021236 0.340864
8.10146 0.866917 1.82311 -0.164876 0.263512 0.076964 0.94734 0.056062 0.00100605 0.152219 0.121279 0.117577 0.340864
8.11746 0.86863 1.81279 -0.143923 0.277556 0.106053 0.943929 0.056404 0.00100605 0.152219 0.121279 0.117577 0.340864
8.13302 0.871539 1.80187 -0.122756 0.291186 0.134984 0.939107 0.0567461 0.00100605 0.152219 0.121279 0.117577 0.340864
8.14807 0.875659 1.79044 -0.101405 0.30438 0.163713 0.932881 0.0570881 0.00100605 0.152219 0.121279 0.117577 0.340864
8.16254 0.881002 1.77857 -0.0799029 0.31712 0.192197 0.925263 0.0574302 0.00100605 0.152219 0.121279 0.117577 0.340864
8.18798 0.891372 1.75863 -0.0516868 0.290779 0.178563 0.938558 0.142274 0.24954 0.164221 -0.142723 -0.12953 0.340864
8.2375 0.9104 1.72505 -0.0233749 0.263898 0.164598 0.950115 0.227118 0.24954 0.164221 -0.142723 -0.12953 0.340864
8.31319 0.937513 1.6811 0.00498035 0.236529 0.150329 0.959912 0.311961 0.24954 0.164221 -0.142723 -0.12953 0.340864
8.41686 0.971728 1.63017 0.0333263 0.208722 0.135781 0.96793 0.396805 0.24954 0.164221 -0.142723 -0.12953 0.340864
8.50911 0.999244 1.58797 0.00270089 0.211204 0.124986 0.969414 0.22153 -0.515515 -0.189933 -0.0100357 -0.0245656 0.340864
8.5837 1.0196 1.55481 -0.0303889 0.191492 0.129793 0.9724 0.27333 0.152354 -0.168318 -0.140554 0.0660288 0.340864
8.67519 1.04404 1.51765 -0.0634327 0.17149 0.134403 0.973911 0.325131 0.152354 -0.168318 -0.140554 0.0660288 0.340864
8.77402 1.06906 1.4832 -0.0597375 0.139466 0.123007 0.980739 0.307978 -0.0504492 0.0375484 -0.191723 -0.0624705 0.340864
8.86988 1.09109 1.45708 -0.0559697 0.107271 0.111463 0.986375 0.290825 -0.0504492 0.0375484 -0.191723 -0.0624705 0.340864
8.96209 1.1102 1.43866 -0.0521339 0.0749469 0.0997827 0.990812 0.273672 -0.0504492 0.0375484 -0.191723 -0.0624705 0.340864
9.04998 1.12647 1.42727 -0.0482347 0.0425312 0.0879812 0.994044 0.25652 -0.0504492 0.0375484 -0.191723 -0.0624705 0.340864
9.13301 1.14004 1.42219 -0.0442768 0.0100638 0.0760728 0.996068 0.239367 -0.0504492 0.0375484 -0.191723 -0.0624705 0.340864
