0 0 0 0 0 0 1 4.64288e-310 0 0 0 0 0
0.0134946 0.000253177 -0.000547698 0.0186262 0.0306066 0.0136322 0.999265 0.0794692 0.233733 0.109593 0.180083 0.0802094 0.340864
0.0537966 0.00208345 -0.00434641 0.037225 0.0611683 0.0272445 0.997061 0.158938 0.233733 0.109593 0.180083 0.0802094 0.340864
0.11132 0.00523203 -0.0101046 0.00784495 0.0401056 0.0249379 0.998853 0.181656 0.0668168 -0.1702 -0.12841 -0.007858 0.340864
0.176754 0.00832574 -0.0139743 -0.0215454 0.0189902 0.0225985 0.999332 0.204374 0.0668168 -0.1702 -0.12841 -0.007858 0.340864
0.25002 0.0114249 -0.0152951 -0.0509074 -0.00215017 0.0202294 0.998496 0.227092 0.0668168 -0.1702 -0.12841 -0.007858 0.340864
0.331002 0.0146463 -0.0134131 -0.0802024 -0.0232877 0.0178337 0.996347 0.249809 0.0668168 -0.1702 -0.12841 -0.007858 0.340864
0.419538 0.0181631 -0.00768756 -0.109392 -0.0443946 0.0154145 0.992887 0.272527 0.0668168 -0.1702 -0.12841 -0.007858 0.340864
0.515428 0.0222041 0.00250202 -0.138438 -0.0654432 0.012975 0.988121 0.295245 0.0668168 -0.1702 -0.12841 -0.007858 0.340864
0.61843 0.0270521 0.0177495 -0.167301 -0.0864056 0.0105185 0.982056 0.317963 0.0668168 -0.1702 -0.12841 -0.007858 0.340864
0.728267 0.0330424 0.0386156 -0.195945 -0.107254 0.00804818 0.974699 0.34068 0.0668168 -0.1702 -0.12841 -0.007858 0.340864
0.847303 0.039497 0.0609005 -0.168585 -0.0843316 0.0105976 0.982016 0.372772 0.0943863 0.162646 0.14031 0.00511205 0.340864
0.978056 0.0455773 0.0793402 -0.141 -0.0612962 0.0131328 0.988023 0.404863 0.0943863 0.162646 0.14031 0.00511205 0.340864
1.12039 0.0514801 0.0928763 -0.113227 -0.0381791 0.0156505 0.992712 0.436954 0.0943863 0.162646 0.14031 0.00511205 0.340864
1.27409 0.0574869 0.100466 -0.0853026 -0.0150111 0.0181473 0.996077 0.469046 0.0943863 0.162646 0.14031 0.00511205 0.340864
1.4179 0.0591483 0.103486 -0.114291 -0.00658372 -0.00970596 0.993378 0.377259 -0.26996 -0.169693 0.0320783 -0.169748 0.340864
1.53043 0.0540851 0.104737 -0.143086 0.0018548 -0.0375428 0.988996 0.285473 -0.26996 -0.169693 0.0320783 -0.169748 0.340864
1.62539 0.0459146 0.1081 -0.172348 -0.023247 -0.0529118 0.983339 0.275633 -0.0289406 -0.180765 -0.152489 -0.0692334 0.340864
1.71651 0.0362405 0.116625 -0.201309 -0.048308 -0.0681879 0.975957 0.265793 -0.0289406 -0.180765 -0.152489 -0.0692334 0.340864
1.80353 0.025523 0.12999 -0.229916 -0.0732843 -0.0833444 0.966862 0.255953 -0.0289406 -0.180765 -0.152489 -0.0692334 0.340864
1.88621 0.0141942 0.147832 -0.258119 -0.098132 -0.0983546 0.956071 0.246113 -0.0289406 -0.180765 -0.152489 -0.0692334 0.340864
1.96437 0.00265468 0.169752 -0.28587 -0.122807 -0.113192 0.943602 0.236274 -0.0289406 -0.180765 -0.152489 -0.0692334 0.340864
2.03787 -0.00872995 0.195318 -0.31312 -0.147267 -0.127831 0.929477 0.226434 -0.0289406 -0.180765 -0.152489 -0.0692334 0.340864
2.1066 -0.0196317 0.224075 -0.339819 -0.171469 -0.142246 0.913722 0.216594 -0.0289406 -0.180765 -0.152489 -0.0692334 0.340864
2.17052 -0.0297628 0.255547 -0.365923 -0.19537 -0.156411 0.896363 0.206754 -0.0289406 -0.180765 -0.152489 -0.0692334 0.340864
2.22958 -0.0388775 0.289246 -0.391384 -0.218928 -0.170302 0.877432 0.196914 -0.0289406 -0.180765 -0.152489 -0.0692334 0.340864
2.29709 -0.0469182 0.332535 -0.395844 -0.247515 -0.155581 0.870539 0.277258 0.236304 -0.0864985 -0.118087 0.129169 0.340864
2.38543 -0.0520374 0.394289 -0.399868 -0.275829 -0.140689 0.862688 0.357601 0.236304 -0.0864985 -0.118087 0.129169 0.340864
2.49307 -0.0513444 0.476124 -0.403452 -0.30384 -0.125642 0.853887 0.437944 0.236304 -0.0864985 -0.118087 0.129169 0.340864
2.60817 -0.0461032 0.568459 -0.430791 -0.307362 -0.133825 0.837878 0.430595 -0.0216153 -0.163321 -0.0455268 -0.0934501 0.340864
2.72009 -0.0394459 0.660647 -0.457663 -0.310552 -0.141862 0.820961 0.423246 -0.0216153 -0.163321 -0.0455268 -0.0934501 0.340864
2.8289 -0.0313122 0.752534 -0.484039 -0.313405 -0.149746 0.803156 0.415897 -0.0216153 -0.163321 -0.0455268 -0.0934501 0.340864
2.93468 -0.0216541 0.843967 -0.509892 -0.315919 -0.157467 0.784481 0.408547 -0.0216153 -0.163321 -0.0455268 -0.0934501 0.340864
3.04653 -0.00696045 0.941155 -0.500485 -0.327777 -0.130852 0.790541 0.467399 0.173092 0.001137 0.0276615 0.18151 0.340864
3.15756 0.0105823 1.04274 -0.494229 -0.347792 -0.149272 0.782622 0.423971 -0.12773 0.0258968 -0.167412 -0.0207696 0.340864
3.2525 0.0248951 1.14012 -0.487556 -0.367514 -0.167567 0.774044 0.380543 -0.12773 0.0258968 -0.167412 -0.0207696 0.340864
3.33219 0.0362975 1.23176 -0.480472 -0.386927 -0.185721 0.764815 0.337114 -0.12773 0.0258968 -0.167412 -0.0207696 0.340864
3.39762 0.0451164 1.31625 -0.472985 -0.406014 -0.203718 0.754942 0.293686 -0.12773 0.0258968 -0.167412 -0.0207696 0.340864
3.44055 0.0521673 1.37209 -0.502194 -0.391901 -0.175956 0.750502 0.122813 -0.502568 -0.191518 0.164364 0.00894165 0.340864
3.49702 0.0656772 1.43836 -0.532347 -0.386189 -0.164173 0.735195 0.395505 0.802035 -0.199631 0.05596 -0.0502204 0.340864
3.58025 0.084367 1.53251 -0.532228 -0.368592 -0.181663 0.740183 0.351909 -0.128223 0.0728685 0.0325515 -0.12567 0.340864
3.65529 0.0956537 1.61519 -0.531769 -0.350759 -0.199037 0.744697 0.308313 -0.128223 0.0728685 0.0325515 -0.12567 0.340864
3.72152 0.100879 1.68642 -0.530968 -0.332701 -0.216284 0.748735 0.264717 -0.128223 0.0728685 0.0325515 -0.12567 0.340864
3.77845 0.101412 1.74625 -0.529828 -0.314431 -0.233391 0.752292 0.221122 -0.128223 0.0728685 0.0325515 -0.12567 0.340864
3.82565 0.0986433 1.79479 -0.528348 -0.295959 -0.25035 0.755368 0.177526 -0.128223 0.0728685 0.0325515 -0.12567 0.340864
3.86279 0.0939777 1.83223 -0.52653 -0.277297 -0.267148 0.75796 0.13393 -0.128223 0.0728685 0.0325515 -0.12567 0.340864
3.88965 0.0888261 1.85878 -0.524375 -0.258458 -0.283775 0.760067 0.0903339 -0.128223 0.0728685 0.0325515 -0.12567 0.340864
3.90609 0.0845992 1.87475 -0.521884 -0.239453 -0.30022 0.761687 0.046738 -0.128223 0.0728685 0.0325515 -0.12567 0.340864
3.91206 0.0826998 1.88046 -0.519059 -0.220295 -0.316473 0.762819 0.00314207 -0.128223 0.0728685 0.0325515 -0.12567 0.340864
3.91682 0.0811864 1.88468 -0.526208 -0.215082 -0.288586 0.770431 0.0353408 0.0947022 -0.0352789 0.131733 0.114141 0.340864
3.93013 0.0777229 1.89549 -0.532876 -0.209672 -0.260434 0.777338 0.0675396 0.0947022 -0.0352789 0.131733 0.114141 0.340864
3.95271 0.0731336 1.91215 -0.539058 -0.204071 -0.232045 0.783535 0.0997383 0.0947022 -0.0352789 0.131733 0.114141 0.340864
3.98519 0.0682703 1.93387 -0.544746 -0.198283 -0.203444 0.789016 0.131937 0.0947022 -0.0352789 0.131733 0.114141 0.340864
4.0281 0.0640061 1.95982 -0.549937 -0.192314 -0.174656 0.793775 0.164136 0.0947022 -0.0352789 0.131733 0.114141 0.340864
4.08186 0.0612291 1.98908 -0.554625 -0.186169 -0.145709 0.79781 0.196335 0.0947022 -0.0352789 0.131733 0.114141 0.340864
4.14677 0.0608361 2.02073 -0.558807 -0.179854 -0.116629 0.801115 0.228533 0.0947022 -0.0352789 0.131733 0.114141 0.340864
4.22302 0.0637259 2.05379 -0.562477 -0.173375 -0.0874427 0.803688 0.260732 0.0947022 -0.0352789 0.131733 0.114141 0.340864
4.3107 0.0707931 2.08724 -0.565634 -0.166737 -0.0581761 0.805526 0.292931 0.0947022 -0.0352789 0.131733 0.114141 0.340864
4.40976 0.0829214 2.12006 -0.568274 -0.159947 -0.0288564 0.806628 0.32513 0.0947022 -0.0352789 0.131733 0.114141 0.340864
4.53256 0.0998139 2.15386 -0.566049 -0.135351 -0.0154776 0.813037 0.430789 0.310762 0.0235674 0.167099 -0.0155577 0.340864
4.65092 0.116024 2.17984 -0.587718 -0.115351 0.00101644 0.8008 0.288446 -0.418655 -0.155723 0.142834 -0.00607928 0.340864
4.7231 0.126384 2.1916 -0.608628 -0.0952018 0.0175092 0.787529 0.146103 -0.418655 -0.155723 0.142834 -0.00607928 0.340864
4.82641 0.142517 2.2024 -0.587725 -0.0819652 0.0400691 0.8039 0.472277 0.959335 0.141478 0.153443 0.0671552 0.340864
4.98647 0.174547 2.22072 -0.596314 -0.124807 0.0503924 0.791387 0.494264 0.0646663 -0.0787818 -0.175021 0.195809 0.340864
5.11915 0.206186 2.24389 -0.573596 -0.150178 0.0346271 0.804509 0.319699 -0.513425 0.170925 -0.157081 0.0283989 0.340864
5.19393 0.224074 2.26205 -0.549972 -0.175311 0.018807 0.81636 0.145135 -0.513425 0.170925 -0.157081 0.0283989 0.340864
5.2361 0.232881 2.27464 -0.554127 -0.172063 -0.0145661 0.814325 0.118902 -0.0771551 0.0075219 -0.0949447 -0.174863 0.340864
5.2699 0.237909 2.28583 -0.557647 -0.168618 -0.0479226 0.811358 0.0926693 -0.0771551 0.0075219 -0.0949447 -0.174863 0.340864
5.29522 0.240169 2.29506 -0.560528 -0.164979 -0.0812241 0.80746 0.0664365 -0.0771551 0.0075219 -0.0949447 -0.174863 0.340864
5.31204 0.240676 2.30179 -0.562768 -0.161152 -0.114433 0.802638 0.0402038 -0.0771551 0.0075219 -0.0949447 -0.174863 0.340864
5.32048 0.240441 2.30548 -0.564362 -0.15714 -0.14751 0.796896 0.013971 -0.0771551 0.0075219 -0.0949447 -0.174863 0.340864
5.35179 0.238782 2.32027 -0.543035 -0.171932 -0.141531 0.809643 0.18999 0.517702 0.123944 -0.0562215 0.10792 0.340864
5.43657 0.235529 2.36193 -0.521235 -0.186573 -0.135429 0.821683 0.366009 0.517702 0.123944 -0.0562215 0.10792 0.340864
5.54503 0.229421 2.4171 -0.530284 -0.17715 -0.159981 0.813525 0.350764 -0.0448374 -0.0343036 -0.0314831 -0.164017 0.340864
5.64784 0.218433 2.47113 -0.538888 -0.167578 -0.184399 0.804683 0.335519 -0.0448374 -0.0343036 -0.0314831 -0.164017 0.340864
5.7448 0.203099 2.52395 -0.547038 -0.157866 -0.208662 0.795165 0.320274 -0.0448374 -0.0343036 -0.0314831 -0.164017 0.340864
5.83576 0.183958 2.5755 -0.554729 -0.14802 -0.23275 0.784979 0.30503 -0.0448374 -0.0343036 -0.0314831 -0.164017 0.340864
5.92063 0.161549 2.62569 -0.561955 -0.138051 -0.256642 0.774134 0.289785 -0.0448374 -0.0343036 -0.0314831 -0.164017 0.340864
5.99934 0.136411 2.67443 -0.568708 -0.127965 -0.280319 0.762639 0.27454 -0.0448374 -0.0343036 -0.0314831 -0.164017 0.340864
6.0559 0.119104 2.70867 -0.59465 -0.127845 -0.243793 0.755389 0.12762 -0.432118 -0.167987 0.160104 0.132024 0.340864
6.1059 0.104615 2.73593 -0.576945 -0.101289 -0.252187 0.770244 0.218108 0.266141 0.175068 0.0744358 -0.0955954 0.340864
6.18229 0.0777602 2.77412 -0.558485 -0.0746004 -0.260252 0.784091 0.308596 0.266141 0.175068 0.0744358 -0.0955954 0.340864
6.28488 0.0354776 2.82053 -0.539293 -0.0478139 -0.267975 0.79691 0.399084 0.266141 0.175068 0.0744358 -0.0955954 0.340864
6.41326 -0.0250414 2.87221 -0.519395 -0.0209648 -0.275347 0.808686 0.489571 0.266141 0.175068 0.0744358 -0.0955954 0.340864
6.52376 -0.0787014 2.91006 -0.510011 -0.00413656 -0.251369 0.822609 0.266668 -0.655599 0.111496 0.139858 0.0863756 0.340864
6.57034 -0.0999727 2.9228 -0.500046 0.0126964 -0.227103 0.835594 0.0437639 -0.655599 0.111496 0.139858 0.0863756 0.340864
6.61584 -0.122046 2.93288 -0.488706 0.0331065 -0.249903 0.835235 0.259601 0.634815 0.0802614 0.0181367 -0.17346 0.340864
6.72309 -0.18209 2.95525 -0.476846 0.0534813 -0.272437 0.833988 0.475438 0.634815 0.0802614 0.0181367 -0.17346 0.340864
6.82581 -0.246 2.97974 -0.494564 0.0406038 -0.301991 0.813977 0.250776 -0.66077 -0.173037 -0.111415 -0.135398 0.340864
6.86355 -0.271416 2.99176 -0.511415 0.0276551 -0.331016 0.792539 0.0261145 -0.66077 -0.173037 -0.111415 -0.135398 0.340864
6.89608 -0.294267 3.00229 -0.492927 0.0475459 -0.31472 0.809762 0.215832 0.557992 0.179426 0.102975 0.0466708 0.340864
6.98126 -0.35307 3.02332 -0.473797 0.067375 -0.298015 0.825932 0.405549 0.557992 0.179426 0.102975 0.0466708 0.340864
7.05462 -0.403517 3.03739 -0.495384 0.0938966 -0.290018 0.81343 0.124715 -0.825982 -0.0900799 0.193982 -0.0484384 0.340864
7.09507 -0.43105 3.04331 -0.468756 0.0929213 -0.279381 0.832814 0.165247 0.119212 0.188147 -0.0298099 0.0721152 0.340864
7.14762 -0.465435 3.0492 -0.441566 0.0918346 -0.268409 0.8512 0.205779 0.119212 0.188147 -0.0298099 0.0721152 0.340864
7.21259 -0.506151 3.05439 -0.413847 0.0906379 -0.257116 0.868566 0.246311 0.119212 0.188147 -0.0298099 0.0721152 0.340864
7.29032 -0.552598 3.05828 -0.385632 0.0893324 -0.245514 0.88489 0.286844 0.119212 0.188147 -0.0298099 0.0721152 0.340864
7.38112 -0.604107 3.06031 -0.356954 0.0879199 -0.233617 0.900154 0.327376 0.119212 0.188147 -0.0298099 0.0721152 0.340864
7.48529 -0.659944 3.06002 -0.327848 0.0864019 -0.221441 0.914338 0.367908 0.119212 0.188147 -0.0298099 0.0721152 0.340864
7.60312 -0.719314 3.05699 -0.29835 0.0847804 -0.208999 0.927426 0.40844 0.119212 0.188147 -0.0298099 0.0721152 0.340864
7.73486 -0.781373 3.05088 -0.268493 0.0830572 -0.196307 0.939402 0.448972 0.119212 0.188147 -0.0298099 0.0721152 0.340864
7.88075 -0.845229 3.04146 -0.238315 0.0812344 -0.183379 0.950252 0.489504 0.119212 0.188147 -0.0298099 0.0721152 0.340864
7.98852 -0.893857 3.03037 -0.236854 0.118527 -0.202464 0.942794 0.209237 -0.824313 0.0288289 0.183746 -0.16775 0.340864
8.05362 -0.925276 3.02086 -0.269828 0.126186 -0.190324 0.935439 0.219606 0.0304952 -0.175571 0.10381 0.0709037 0.340864
8.12228 -0.957173 3.01041 -0.302439 0.133674 -0.177927 0.926825 0.229974 0.0304952 -0.175571 0.10381 0.0709037 0.340864
8.19451 -0.989474 2.9989 -0.334642 0.140983 -0.165291 0.916961 0.240342 0.0304952 -0.175571 0.10381 0.0709037 0.340864
8.27028 -1.02212 2.98619 -0.366395 0.148101 -0.152432 0.905862 0.250711 0.0304952 -0.175571 0.10381 0.0709037 0.340864
8.34958 -1.05504 2.97215 -0.397653 0.15502 -0.139368 0.893542 0.261079 0.0304952 -0.175571 0.10381 0.0709037 0.340864
8.43237 -1.08821 2.95664 -0.428376 0.16173 -0.126116 0.880018 0.271448 0.0304952 -0.175571 0.10381 0.0709037 0.340864
8.51862 -1.12158 2.93951 -0.458522 0.168223 -0.112694 0.865309 0.281816 0.0304952 -0.175571 0.10381 0.0709037 0.340864
8.60828 -1.15514 2.92061 -0.48805 0.174488 -0.0991197 0.849433 0.292184 0.0304952 -0.175571 0.10381 0.0709037 0.340864
8.70128 -1.18888 2.89978 -0.51692 0.180518 -0.0854123 0.832413 0.302553 0.0304952 -0.175571 0.10381 0.0709037 0.340864
8.80017 -1.2267 2.87404 -0.506569 0.211146 -0.0905361 0.831029 0.338461 0.105614 0.0564326 0.130683 -0.12993 0.340864
8.90678 -1.27294 2.83977 -0.495674 0.241547 -0.0955628 0.828752 0.37437 0.105614 0.0564326 0.130683 -0.12993 0.340864
9.01998 -1.32815 2.7959 -0.484247 0.271689 -0.100487 0.825586 0.410279 0.105614 0.0564326 0.130683 -0.12993 0.340864
9.13867 -1.3876 2.74572 -0.4637 0.265264 -0.0969727 0.83977 0.42452 0.0418845 0.142023 -0.0560125 0.0109155 0.340864
9.26263 -1.44611 2.69329 -0.442839 0.258659 -0.0933929 0.853386 0.43876 0.0418845 0.142023 -0.0560125 0.0109155 0.340864
9.39193 -1.50344 2.63874 -0.421678 0.25188 -0.0897498 0.866423 0.453001 0.0418845 0.142023 -0.0560125 0.0109155 0.340864
9.51055 -1.55824 2.59254 -0.416738 0.237579 -0.130535 0.867667 0.362508 -0.266156 -0.0397305 -0.178556 -0.179114 0.340864
9.60207 -1.60689 2.56276 -0.411009 0.222829 -0.171073 0.867267 0.272015 -0.266156 -0.0397305 -0.178556 -0.179114 0.340864
9.66641 -1.64584 2.54587 -0.404502 0.207657 -0.211287 0.865225 0.181522 -0.266156 -0.0397305 -0.178556 -0.179114 0.340864
9.70413 -1.67163 2.53832 -0.397228 0.192091 -0.251101 0.861545 0.091029 -0.266156 -0.0397305 -0.178556 -0.179114 0.340864
9.76563 -1.7203 2.53134 -0.411501 0.177403 -0.291495 0.845119 0.372279 0.827205 -0.178121 -0.129236 -0.178598 0.340864
9.83853 -1.77863 2.52614 -0.411435 0.162218 -0.275958 0.853378 0.177791 -0.572022 0.0104953 -0.046615 0.1281 0.340864
9.89623 -1.82191 2.5249 -0.432414 0.137091 -0.281922 0.845425 0.246661 0.202557 -0.171075 -0.0989432 0.0379921 0.340864
9.97335 -1.87819 2.52911 -0.452888 0.111803 -0.287556 0.836483 0.31553 0.202557 -0.171075 -0.0989432 0.0379921 0.340864
10.0699 -1.9465 2.54159 -0.472832 0.0863849 -0.292854 0.826562 0.3844 0.202557 -0.171075 -0.0989432 0.0379921 0.340864
10.1859 -2.02565 2.56507 -0.492222 0.0608654 -0.297808 0.815674 0.453269 0.202557 -0.171075 -0.0989432 0.0379921 0.340864
10.2702 -2.07996 2.58437 -0.488472 0.0542481 -0.278341 0.825215 0.14722 -0.900143 0.0409996 0.0146325 0.12795 0.340864
10.3553 -2.12755 2.60294 -0.508186 0.0402572 -0.252114 0.822536 0.436642 0.851241 -0.11796 0.0405873 0.169453 0.340864
10.4653 -2.18397 2.62957 -0.523268 0.0201479 -0.254271 0.813099 0.307579 -0.379597 -0.13153 -0.0791552 0.0392575 0.340864
10.5372 -2.21902 2.65046 -0.53797 2.3887e-05 -0.256244 0.803073 0.178516 -0.379597 -0.13153 -0.0791552 0.0392575 0.340864
10.5708 -2.23459 2.66179 -0.552282 -0.0201001 -0.258031 0.792465 0.0494536 -0.379597 -0.13153 -0.0791552 0.0392575 0.340864
10.579 -2.23802 2.66475 -0.574813 -0.0287016 -0.233218 0.783821 0.00558801 -0.129016 -0.149128 0.0737038 0.127853 0.340864
10.5959 -2.24364 2.67006 -0.571989 -0.0271694 -0.198476 0.795423 0.103885 0.28911 0.0484975 0.12265 0.17144 0.340864
10.6445 -2.25701 2.68288 -0.568391 -0.0256006 -0.163465 0.80595 0.202183 0.28911 0.0484975 0.12265 0.17144 0.340864
10.7263 -2.27467 2.70031 -0.564026 -0.0239971 -0.128233 0.815387 0.30048 0.28911 0.0484975 0.12265 0.17144 0.340864
10.8421 -2.29296 2.71947 -0.558897 -0.0223612 -0.0928274 0.823721 0.398777 0.28911 0.0484975 0.12265 0.17144 0.340864
10.9926 -2.30807 2.73749 -0.553013 -0.020695 -0.0572966 0.830942 0.497075 0.28911 0.0484975 0.12265 0.17144 0.340864
11.1224 -2.31718 2.75393 -0.537415 -0.0491174 -0.0709734 0.838889 0.274566 -0.654438 0.0941981 -0.187747 0.0301919 0.340864
11.1769 -2.32077 2.76405 -0.521118 -0.0774759 -0.0845577 0.845744 0.0520565 -0.654438 0.0941981 -0.187747 0.0301919 0.340864
11.2074 -2.32292 2.77005 -0.54561 -0.0522147 -0.0788633 0.832685 0.131252 0.232928 -0.151944 0.149396 -0.0667794 0.340864
11.2646 -2.32768 2.77867 -0.569315 -0.0268783 -0.0730552 0.818426 0.210447 0.232928 -0.151944 0.149396 -0.0667794 0.340864
11.3487 -2.33599 2.78745 -0.5922 -0.00150313 -0.0671418 0.802987 0.289643 0.232928 -0.151944 0.149396 -0.0667794 0.340864
11.4597 -2.34897 2.79403 -0.614232 0.0238742 -0.0611316 0.786392 0.368838 0.232928 -0.151944 0.149396 -0.0667794 0.340864
11.5973 -2.36793 2.79613 -0.635379 0.0492171 -0.0550334 0.768663 0.448034 0.232928 -0.151944 0.149396 -0.0667794 0.340864
11.7002 -2.3823 2.79777 -0.615242 0.02115 -0.063962 0.785454 0.163595 -0.836584 0.142173 -0.171702 0.0641532 0.340864
11.7504 -2.38724 2.79889 -0.61327 0.021697 -0.025723 0.789156 0.133043 -0.0898591 0.0274782 0.139749 0.175888 0.340864
11.7904 -2.38878 2.79786 -0.61039 0.0222118 0.0125541 0.79169 0.102491 -0.0898591 0.0274782 0.139749 0.175888 0.340864
11.8199 -2.38815 2.79571 -0.606607 0.0226938 0.0508126 0.793052 0.0719387 -0.0898591 0.0274782 0.139749 0.175888 0.340864
11.839 -2.3866 2.79342 -0.601926 0.0231422 0.0889959 0.79324 0.0413866 -0.0898591 0.0274782 0.139749 0.175888 0.340864
11.8477 -2.38538 2.79198 -0.596354 0.0235563 0.127047 0.792254 0.0108344 -0.0898591 0.0274782 0.139749 0.175888 0.340864
11.8995 -2.37402 2.77997 -0.595032 0.0263867 0.164295 0.786287 0.309522 0.878492 -0.0117257 0.145704 0.167973 0.340864
12.0095 -2.34407 2.7533 -0.611431 -0.00198639 0.182028 0.770074 0.379193 0.204915 -0.102455 -0.0825191 0.199598 0.340864
12.1399 -2.30024 2.72352 -0.626821 -0.0303562 0.19946 0.752589 0.448864 0.204915 -0.102455 -0.0825191 0.199598 0.340864
12.2784 -2.24758 2.69051 -0.631252 -0.0276182 0.215166 0.744622 0.444268 -0.0135171 -0.0550141 0.0634156 0.0679978 0.340864
12.4135 -2.19296 2.65391 -0.63547 -0.0248709 0.2308 0.736403 0.439672 -0.0135171 -0.0550141 0.0634156 0.0679978 0.340864
12.5452 -2.13656 2.61379 -0.639474 -0.0221152 0.246357 0.727937 0.435076 -0.0135171 -0.0550141 0.0634156 0.0679978 0.340864
12.6732 -2.07854 2.57025 -0.643263 -0.0193521 0.26183 0.719224 0.43048 -0.0135171 -0.0550141 0.0634156 0.0679978 0.340864
12.7975 -2.01908 2.52337 -0.646834 -0.0165824 0.277214 0.710269 0.425885 -0.0135171 -0.0550141 0.0634156 0.0679978 0.340864
12.9181 -1.95834 2.47324 -0.650187 -0.0138071 0.292506 0.701075 0.421289 -0.0135171 -0.0550141 0.0634156 0.0679978 0.340864
13.0348 -1.8965 2.41998 -0.653321 -0.0110272 0.307698 0.691644 0.416693 -0.0135171 -0.0550141 0.0634156 0.0679978 0.340864
13.1477 -1.83371 2.36368 -0.656235 -0.00824354 0.322787 0.68198 0.412097 -0.0135171 -0.0550141 0.0634156 0.0679978 0.340864
13.2608 -1.76605 2.30845 -0.637358 -0.0353524 0.321388 0.699453 0.428804 0.0491392 0.194763 -0.0774786 0.066789 0.340864
13.3782 -1.68949 2.25898 -0.61759 -0.0624118 0.31954 0.715948 0.445512 0.0491392 0.194763 -0.0774786 0.066789 0.340864
13.4994 -1.60413 2.21628 -0.596958 -0.089384 0.317245 0.731442 0.462219 0.0491392 0.194763 -0.0774786 0.066789 0.340864
13.6043 -1.52338 2.18425 -0.606636 -0.123243 0.327524 0.713815 0.338881 -0.362758 -0.0457707 -0.136953 0.190978 0.340864
13.6741 -1.46325 2.16446 -0.61531 -0.156897 0.33726 0.695006 0.215544 -0.362758 -0.0457707 -0.136953 0.190978 0.340864
13.7111 -1.42765 2.15467 -0.622964 -0.190292 0.346437 0.675045 0.0922058 -0.362758 -0.0457707 -0.136953 0.190978 0.340864
13.7448 -1.39299 2.14465 -0.636054 -0.176538 0.359808 0.659399 0.198253 0.311903 -0.152325 0.0594285 0.0199297 0.340864
13.8024 -1.33363 2.12317 -0.648645 -0.162647 0.372897 0.643237 0.3043 0.311903 -0.152325 0.0594285 0.0199297 0.340864
13.883 -1.25039 2.08669 -0.660727 -0.148628 0.385693 0.62657 0.410347 0.311903 -0.152325 0.0594285 0.0199297 0.340864
13.9368 -1.19237 2.05911 -0.643614 -0.152256 0.410723 0.627603 0.0826251 -0.963888 0.0534461 0.123658 0.118992 0.340864
13.9528 -1.17289 2.05014 -0.629563 -0.165543 0.428717 0.626456 0.0747272 -0.0232291 0.0635262 0.0519985 0.132101 0.340864
13.9662 -1.15456 2.04222 -0.615072 -0.178714 0.446411 0.624872 0.0668293 -0.0232291 0.0635262 0.0519985 0.132101 0.340864
13.9773 -1.13762 2.03533 -0.600151 -0.19176 0.463793 0.622851 0.0589314 -0.0232291 0.0635262 0.0519985 0.132101 0.340864
13.9862 -1.12225 2.02948 -0.58481 -0.204672 0.48085 0.620394 0.0510335 -0.0232291 0.0635262 0.0519985 0.132101 0.340864
13.9931 -1.10866 2.02462 -0.569061 -0.217441 0.497572 0.617504 0.0431357 -0.0232291 0.0635262 0.0519985 0.132101 0.340864
13.9983 -1.09702 2.02073 -0.552913 -0.230058 0.513946 0.614182 0.0352378 -0.0232291 0.0635262 0.0519985 0.132101 0.340864
14.0019 -1.08749 2.01775 -0.53638 -0.242514 0.52996 0.610431 0.0273399 -0.0232291 0.0635262 0.0519985 0.132101 0.340864
14.0043 -1.0802 2.01564 -0.519471 -0.254801 0.545604 0.606253 0.019442 -0.0232291 0.0635262 0.0519985 0.132101 0.340864
14.0213 -1.02765 1.99826 -0.528227 -0.212111 0.550815 0.6104 0.321209 0.88755 -0.163428 0.146323 -0.138341 0.340864
14.039 -0.970253 1.97878 -0.502574 -0.236321 0.568351 0.607082 0.0503496 -0.796645 0.138401 0.0465518 0.180998 0.340864
14.0426 -0.95611 1.97408 -0.523743 -0.237483 0.577891 0.579082 0.0397525 -0.031168 -0.16779 -0.0856616 0.101707 0.340864
14.045 -0.945424 1.96996 -0.544219 -0.23833 0.586666 0.550316 0.0291554 -0.031168 -0.16779 -0.0856616 0.101707 0.340864
14.0465 -0.938142 1.96673 -0.563974 -0.238861 0.594664 0.52082 0.0185583 -0.031168 -0.16779 -0.0856616 0.101707 0.340864
14.0473 -0.934171 1.96474 -0.582982 -0.239076 0.601874 0.490634 0.00796116 -0.031168 -0.16779 -0.0856616 0.101707 0.340864
14.0531 -0.906163 1.94967 -0.573979 -0.216592 0.599756 0.513739 0.182166 0.512367 0.0285963 0.122019 -0.152382 0.340864
14.0714 -0.827267 1.90703 -0.56433 -0.193865 0.596965 0.536266 0.356371 0.512367 0.0285963 0.122019 -0.152382 0.340864
14.0846 -0.77085 1.87763 -0.558469 -0.22551 0.597332 0.529577 0.0258052 -0.972252 0.10701 -0.0856661 0.136403 0.340864
14.0893 -0.74864 1.86619 -0.581066 -0.2264 0.595899 0.505975 0.123768 0.288125 -0.142926 -0.118208 0.0514269 0.340864
14.1005 -0.698405 1.83787 -0.60304 -0.227048 0.593828 0.48183 0.22173 0.288125 -0.142926 -0.118208 0.0514269 0.340864
14.1184 -0.621571 1.79048 -0.624369 -0.227452 0.591121 0.45717 0.319693 0.288125 -0.142926 -0.118208 0.0514269 0.340864
14.1436 -0.51971 1.72195 -0.645029 -0.227613 0.587782 0.432021 0.417655 0.288125 -0.142926 -0.118208 0.0514269 0.340864
14.1757 -0.40041 1.6402 -0.62909 -0.208164 0.585654 0.466822 0.453759 0.106188 0.108184 0.143101 -0.178243 0.340864
14.2141 -0.270236 1.55467 -0.611989 -0.18833 0.582444 0.500759 0.489863 0.106188 0.108184 0.143101 -0.178243 0.340864
14.25 -0.15125 1.47927 -0.598431 -0.184435 0.586373 0.51384 0.365384 -0.366113 0.0693344 0.0865626 -0.0322469 0.340864
14.2749 -0.0659406 1.42706 -0.584642 -0.180469 0.590075 0.526722 0.240906 -0.366113 0.0693344 0.0865626 -0.0322469 0.340864
14.2902 -0.00974246 1.39451 -0.574069 -0.196374 0.593448 0.528868 0.151596 -0.262678 0.0917708 0.00130159 0.0689289 0.340864
14.2979 0.0215839 1.37771 -0.563277 -0.212204 0.596596 0.530813 0.0622851 -0.262678 0.0917708 0.00130159 0.0689289 0.340864
14.3016 0.0374096 1.36937 -0.587154 -0.219431 0.588307 0.510876 0.0452109 -0.0502182 -0.10492 -0.158741 0.0382342 0.340864
14.3043 0.0480371 1.36344 -0.610392 -0.22642 0.579378 0.490384 0.0281367 -0.0502182 -0.10492 -0.158741 0.0382342 0.340864
14.3059 0.0536244 1.36016 -0.632966 -0.233163 0.569818 0.469358 0.0110626 -0.0502182 -0.10492 -0.158741 0.0382342 0.340864
14.3105 0.0702646 1.35014 -0.641953 -0.254648 0.568079 0.44759 0.106365 0.280301 -0.0314653 -0.125794 0.135853 0.340864
14.3218 0.114152 1.3239 -0.650286 -0.275873 0.565761 0.425366 0.201667 0.280301 -0.0314653 -0.125794 0.135853 0.340864
14.3386 0.185544 1.2814 -0.657956 -0.296817 0.562866 0.402709 0.29697 0.280301 -0.0314653 -0.125794 0.135853 0.340864
14.3598 0.284621 1.22256 -0.664956 -0.317459 0.559398 0.379642 0.392272 0.280301 -0.0314653 -0.125794 0.135853 0.340864
14.3842 0.411479 1.14718 -0.671277 -0.337777 0.555359 0.356187 0.487574 0.280301 -0.0314653 -0.125794 0.135853 0.340864
14.4083 0.518357 1.08106 -0.69991 -0.313826 0.536419 0.351986 0.265316 -0.653702 -0.117227 -0.126529 -0.177481 0.340864
14.4216 0.56046 1.05285 -0.727304 -0.289319 0.516529 0.347162 0.043057 -0.653702 -0.117227 -0.126529 -0.177481 0.340864
14.4272 0.57543 1.04208 -0.731437 -0.29764 0.519766 0.325965 0.0703106 0.0801575 -0.0793613 -0.0517818 0.0995941 0.340864
14.435 0.597435 1.02568 -0.735171 -0.305799 0.52272 0.304589 0.0975641 0.0801575 -0.0793613 -0.0517818 0.0995941 0.340864
14.4448 0.626334 1.00335 -0.738503 -0.313791 0.525388 0.283047 0.124818 0.0801575 -0.0793613 -0.0517818 0.0995941 0.340864
14.4562 0.661956 0.974789 -0.741432 -0.321612 0.527769 0.261351 0.152071 0.0801575 -0.0793613 -0.0517818 0.0995941 0.340864
14.4691 0.704108 0.939702 -0.743956 -0.329257 0.529862 0.239512 0.179325 0.0801575 -0.0793613 -0.0517818 0.0995941 0.340864
14.4832 0.752569 0.897785 -0.746074 -0.336722 0.531665 0.217542 0.206578 0.0801575 -0.0793613 -0.0517818 0.0995941 0.340864
14.4983 0.807096 0.848742 -0.747784 -0.344003 0.533178 0.195453 0.233832 0.0801575 -0.0793613 -0.0517818 0.0995941 0.340864
14.5088 0.843824 0.815706 -0.751605 -0.330183 0.524901 0.224828 0.06336 -0.501388 0.0982435 0.0269435 -0.170204 0.340864
14.5125 0.85676 0.804371 -0.73789 -0.341987 0.540007 0.216692 0.0401018 -0.0684067 -0.0107295 0.0777295 0.123938 0.340864
14.5141 0.863931 0.798061 -0.723716 -0.353578 0.554778 0.208421 0.0168435 -0.0684067 -0.0107295 0.0777295 0.123938 0.340864
14.5148 0.868974 0.793621 -0.710409 -0.363603 0.567024 0.203949 0.022934 0.0179132 0.00452245 0.0739735 0.0999677 0.340864
14.5155 0.875597 0.787811 -0.696785 -0.373465 0.579016 0.199386 0.0290245 0.0179132 0.00452245 0.0739735 0.0999677 0.340864
14.5158 0.883802 0.780638 -0.682848 -0.38316 0.59075 0.194734 0.035115 0.0179132 0.00452245 0.0739735 0.0999677 0.340864
14.5156 0.893582 0.772115 -0.668606 -0.392683 0.602219 0.189995 0.0412055 0.0179132 0.00452245 0.0739735 0.0999677 0.340864
14.5148 0.90492 0.762263 -0.654065 -0.402031 0.613418 0.185171 0.047296 0.0179132 0.00452245 0.0739735 0.0999677 0.340864
14.514 0.911378 0.75639 -0.6492 -0.376835 0.638087 0.171407 0.00423882 -0.126639 -0.196961 0.107386 -0.00890308 0.340864
