13.9625 -0.222894 1.15339 0.678539 0.197424 -0.30569 0.638093 0.457169 0 0 0 0 0
14.0346 -0.233485 1.0869 0.681887 0.216251 -0.301703 0.63027 0.123193 -0.982282 0.0822775 0.0578249 0.0721595 0.340864
14.0545 -0.236453 1.06889 0.691382 0.173565 -0.305528 0.631283 0.0356386 -0.257513 -0.0494987 -0.161109 -0.195742 0.340864
14.085 -0.243328 1.0436 0.677836 0.157118 -0.30802 0.648827 0.200762 0.485658 -0.153773 -0.0445104 -0.03079 0.340864
14.1329 -0.255134 1.00505 0.65614 0.161592 -0.298518 0.673985 0.167562 -0.0976488 -0.166261 -0.00475312 0.119766 0.340864
14.1726 -0.264973 0.974058 0.633648 0.16587 -0.288654 0.698324 0.134361 -0.0976488 -0.166261 -0.00475312 0.119766 0.340864
14.2039 -0.272731 0.950369 0.610386 0.169947 -0.278439 0.721816 0.101161 -0.0976488 -0.166261 -0.00475312 0.119766 0.340864
14.2267 -0.278332 0.933708 0.586383 0.173817 -0.267886 0.744432 0.06796 -0.0976488 -0.166261 -0.00475312 0.119766 0.340864
14.2406 -0.281735 0.923798 0.561669 0.177477 -0.257008 0.766144 0.0347594 -0.0976488 -0.166261 -0.00475312 0.119766 0.340864
14.2456 -0.282932 0.920363 0.536273 0.180921 -0.245817 0.786926 0.00155881 -0.0976488 -0.166261 -0.00475312 0.119766 0.340864
