4.40976 0.0829214 2.12006 -0.568274 -0.159947 -0.0288564 0.806628 0.32513 0 0 0 0 0
4.50592 0.094263 2.15118 -0.576655 -0.158137 -0.0600066 0.799288 0.273218 -0.152681 -0.0346963 -0.101042 -0.163016 0.340864
4.58487 0.0995759 2.17952 -0.584403 -0.156153 -0.091091 0.79107 0.221306 -0.152681 -0.0346963 -0.101042 -0.163016 0.340864
4.64659 0.100624 2.20401 -0.59151 -0.153998 -0.122075 0.781984 0.169394 -0.152681 -0.0346963 -0.101042 -0.163016 0.340864
4.7447 0.100793 2.24364 -0.582446 -0.153057 -0.106816 0.791151 0.45301 0.834162 0.060443 0.0592217 0.0817194 0.340864
4.8846 0.104791 2.29419 -0.565704 -0.14271 -0.0717394 0.808991 0.422493 -0.0897544 0.113996 0.173931 0.154119 0.340864
5.01698 0.113714 2.33369 -0.547867 -0.132086 -0.0365243 0.825264 0.391977 -0.0897544 0.113996 0.173931 0.154119 0.340864
5.14082 0.127138 2.36338 -0.528969 -0.121206 -0.00123848 0.83994 0.36146 -0.0897544 0.113996 0.173931 0.154119 0.340864
5.25529 0.144519 2.38448 -0.509046 -0.110092 0.0340497 0.85299 0.330944 -0.0897544 0.113996 0.173931 0.154119 0.340864
5.35969 0.165197 2.39826 -0.488139 -0.0987647 0.069272 0.864389 0.300427 -0.0897544 0.113996 0.173931 0.154119 0.340864
5.45349 0.188413 2.40596 -0.466286 -0.0872461 0.10436 0.874114 0.269911 -0.0897544 0.113996 0.173931 0.154119 0.340864
5.53634 0.213321 2.40879 -0.44353 -0.0755586 0.139246 0.882146 0.239394 -0.0897544 0.113996 0.173931 0.154119 0.340864
5.60807 0.238999 2.40793 -0.419916 -0.0637249 0.173863 0.888471 0.208878 -0.0897544 0.113996 0.173931 0.154119 0.340864
5.66866 0.264469 2.40449 -0.395489 -0.0517677 0.208143 0.893076 0.178361 -0.0897544 0.113996 0.173931 0.154119 0.340864
5.76805 0.305943 2.39827 -0.430994 -0.059982 0.176518 0.882886 0.45629 0.817438 -0.190615 -0.163364 -0.145421 0.340864
5.91295 0.361461 2.39 -0.401318 -0.0448798 0.175567 0.897834 0.457795 0.00442608 0.176712 0.112133 -0.0482901 0.340864
6.05887 0.415336 2.37944 -0.371107 -0.0297178 0.174381 0.911585 0.4593 0.00442608 0.176712 0.112133 -0.0482901 0.340864
6.20569 0.467688 2.36645 -0.340401 -0.0145162 0.172963 0.924121 0.460804 0.00442608 0.176712 0.112133 -0.0482901 0.340864
6.3533 0.518648 2.35091 -0.309241 0.00070472 0.171315 0.935425 0.462309 0.00442608 0.176712 0.112133 -0.0482901 0.340864
6.50157 0.568357 2.33269 -0.277669 0.0159247 0.169438 0.945482 0.463814 0.00442608 0.176712 0.112133 -0.0482901 0.340864
6.65038 0.616963 2.3117 -0.245727 0.0311235 0.167335 0.954279 0.465319 0.00442608 0.176712 0.112133 -0.0482901 0.340864
6.79961 0.664624 2.28785 -0.213458 0.0462808 0.16501 0.961803 0.466824 0.00442608 0.176712 0.112133 -0.0482901 0.340864
6.94913 0.711507 2.26106 -0.180904 0.0613764 0.162464 0.968046 0.468329 0.00442608 0.176712 0.112133 -0.0482901 0.340864
7.09181 0.756383 2.23464 -0.180218 0.0571637 0.164912 0.968017 0.425123 -0.127075 0.00878622 -0.0207176 0.0182059 0.340864
7.22293 0.795517 2.20759 -0.207105 0.0802388 0.153 0.962944 0.395487 -0.0871646 -0.184913 0.0944131 -0.0783484 0.340864
7.34458 0.826817 2.17646 -0.233697 0.1032 0.14087 0.956499 0.365851 -0.0871646 -0.184913 0.0944131 -0.0783484 0.340864
7.45645 0.850727 2.1425 -0.259957 0.126014 0.12854 0.948694 0.336215 -0.0871646 -0.184913 0.0944131 -0.0783484 0.340864
7.55833 0.867801 2.10691 -0.285846 0.148649 0.116027 0.939539 0.306579 -0.0871646 -0.184913 0.0944131 -0.0783484 0.340864
7.65006 0.878698 2.07081 -0.311329 0.171072 0.103348 0.929047 0.276943 -0.0871646 -0.184913 0.0944131 -0.0783484 0.340864
7.7316 0.88417 2.03527 -0.336369 0.193252 0.0905227 0.917232 0.247307 -0.0871646 -0.184913 0.0944131 -0.0783484 0.340864
7.80293 0.885053 2.00126 -0.360931 0.215157 0.0775684 0.904113 0.217671 -0.0871646 -0.184913 0.0944131 -0.0783484 0.340864
7.86417 0.882256 1.96967 -0.384978 0.236755 0.0645037 0.889707 0.188035 -0.0871646 -0.184913 0.0944131 -0.0783484 0.340864
7.90178 0.879716 1.94866 -0.365837 0.25305 0.0776397 0.892245 0.065846 -0.359381 0.118052 0.118768 0.00422865 0.340864
7.95346 0.875554 1.91655 -0.344745 0.277339 0.0610025 0.894714 0.292914 0.667847 0.0801778 0.0976606 -0.172154 0.340864
7.99902 0.870731 1.88643 -0.310538 0.298597 0.0487602 0.901126 0.0296638 -0.774265 0.165486 0.0888973 -0.165698 0.340864
8.00782 0.869767 1.88039 -0.293016 0.291873 0.048678 0.909166 0.0333861 0.0109479 0.109354 -0.0448922 -0.021236 0.340864
8.01776 0.868868 1.87374 -0.275373 0.285027 0.0485754 0.916826 0.0371084 0.0109479 0.109354 -0.0448922 -0.021236 0.340864
8.02885 0.868064 1.86654 -0.257614 0.278063 0.0484526 0.924104 0.0408307 0.0109479 0.109354 -0.0448922 -0.021236 0.340864
8.04111 0.867386 1.85879 -0.239748 0.270982 0.0483096 0.930997 0.044553 0.0109479 0.109354 -0.0448922 -0.021236 0.340864
8.05456 0.866862 1.85056 -0.221783 0.263788 0.0481464 0.937502 0.0482753 0.0109479 0.109354 -0.0448922 -0.021236 0.340864
8.06922 0.866517 1.84187 -0.203725 0.256485 0.0479632 0.943616 0.0519976 0.0109479 0.109354 -0.0448922 -0.021236 0.340864
8.08511 0.866375 1.83277 -0.185581 0.249074 0.04776 0.949337 0.0557199 0.0109479 0.109354 -0.0448922 -0.021236 0.340864
8.10146 0.866917 1.82311 -0.164876 0.263512 0.076964 0.94734 0.056062 0.00100605 0.152219 0.121279 0.117577 0.340864
8.11746 0.86863 1.81279 -0.143923 0.277556 0.106053 0.943929 0.056404 0.00100605 0.152219 0.121279 0.117577 0.340864
8.13302 0.871539 1.80187 -0.122756 0.291186 0.134984 0.939107 0.0567461 0.00100605 0.152219 0.121279 0.117577 0.340864
8.14807 0.875659 1.79044 -0.101405 0.30438 0.163713 0.932881 0.0570881 0.00100605 0.152219 0.121279 0.117577 0.340864
8.16254 0.881002 1.77857 -0.0799029 0.31712 0.192197 0.925263 0.0574302 0.00100605 0.152219 0.121279 0.117577 0.340864
8.18798 0.891372 1.75863 -0.0516868 0.290779 0.178563 0.938558 0.142274 0.24954 0.164221 -0.142723 -0.12953 0.340864
8.2375 0.9104 1.72505 -0.0233749 0.263898 0.164598 0.950115 0.227118 0.24954 0.164221 -0.142723 -0.12953 0.340864
8.31319 0.937513 1.6811 0.00498035 0.236529 0.150329 0.959912 0.311961 0.24954 0.164221 -0.142723 -0.12953 0.340864
8.41686 0.971728 1.63017 0.0333263 0.208722 0.135781 0.96793 0.396805 0.24954 0.164221 -0.142723 -0.12953 0.340864
8.50911 0.999244 1.58797 0.00270089 0.211204 0.124986 0.969414 0.22153 -0.515515 -0.189933 -0.0100357 -0.0245656 0.340864
8.5837 1.0196 1.55481 -0.0303889 0.191492 0.129793 0.9724 0.27333 0.152354 -0.168318 -0.140554 0.0660288 0.340864
8.67519 1.04404 1.51765 -0.0634327 0.17149 0.134403 0.973911 0.325131 0.152354 -0.168318 -0.140554 0.0660288 0.340864
8.77402 1.06906 1.4832 -0.0597375 0.139466 0.123007 0.980739 0.307978 -0.0504492 0.0375484 -0.191723 -0.0624705 0.340864
8.86988 1.09109 1.45708 -0.0559697 0.107271 0.111463 0.986375 0.290825 -0.0504492 0.0375484 -0.191723 -0.0624705 0.340864
8.96209 1.1102 1.43866 -0.0521339 0.0749469 0.0997827 0.990812 0.273672 -0.0504492 0.0375484 -0.191723 -0.0624705 0.340864
9.04998 1.12647 1.42727 -0.0482347 0.0425312 0.0879812 0.994044 0.25652 -0.0504492 0.0375484 -0.191723 -0.0624705 0.340864
9.13301 1.14004 1.42219 -0.0442768 0.0100638 0.0760728 0.996068 0.239367 -0.0504492 0.0375484 -0.191723 -0.0624705 0.340864
9.21069 1.15105 1.42266 -0.0402652 -0.0224158 0.0640718 0.996881 0.222214 -0.0504492 0.0375484 -0.191723 -0.0624705 0.340864
9.28261 1.15968 1.4279 -0.0362045 -0.0548681 0.051993 0.996482 0.205061 -0.0504492 0.0375484 -0.191723 -0.0624705 0.340864
9.38241 1.17133 1.43519 -0.0532357 -0.025885 0.0597251 0.996458 0.387653 0.537035 -0.111218 0.166352 0.033667 0.340864
9.48966 1.18358 1.4388 -0.0478005 -0.0123714 0.0514513 0.997454 0.247719 -0.411571 0.0286842 0.0786844 -0.0522535 0.340864
9.58668 1.19131 1.43959 -0.0605705 -0.000543498 0.0285625 0.997755 0.324875 0.226928 -0.0767666 0.0591279 -0.138663 0.340864
9.721 1.19945 1.44097 -0.0573122 -0.0125636 0.0310989 0.997793 0.46674 0.417252 0.0211486 -0.0690982 0.019174 0.340864
9.88107 1.21118 1.44043 -0.0502152 0.0119509 0.0420346 0.997782 0.477477 0.0315771 0.0363633 0.148888 0.0564548 0.340864
10.0443 1.22638 1.43176 -0.0430795 0.0364561 0.0529379 0.997002 0.488213 0.0315771 0.0363633 0.148888 0.0564548 0.340864
10.2101 1.24526 1.41469 -0.0359106 0.0609332 0.0638004 0.995453 0.498949 0.0315771 0.0363633 0.148888 0.0564548 0.340864
10.3494 1.2589 1.39872 -0.0286286 0.0486258 0.0349881 0.997793 0.329915 -0.497159 0.0374329 -0.0762725 -0.169631 0.340864
10.4325 1.26242 1.39143 -0.0213169 0.0362679 0.00613941 0.999096 0.160881 -0.497159 0.0374329 -0.0762725 -0.169631 0.340864
10.488 1.26243 1.38818 -0.0170422 0.0221816 -0.00467151 0.999598 0.166427 0.0163118 0.023389 -0.0840987 -0.0627034 0.340864
10.5455 1.26125 1.38646 -0.0127618 0.00808789 -0.0154809 0.999766 0.171973 0.0163118 0.023389 -0.0840987 -0.0627034 0.340864
10.6049 1.25876 1.38637 -0.00847718 -0.00600851 -0.0262851 0.9996 0.177519 0.0163118 0.023389 -0.0840987 -0.0627034 0.340864
10.666 1.25488 1.388 -0.00418972 -0.0201029 -0.0370805 0.999101 0.183065 0.0163118 0.023389 -0.0840987 -0.0627034 0.340864
10.7289 1.24953 1.39144 9.91308e-05 -0.0341906 -0.0478635 0.998269 0.188611 0.0163118 0.023389 -0.0840987 -0.0627034 0.340864
10.7934 1.2426 1.39678 0.00438795 -0.0482669 -0.0586306 0.997103 0.194157 0.0163118 0.023389 -0.0840987 -0.0627034 0.340864
10.8593 1.234 1.40411 0.00867531 -0.062327 -0.0693781 0.995604 0.199703 0.0163118 0.023389 -0.0840987 -0.0627034 0.340864
10.9232 1.22671 1.41001 0.0154755 -0.0301281 -0.0422705 0.998532 0.180267 -0.057163 0.0428912 0.185544 0.164137 0.340864
10.9811 1.22333 1.41161 0.0222475 0.00212591 -0.0150858 0.999636 0.160832 -0.057163 0.0428912 0.185544 0.164137 0.340864
11.0477 1.22111 1.41153 0.0299277 -0.0016142 -0.018151 0.999386 0.231042 0.206501 0.0448245 -0.0222702 -0.0186326 0.340864
11.1381 1.21751 1.41206 0.0376054 -0.00535418 -0.0212148 0.999053 0.301252 0.206501 0.0448245 -0.0222702 -0.0186326 0.340864
11.2523 1.21223 1.4135 0.0452801 -0.00909371 -0.0242769 0.998638 0.371463 0.206501 0.0448245 -0.0222702 -0.0186326 0.340864
11.3796 1.20153 1.41851 0.0777737 -0.0352802 -0.0566917 0.994732 0.380446 0.0264211 0.190002 -0.150114 -0.196302 0.340864
11.5084 1.1814 1.42925 0.110049 -0.0613677 -0.0889474 0.988034 0.389429 0.0264211 0.190002 -0.150114 -0.196302 0.340864
11.6378 1.15121 1.44527 0.142015 -0.0872829 -0.120953 0.978562 0.398412 0.0264211 0.190002 -0.150114 -0.196302 0.340864
11.7669 1.11039 1.46602 0.173583 -0.112953 -0.15262 0.966342 0.407395 0.0264211 0.190002 -0.150114 -0.196302 0.340864
11.8946 1.0585 1.49083 0.204663 -0.138306 -0.183858 0.95141 0.416379 0.0264211 0.190002 -0.150114 -0.196302 0.340864
12.0197 0.995215 1.51895 0.235169 -0.163271 -0.214579 0.933806 0.425362 0.0264211 0.190002 -0.150114 -0.196302 0.340864
12.1414 0.920326 1.54954 0.265014 -0.187777 -0.244699 0.913581 0.434345 0.0264211 0.190002 -0.150114 -0.196302 0.340864
12.2586 0.833763 1.58166 0.294116 -0.211756 -0.274131 0.89079 0.443328 0.0264211 0.190002 -0.150114 -0.196302 0.340864
12.3702 0.73559 1.61431 0.322391 -0.235141 -0.302794 0.865499 0.452311 0.0264211 0.190002 -0.150114 -0.196302 0.340864
12.4732 0.636208 1.64254 0.341919 -0.225335 -0.31037 0.857896 0.405835 -0.136696 0.1418 0.0189967 -0.00651017 0.340864
12.565 0.546293 1.66281 0.361245 -0.215395 -0.317763 0.849785 0.359358 -0.136696 0.1418 0.0189967 -0.00651017 0.340864
12.6455 0.46637 1.67628 0.380356 -0.205328 -0.324968 0.841169 0.312881 -0.136696 0.1418 0.0189967 -0.00651017 0.340864
12.7148 0.396877 1.68411 0.399242 -0.195138 -0.33198 0.832055 0.266404 -0.136696 0.1418 0.0189967 -0.00651017 0.340864
12.773 0.338167 1.68749 0.417891 -0.184834 -0.338795 0.822448 0.219927 -0.136696 0.1418 0.0189967 -0.00651017 0.340864
12.8199 0.290506 1.68763 0.436293 -0.174419 -0.345409 0.812354 0.173451 -0.136696 0.1418 0.0189967 -0.00651017 0.340864
12.8508 0.260267 1.6861 0.434947 -0.142789 -0.336387 0.822968 0.0814119 -0.270702 0.0213465 0.141648 0.144503 0.340864
12.8697 0.243843 1.68434 0.451993 -0.121629 -0.315295 0.825529 0.0660244 -0.0452573 0.100139 0.0168906 0.175665 0.340864
12.8853 0.231811 1.68242 0.468501 -0.100325 -0.293827 0.827108 0.050637 -0.0452573 0.100139 0.0168906 0.175665 0.340864
12.8973 0.223705 1.68066 0.484452 -0.0789021 -0.272009 0.827703 0.0352495 -0.0452573 0.100139 0.0168906 0.175665 0.340864
12.9053 0.219005 1.67932 0.499826 -0.0573849 -0.249868 0.827313 0.019862 -0.0452573 0.100139 0.0168906 0.175665 0.340864
12.9161 0.213159 1.67724 0.516731 -0.0525039 -0.253438 0.816089 0.0534385 0.0987543 0.123651 0.00561537 -0.0138133 0.340864
12.9368 0.202033 1.67276 0.533403 -0.0475994 -0.256895 0.8045 0.0870149 0.0987543 0.123651 0.00561537 -0.0138133 0.340864
12.9672 0.185738 1.6654 0.549836 -0.0426736 -0.260236 0.79255 0.120591 0.0987543 0.123651 0.00561537 -0.0138133 0.340864
13.0074 0.164411 1.65468 0.566023 -0.0377287 -0.26346 0.780245 0.154168 0.0987543 0.123651 0.00561537 -0.0138133 0.340864
13.0572 0.138221 1.64015 0.581957 -0.0327668 -0.266566 0.767591 0.187744 0.0987543 0.123651 0.00561537 -0.0138133 0.340864
13.1166 0.107368 1.62135 0.597629 -0.0277902 -0.269553 0.754592 0.221321 0.0987543 0.123651 0.00561537 -0.0138133 0.340864
13.1855 0.0720794 1.59783 0.613033 -0.0228012 -0.272419 0.741254 0.254897 0.0987543 0.123651 0.00561537 -0.0138133 0.340864
13.264 0.0326108 1.56917 0.628163 -0.017802 -0.275163 0.727585 0.288474 0.0987543 0.123651 0.00561537 -0.0138133 0.340864
13.3519 -0.0107538 1.53496 0.643011 -0.0127947 -0.277784 0.713589 0.32205 0.0987543 0.123651 0.00561537 -0.0138133 0.340864
13.4491 -0.0577043 1.49481 0.65757 -0.00778178 -0.28028 0.699274 0.355627 0.0987543 0.123651 0.00561537 -0.0138133 0.340864
13.5494 -0.102668 1.44766 0.669286 0.0333348 -0.287357 0.684377 0.348034 -0.0223306 0.173986 0.176569 0.105942 0.340864
13.6459 -0.140178 1.39326 0.679595 0.0743813 -0.293831 0.668043 0.340442 -0.0223306 0.173986 0.176569 0.105942 0.340864
13.7446 -0.172401 1.32848 0.680468 0.115628 -0.298323 0.65924 0.379351 0.114438 0.107978 0.182443 0.13168 0.340864
13.8506 -0.200509 1.24885 0.680115 0.156667 -0.302278 0.64925 0.41826 0.114438 0.107978 0.182443 0.13168 0.340864
13.9625 -0.222894 1.15339 0.678539 0.197424 -0.30569 0.638093 0.457169 0.114438 0.107978 0.182443 0.13168 0.340864
14.0785 -0.237979 1.04134 0.675742 0.237826 -0.308551 0.625786 0.496078 0.114438 0.107978 0.182443 0.13168 0.340864
14.1903 -0.250647 0.927153 0.663257 0.230704 -0.312485 0.639702 0.446884 -0.144689 -0.119711 -0.00738542 -6.76999e-05 0.340864
14.2907 -0.266138 0.825679 0.650496 0.223486 -0.316289 0.653352 0.397689 -0.144689 -0.119711 -0.00738542 -6.76999e-05 0.340864
14.3796 -0.283454 0.736878 0.637465 0.216176 -0.319962 0.666731 0.348495 -0.144689 -0.119711 -0.00738542 -6.76999e-05 0.340864
14.457 -0.301604 0.660655 0.624169 0.208776 -0.323502 0.679832 0.299301 -0.144689 -0.119711 -0.00738542 -6.76999e-05 0.340864
14.5165 -0.317503 0.600239 0.61234 0.220545 -0.33863 0.679506 0.20811 -0.268206 -0.0422935 0.12553 -0.00337611 0.340864
14.5529 -0.328287 0.560123 0.600201 0.232203 -0.353586 0.678836 0.11692 -0.268206 -0.0422935 0.12553 -0.00337611 0.340864
14.5682 -0.333278 0.541956 0.587756 0.243743 -0.368362 0.677821 0.0257301 -0.268206 -0.0422935 0.12553 -0.00337611 0.340864
14.5732 -0.335081 0.535829 0.585143 0.228829 -0.360491 0.689414 0.0222692 -0.0101793 -0.071537 -0.0976417 0.00868967 0.340864
14.5778 -0.336735 0.530771 0.58228 0.213818 -0.352467 0.700713 0.0188082 -0.0101793 -0.071537 -0.0976417 0.00868967 0.340864
14.5817 -0.3382 0.526727 0.579169 0.198716 -0.344292 0.711714 0.0153473 -0.0101793 -0.071537 -0.0976417 0.00868967 0.340864
14.5849 -0.339435 0.523637 0.575812 0.18353 -0.335971 0.722413 0.0118863 -0.0101793 -0.071537 -0.0976417 0.00868967 0.340864
14.5873 -0.340403 0.521435 0.57221 0.168265 -0.327507 0.732804 0.0084254 -0.0101793 -0.071537 -0.0976417 0.00868967 0.340864
14.589 -0.341071 0.520053 0.568365 0.152929 -0.318904 0.742883 0.00496445 -0.0101793 -0.071537 -0.0976417 0.00868967 0.340864
