11.9849 2.31902 1.22721 -0.901099 0.362899 0.196815 -0.132622 0.43727 0 0 0 0 0
12.0861 2.21296 1.18884 -0.904452 0.35299 0.192659 -0.142289 0.454226 0.0498697 -0.0460272 0.00245312 0.0741189 0.340864
12.1756 2.11936 1.15498 -0.899704 0.360739 0.200601 -0.141984 0.333017 -0.356495 0.00536369 0.0405203 -0.0580832 0.340864
12.2359 2.05343 1.13059 -0.894824 0.368436 0.208515 -0.141657 0.211809 -0.356495 0.00536369 0.0405203 -0.0580832 0.340864
12.2912 1.9873 1.10307 -0.881894 0.38743 0.241491 -0.117661 0.320539 0.319793 0.16376 0.121644 -0.18498 0.340864
12.3546 1.91148 1.06433 -0.891144 0.353446 0.263778 -0.106586 0.304253 -0.0478979 0.162977 0.100789 0.166271 0.340864
12.4173 1.84529 1.02169 -0.898736 0.318804 0.285575 -0.095312 0.287968 -0.0478979 0.162977 0.100789 0.166271 0.340864
12.4801 1.78354 0.979274 -0.90295 0.321902 0.265922 -0.101718 0.287242 -0.0021365 -0.0735714 -0.100709 0.0133018 0.340864
12.5445 1.72121 0.940695 -0.906752 0.324855 0.246148 -0.108078 0.286515 -0.0021365 -0.0735714 -0.100709 0.0133018 0.340864
12.6102 1.65843 0.906001 -0.910143 0.327659 0.226262 -0.114389 0.285789 -0.0021365 -0.0735714 -0.100709 0.0133018 0.340864
12.6771 1.59528 0.875237 -0.91312 0.330314 0.206273 -0.120648 0.285062 -0.0021365 -0.0735714 -0.100709 0.0133018 0.340864
12.7452 1.53188 0.848441 -0.915682 0.33282 0.186191 -0.126852 0.284336 -0.0021365 -0.0735714 -0.100709 0.0133018 0.340864
12.8142 1.46833 0.825644 -0.917827 0.335174 0.166023 -0.132998 0.28361 -0.0021365 -0.0735714 -0.100709 0.0133018 0.340864
12.884 1.40474 0.806867 -0.919555 0.337375 0.145781 -0.139084 0.282883 -0.0021365 -0.0735714 -0.100709 0.0133018 0.340864
12.9546 1.34121 0.792127 -0.920865 0.339424 0.125472 -0.145106 0.282157 -0.0021365 -0.0735714 -0.100709 0.0133018 0.340864
13.0256 1.27785 0.78143 -0.921757 0.341317 0.105106 -0.151063 0.28143 -0.0021365 -0.0735714 -0.100709 0.0133018 0.340864
13.0971 1.21475 0.774779 -0.922229 0.343056 0.0846921 -0.156951 0.280704 -0.0021365 -0.0735714 -0.100709 0.0133018 0.340864
13.1547 1.16528 0.771887 -0.923315 0.331692 0.0776408 -0.177316 0.166554 -0.335734 -0.118056 0.0127957 0.0805061 0.340864
13.196 1.13149 0.770108 -0.925683 0.322129 0.0847124 -0.179355 0.147216 -0.0568785 0.00955717 0.0512819 0.0501125 0.340864
13.2326 1.10249 0.767821 -0.92791 0.312518 0.0917713 -0.181368 0.127877 -0.0568785 0.00955717 0.0512819 0.0501125 0.340864
13.2644 1.07811 0.765223 -0.929996 0.302859 0.0988163 -0.183353 0.108538 -0.0568785 0.00955717 0.0512819 0.0501125 0.340864
13.2914 1.05818 0.76252 -0.931943 0.293155 0.105846 -0.18531 0.0891996 -0.0568785 0.00955717 0.0512819 0.0501125 0.340864
13.3132 1.04252 0.759916 -0.933748 0.283406 0.11286 -0.187239 0.0698609 -0.0568785 0.00955717 0.0512819 0.0501125 0.340864
13.33 1.03097 0.757619 -0.935412 0.273615 0.119857 -0.18914 0.0505222 -0.0568785 0.00955717 0.0512819 0.0501125 0.340864
13.3918 0.99086 0.746486 -0.944057 0.256184 0.131508 -0.160724 0.388083 0.992827 0.197062 0.0316732 0.0768458 0.340864
13.5063 0.921159 0.721918 -0.947254 0.238566 0.14277 -0.159416 0.413274 0.0740898 0.04089 0.0747605 0.0909989 0.340864
13.6294 0.851252 0.691694 -0.950025 0.220842 0.153968 -0.158036 0.438465 0.0740898 0.04089 0.0747605 0.0909989 0.340864
13.7612 0.781742 0.655353 -0.95237 0.203018 0.165097 -0.156585 0.463655 0.0740898 0.04089 0.0747605 0.0909989 0.340864
13.8892 0.716728 0.614976 -0.945192 0.192424 0.190998 -0.181945 0.414006 -0.146025 -0.10749 0.192161 0.0515622 0.340864
14.0013 0.659642 0.573895 -0.936619 0.181546 0.216616 -0.207037 0.364358 -0.146025 -0.10749 0.192161 0.0515622 0.340864
14.0975 0.610147 0.53354 -0.926661 0.1704 0.241914 -0.231822 0.314709 -0.146025 -0.10749 0.192161 0.0515622 0.340864
14.1779 0.567985 0.495323 -0.915333 0.159001 0.266855 -0.256265 0.265061 -0.146025 -0.10749 0.192161 0.0515622 0.340864
14.2431 0.532988 0.460632 -0.902654 0.147368 0.291402 -0.280329 0.215412 -0.146025 -0.10749 0.192161 0.0515622 0.340864
14.2934 0.50507 0.430805 -0.88864 0.135517 0.315517 -0.303979 0.165764 -0.146025 -0.10749 0.192161 0.0515622 0.340864
14.3294 0.484232 0.407125 -0.873313 0.123466 0.339167 -0.32718 0.116115 -0.146025 -0.10749 0.192161 0.0515622 0.340864
14.352 0.470562 0.390798 -0.856696 0.111232 0.362315 -0.349897 0.0664664 -0.146025 -0.10749 0.192161 0.0515622 0.340864
14.3681 0.459906 0.378386 -0.855897 0.138091 0.368603 -0.335414 0.0685925 0.00625324 0.0182127 -0.0313772 -0.179713 0.340864
14.3842 0.447995 0.365687 -0.854268 0.164817 0.374532 -0.320606 0.0707186 0.00625324 0.0182127 -0.0313772 -0.179713 0.340864
14.4001 0.43481 0.352694 -0.851808 0.191382 0.380098 -0.305486 0.0728447 0.00625324 0.0182127 -0.0313772 -0.179713 0.340864
14.4157 0.420339 0.3394 -0.848521 0.217761 0.385294 -0.290069 0.0749708 0.00625324 0.0182127 -0.0313772 -0.179713 0.340864
14.431 0.404575 0.325797 -0.84441 0.243929 0.390116 -0.274371 0.0770969 0.00625324 0.0182127 -0.0313772 -0.179713 0.340864
14.4459 0.387521 0.311874 -0.839479 0.269859 0.39456 -0.258406 0.079223 0.00625324 0.0182127 -0.0313772 -0.179713 0.340864
14.4603 0.369186 0.297619 -0.833732 0.295528 0.398619 -0.242191 0.0813491 0.00625324 0.0182127 -0.0313772 -0.179713 0.340864
14.474 0.349587 0.283019 -0.827176 0.32091 0.402292 -0.22574 0.0834752 0.00625324 0.0182127 -0.0313772 -0.179713 0.340864
14.4869 0.32875 0.268061 -0.819816 0.345979 0.405574 -0.209069 0.0856013 0.00625324 0.0182127 -0.0313772 -0.179713 0.340864
14.4998 0.305762 0.251313 -0.806075 0.339495 0.433406 -0.217131 0.0980721 0.0366788 0.0163393 0.191415 -0.0116906 0.340864
14.5131 0.279706 0.23124 -0.791471 0.332647 0.460774 -0.22496 0.110543 0.0366788 0.0163393 0.191415 -0.0116906 0.340864
14.5263 0.250607 0.207693 -0.77602 0.325443 0.487648 -0.232549 0.123014 0.0366788 0.0163393 0.191415 -0.0116906 0.340864
14.5391 0.218493 0.180561 -0.759738 0.317891 0.514001 -0.239888 0.135484 0.0366788 0.0163393 0.191415 -0.0116906 0.340864
14.551 0.183398 0.149773 -0.742644 0.309998 0.539803 -0.246971 0.147955 0.0366788 0.0163393 0.191415 -0.0116906 0.340864
14.5616 0.145356 0.115298 -0.724754 0.301773 0.565027 -0.25379 0.160426 0.0366788 0.0163393 0.191415 -0.0116906 0.340864
14.5711 0.103581 0.0786788 -0.703845 0.299654 0.574041 -0.292039 0.171218 0.0317414 -0.171294 0.179042 0.0856172 0.340864
14.5804 0.057158 0.0417329 -0.681538 0.296941 0.581915 -0.329708 0.18201 0.0317414 -0.171294 0.179042 0.0856172 0.340864
14.5893 0.00595546 0.00488603 -0.657878 0.293637 0.588633 -0.366722 0.192802 0.0317414 -0.171294 0.179042 0.0856172 0.340864
14.5981 -0.0501237 -0.0314258 -0.632911 0.28975 0.594182 -0.403008 0.203594 0.0317414 -0.171294 0.179042 0.0856172 0.340864
14.6068 -0.111139 -0.066762 -0.606688 0.285288 0.598551 -0.438494 0.214386 0.0317414 -0.171294 0.179042 0.0856172 0.340864
14.6157 -0.177113 -0.100683 -0.57926 0.280259 0.601731 -0.473109 0.225178 0.0317414 -0.171294 0.179042 0.0856172 0.340864
14.6251 -0.248025 -0.132758 -0.550681 0.274674 0.603717 -0.506785 0.235971 0.0317414 -0.171294 0.179042 0.0856172 0.340864
14.6351 -0.323814 -0.162566 -0.521009 0.268543 0.604503 -0.539454 0.246763 0.0317414 -0.171294 0.179042 0.0856172 0.340864
