0 0 0 0 0 0 1 4.65834e-310 0 0 0 0 0
0.0147671 -0.000622 -4.81842e-05 0.0115497 0.00217168 -0.0315859 0.999432 0.0869528 0.255743 0.0679521 0.012777 -0.185835 0.340864
0.0588909 -0.00496626 -0.000428087 0.0230862 0.00434089 -0.063136 0.997728 0.173906 0.255743 0.0679521 0.012777 -0.185835 0.340864
0.13184 -0.016713 -0.00158713 0.0345965 0.00650517 -0.0946143 0.994891 0.260858 0.255743 0.0679521 0.012777 -0.185835 0.340864
0.227738 -0.0361632 -0.00221907 0.0232154 -0.00539642 -0.104949 0.994192 0.314774 0.158574 -0.0734877 -0.0611914 -0.0628594 0.340864
0.341067 -0.0616607 -5.91717e-06 0.0118254 -0.017296 -0.115243 0.993116 0.368689 0.158574 -0.0734877 -0.0611914 -0.0628594 0.340864
0.471529 -0.0938652 0.00604375 0.000430964 -0.029189 -0.125494 0.991665 0.422604 0.158574 -0.0734877 -0.0611914 -0.0628594 0.340864
0.618771 -0.13339 0.0169375 -0.0109636 -0.0410709 -0.135698 0.989838 0.476519 0.158574 -0.0734877 -0.0611914 -0.0628594 0.340864
0.747681 -0.165929 0.0266622 -0.0447277 -0.0248188 -0.110365 0.992574 0.307758 -0.496356 -0.18963 0.123918 0.140526 0.340864
0.822076 -0.180741 0.0302171 -0.0784 -0.0085157 -0.0848064 0.993272 0.138997 -0.496356 -0.18963 0.123918 0.140526 0.340864
0.886417 -0.192339 0.0301967 -0.0778676 0.0201482 -0.0920354 0.992502 0.245633 0.313633 0.0174198 0.163863 -0.0558222 0.340864
0.985925 -0.212215 0.0245866 -0.0772671 0.0487945 -0.099184 0.990864 0.352268 0.313633 0.0174198 0.163863 -0.0558222 0.340864
1.11977 -0.241645 0.00937707 -0.0765989 0.0773982 -0.106246 0.988359 0.458903 0.313633 0.0174198 0.163863 -0.0558222 0.340864
1.23041 -0.267243 -0.00672092 -0.075957 0.0816303 -0.107503 0.987932 0.215823 -0.714941 0.00561205 0.0238316 -0.00977772 0.340864
1.29878 -0.284972 -0.0149106 -0.0973669 0.0560007 -0.133422 0.984674 0.202565 -0.0389951 -0.154576 -0.145463 -0.130991 0.340864
1.36229 -0.304714 -0.018471 -0.118602 0.0302705 -0.159101 0.979645 0.189307 -0.0389951 -0.154576 -0.145463 -0.130991 0.340864
1.42069 -0.32581 -0.0178433 -0.139623 0.00448586 -0.184494 0.972855 0.176048 -0.0389951 -0.154576 -0.145463 -0.130991 0.340864
1.47381 -0.347635 -0.0135204 -0.160394 -0.0213068 -0.209555 0.964317 0.16279 -0.0389951 -0.154576 -0.145463 -0.130991 0.340864
1.52154 -0.369604 -0.00603836 -0.180876 -0.0470612 -0.234239 0.954045 0.149531 -0.0389951 -0.154576 -0.145463 -0.130991 0.340864
1.56388 -0.39118 0.00403074 -0.201033 -0.072731 -0.258503 0.942057 0.136273 -0.0389951 -0.154576 -0.145463 -0.130991 0.340864
1.60087 -0.411875 0.0160878 -0.220829 -0.0982701 -0.282301 0.928377 0.123015 -0.0389951 -0.154576 -0.145463 -0.130991 0.340864
1.63264 -0.431263 0.0295152 -0.240228 -0.123633 -0.305593 0.913027 0.109756 -0.0389951 -0.154576 -0.145463 -0.130991 0.340864
1.65936 -0.448979 0.0436854 -0.259195 -0.148773 -0.328335 0.896036 0.0964981 -0.0389951 -0.154576 -0.145463 -0.130991 0.340864
1.71272 -0.486811 0.077144 -0.262446 -0.163186 -0.339302 0.888463 0.335704 0.703547 -0.0469259 -0.0930434 -0.0533058 0.340864
1.77372 -0.532697 0.115218 -0.240028 -0.13943 -0.352451 0.893714 0.166149 -0.498691 0.185344 0.0641659 -0.0734105 0.340864
1.84218 -0.583813 0.153912 -0.260509 -0.130309 -0.334082 0.896406 0.3856 0.645443 -0.100037 0.118571 0.0724802 0.340864
1.93215 -0.649828 0.208402 -0.280547 -0.155389 -0.351448 0.879564 0.345073 -0.119198 -0.167494 -0.132427 -0.10162 0.340864
2.00779 -0.708255 0.263681 -0.300132 -0.180219 -0.368246 0.8613 0.304546 -0.119198 -0.167494 -0.132427 -0.10162 0.340864
2.06993 -0.758691 0.317839 -0.319232 -0.204757 -0.384448 0.841644 0.264018 -0.119198 -0.167494 -0.132427 -0.10162 0.340864
2.11954 -0.800935 0.36902 -0.337816 -0.228965 -0.40003 0.820629 0.223491 -0.119198 -0.167494 -0.132427 -0.10162 0.340864
2.17189 -0.845924 0.428977 -0.332346 -0.245248 -0.393434 0.821346 0.314346 0.267221 -0.0193681 -0.0774071 0.0732544 0.340864
2.24126 -0.903856 0.511399 -0.326763 -0.261448 -0.386705 0.821785 0.405201 0.267221 -0.0193681 -0.0774071 0.0732544 0.340864
2.32717 -0.97359 0.617367 -0.321069 -0.277559 -0.379845 0.821945 0.496057 0.267221 -0.0193681 -0.0774071 0.0732544 0.340864
2.41757 -1.04386 0.732657 -0.320656 -0.293514 -0.369221 0.821404 0.459783 -0.106688 -0.0520281 -0.058887 0.0809736 0.340864
2.50067 -1.1046 0.841975 -0.320126 -0.309362 -0.35846 0.820561 0.423509 -0.106688 -0.0520281 -0.058887 0.0809736 0.340864
2.5764 -1.15646 0.944787 -0.319478 -0.325096 -0.347568 0.819416 0.387235 -0.106688 -0.0520281 -0.058887 0.0809736 0.340864
2.64471 -1.20011 1.04057 -0.318712 -0.34071 -0.336548 0.81797 0.350961 -0.106688 -0.0520281 -0.058887 0.0809736 0.340864
2.70844 -1.24065 1.13638 -0.293502 -0.36832 -0.335605 0.815822 0.366734 0.0463924 0.0607411 -0.185338 0.102597 0.340864
2.77005 -1.28283 1.23956 -0.267879 -0.395414 -0.334192 0.81253 0.382508 0.0463924 0.0607411 -0.185338 0.102597 0.340864
2.82891 -1.32689 1.35006 -0.241881 -0.421952 -0.332309 0.808097 0.398281 0.0463924 0.0607411 -0.185338 0.102597 0.340864
2.88442 -1.3731 1.46774 -0.215543 -0.447898 -0.32996 0.80253 0.414055 0.0463924 0.0607411 -0.185338 0.102597 0.340864
2.93599 -1.42174 1.59245 -0.188903 -0.473216 -0.327148 0.795837 0.429828 0.0463924 0.0607411 -0.185338 0.102597 0.340864
2.98305 -1.47315 1.72393 -0.161998 -0.497869 -0.323877 0.788027 0.445601 0.0463924 0.0607411 -0.185338 0.102597 0.340864
3.02504 -1.52765 1.8619 -0.134865 -0.521824 -0.320151 0.779111 0.461375 0.0463924 0.0607411 -0.185338 0.102597 0.340864
3.06144 -1.58562 2.006 -0.107543 -0.545046 -0.315976 0.769102 0.477148 0.0463924 0.0607411 -0.185338 0.102597 0.340864
3.09178 -1.64745 2.15583 -0.0800706 -0.567504 -0.311358 0.758013 0.492922 0.0463924 0.0607411 -0.185338 0.102597 0.340864
3.11118 -1.69549 2.2799 -0.0872984 -0.59496 -0.290777 0.744211 0.298145 -0.572871 -0.157756 -0.145604 0.0553037 0.340864
3.1184 -1.71643 2.34445 -0.0944022 -0.621571 -0.269784 0.729352 0.103369 -0.572871 -0.157756 -0.145604 0.0553037 0.340864
3.12268 -1.73216 2.40742 -0.123134 -0.636403 -0.260598 0.715484 0.27932 0.517504 -0.188133 -0.0636519 -0.0794286 0.340864
3.12766 -1.75501 2.53007 -0.151702 -0.650393 -0.251067 0.700671 0.455272 0.517504 -0.188133 -0.0636519 -0.0794286 0.340864
3.13216 -1.77052 2.64141 -0.166195 -0.646075 -0.234061 0.707235 0.206608 -0.731364 -0.112573 0.0794959 0.0204871 0.340864
3.13817 -1.77884 2.71072 -0.149986 -0.63036 -0.211525 0.731716 0.205566 -0.00306457 0.0273624 0.158177 0.173747 0.340864
3.14833 -1.78727 2.77916 -0.133535 -0.613625 -0.188646 0.755014 0.204524 -0.00306457 0.0273624 0.158177 0.173747 0.340864
3.16258 -1.79558 2.84652 -0.116867 -0.595898 -0.165463 0.777091 0.203482 -0.00306457 0.0273624 0.158177 0.173747 0.340864
3.18082 -1.8035 2.91259 -0.100011 -0.577207 -0.142012 0.797911 0.20244 -0.00306457 0.0273624 0.158177 0.173747 0.340864
3.20291 -1.8108 2.97716 -0.082993 -0.557583 -0.118331 0.817442 0.201398 -0.00306457 0.0273624 0.158177 0.173747 0.340864
3.22872 -1.81724 3.04006 -0.0658407 -0.537058 -0.0944592 0.83565 0.200356 -0.00306457 0.0273624 0.158177 0.173747 0.340864
3.25807 -1.8226 3.10109 -0.048582 -0.515664 -0.0704344 0.852508 0.199315 -0.00306457 0.0273624 0.158177 0.173747 0.340864
3.29343 -1.8248 3.16906 -0.0587881 -0.517212 -0.029936 0.853311 0.25172 0.154133 -0.174489 0.0104771 0.172957 0.340864
