4.97689 0.601868 6.82033 -0.543535 -0.434267 0.341022 0.632207 0.289872 0 0 0 0 0
5.01128 0.688472 6.83668 -0.546398 -0.45494 0.353705 0.60776 0.266716 -0.0681064 -0.0797557 -0.104542 0.155026 0.340864
5.03807 0.769797 6.85052 -0.548608 -0.475069 0.365967 0.582587 0.24356 -0.0681064 -0.0797557 -0.104542 0.155026 0.340864
5.05806 0.845234 6.86186 -0.550163 -0.494632 0.377791 0.556718 0.220403 -0.0681064 -0.0797557 -0.104542 0.155026 0.340864
5.07211 0.914244 6.87079 -0.55106 -0.513604 0.389164 0.530184 0.197247 -0.0681064 -0.0797557 -0.104542 0.155026 0.340864
5.08109 0.976365 6.87744 -0.5513 -0.531962 0.400072 0.503017 0.174091 -0.0681064 -0.0797557 -0.104542 0.155026 0.340864
5.08589 1.03121 6.882 -0.550882 -0.549685 0.410503 0.47525 0.150935 -0.0681064 -0.0797557 -0.104542 0.155026 0.340864
5.08766 1.08196 6.8863 -0.535997 -0.573162 0.407672 0.4669 0.148838 -0.00616649 0.0804099 -0.0658697 0.136473 0.340864
5.08698 1.13188 6.89191 -0.520656 -0.596152 0.404494 0.458153 0.146742 -0.00616649 0.0804099 -0.0658697 0.136473 0.340864
5.08389 1.18084 6.89874 -0.504873 -0.618634 0.400973 0.449017 0.144645 -0.00616649 0.0804099 -0.0658697 0.136473 0.340864
5.08076 1.23419 6.90547 -0.518179 -0.579805 0.423555 0.46467 0.172274 0.0812606 -0.162488 0.195283 -0.141069 0.340864
5.08052 1.29728 6.91003 -0.53022 -0.539561 0.445105 0.47919 0.199902 0.0812606 -0.162488 0.195283 -0.141069 0.340864
5.08392 1.36983 6.91117 -0.540968 -0.498 0.465568 0.49254 0.227531 0.0812606 -0.162488 0.195283 -0.141069 0.340864
5.09161 1.45143 6.90755 -0.550397 -0.455225 0.484895 0.504689 0.25516 0.0812606 -0.162488 0.195283 -0.141069 0.340864
5.10406 1.54148 6.89782 -0.558482 -0.411339 0.50304 0.515606 0.282788 0.0812606 -0.162488 0.195283 -0.141069 0.340864
5.12159 1.63927 6.88061 -0.565205 -0.366449 0.519957 0.525265 0.310417 0.0812606 -0.162488 0.195283 -0.141069 0.340864
5.14433 1.74391 6.85457 -0.570549 -0.320665 0.535605 0.533643 0.338045 0.0812606 -0.162488 0.195283 -0.141069 0.340864
5.17225 1.85443 6.81836 -0.574501 -0.274099 0.549947 0.540719 0.365674 0.0812606 -0.162488 0.195283 -0.141069 0.340864
5.19998 1.94544 6.78362 -0.596122 -0.256654 0.52971 0.546053 0.230224 -0.398383 -0.0745701 -0.0742593 -0.175474 0.340864
5.2184 1.99363 6.76388 -0.617023 -0.238897 0.508833 0.550726 0.0947733 -0.398383 -0.0745701 -0.0742593 -0.175474 0.340864
5.23414 2.02884 6.74728 -0.636301 -0.216405 0.512703 0.534253 0.152264 0.16909 -0.195045 0.00606107 -0.0468958 0.340864
5.25796 2.07836 6.71959 -0.654839 -0.19366 0.515975 0.517157 0.209755 0.16909 -0.195045 0.00606107 -0.0468958 0.340864
5.28782 2.13754 6.6818 -0.652331 -0.166763 0.526557 0.51903 0.239089 0.0862776 -0.0788627 0.132347 -0.0742544 0.340864
5.32125 2.20241 6.63581 -0.649273 -0.139724 0.536694 0.520463 0.268423 0.0862776 -0.0788627 0.132347 -0.0742544 0.340864
5.35796 2.27244 6.58093 -0.645665 -0.112568 0.546377 0.521457 0.297758 0.0862776 -0.0788627 0.132347 -0.0742544 0.340864
5.39757 2.34703 6.51652 -0.641512 -0.0853165 0.555598 0.52201 0.327092 0.0862776 -0.0788627 0.132347 -0.0742544 0.340864
5.43967 2.4256 6.44199 -0.636816 -0.0579929 0.56435 0.522122 0.356426 0.0862776 -0.0788627 0.132347 -0.0742544 0.340864
5.48375 2.50756 6.35681 -0.631582 -0.0306203 0.572624 0.521792 0.385761 0.0862776 -0.0788627 0.132347 -0.0742544 0.340864
5.52927 2.5923 6.26048 -0.625815 -0.00322183 0.580415 0.521022 0.415095 0.0862776 -0.0788627 0.132347 -0.0742544 0.340864
5.57562 2.67922 6.15257 -0.619518 0.0241794 0.587715 0.519811 0.44443 0.0862776 -0.0788627 0.132347 -0.0742544 0.340864
5.62213 2.7677 6.0327 -0.612698 0.0515601 0.594518 0.518161 0.473764 0.0862776 -0.0788627 0.132347 -0.0742544 0.340864
5.66437 2.84665 5.91922 -0.639491 0.0317278 0.591947 0.489534 0.376546 -0.285936 -0.116298 -0.154785 0.171932 0.340864
5.69805 2.90602 5.83106 -0.665045 0.011834 0.588228 0.45996 0.279328 -0.285936 -0.116298 -0.154785 0.171932 0.340864
5.7226 2.94676 5.76868 -0.689311 -0.00808271 0.58337 0.429494 0.18211 -0.285936 -0.116298 -0.154785 0.171932 0.340864
5.74853 2.98247 5.71077 -0.71371 0.00389547 0.552784 0.430155 0.246317 0.188844 -0.0986393 -0.177501 -0.129306 0.340864
5.78866 3.02477 5.63623 -0.736913 0.0158671 0.521273 0.430095 0.310523 0.188844 -0.0986393 -0.177501 -0.129306 0.340864
5.84568 3.07145 5.54605 -0.758883 0.0278122 0.488888 0.429316 0.37473 0.188844 -0.0986393 -0.177501 -0.129306 0.340864
5.91536 3.11927 5.4475 -0.776162 0.0223448 0.472405 0.417021 0.388948 0.0418154 -0.0855074 -0.135087 0.0209679 0.340864
5.99193 3.16646 5.3473 -0.792859 0.0168607 0.455567 0.404412 0.403165 0.0418154 -0.0855074 -0.135087 0.0209679 0.340864
6.07563 3.21293 5.24586 -0.80896 0.0113638 0.438386 0.3915 0.417382 0.0418154 -0.0855074 -0.135087 0.0209679 0.340864
6.16665 3.25864 5.14362 -0.824453 0.00585843 0.420877 0.378294 0.431599 0.0418154 -0.0855074 -0.135087 0.0209679 0.340864
6.26518 3.30354 5.04104 -0.839326 0.000348652 0.403051 0.364803 0.445817 0.0418154 -0.0855074 -0.135087 0.0209679 0.340864
6.37136 3.34761 4.93859 -0.853569 -0.00516139 0.384922 0.351039 0.460034 0.0418154 -0.0855074 -0.135087 0.0209679 0.340864
6.48532 3.39084 4.83678 -0.867171 -0.0106676 0.366504 0.33701 0.474251 0.0418154 -0.0855074 -0.135087 0.0209679 0.340864
6.56764 3.42048 4.7704 -0.872254 -0.0211264 0.335645 0.355062 0.171899 -0.889272 0.106517 -0.188011 -0.0470716 0.340864
6.61729 3.43682 4.73141 -0.874102 0.0048069 0.354313 0.332241 0.211775 0.117283 -0.17452 0.143498 -0.0492568 0.340864
6.67517 3.45267 4.68039 -0.8746 0.0307328 0.372434 0.308907 0.251651 0.117283 -0.17452 0.143498 -0.0492568 0.340864
6.74026 3.46647 4.6164 -0.873746 0.0566111 0.389978 0.285095 0.291527 0.117283 -0.17452 0.143498 -0.0492568 0.340864
6.81442 3.48239 4.54285 -0.879497 0.0232135 0.378173 0.287979 0.330095 0.113435 0.077876 -0.130866 0.147187 0.340864
6.90031 3.50666 4.46449 -0.884107 -0.0102142 0.365877 0.290489 0.368663 0.113435 0.077876 -0.130866 0.147187 0.340864
6.99791 3.54067 4.38258 -0.887572 -0.0436286 0.353107 0.292623 0.40723 0.113435 0.077876 -0.130866 0.147187 0.340864
7.104 3.5751 4.30073 -0.900277 -0.0141503 0.327119 0.286868 0.406841 -0.00114514 -0.106506 -0.112841 -0.190002 0.340864
7.21424 3.60133 4.22257 -0.906 0.00634986 0.303894 0.29457 0.403027 -0.0112191 -0.00638637 -0.0987891 -0.16308 0.340864
7.32724 3.62099 4.14882 -0.91077 0.0268433 0.28035 0.301962 0.399212 -0.0112191 -0.00638637 -0.0987891 -0.16308 0.340864
7.44246 3.634 4.07955 -0.914583 0.0473086 0.25651 0.309036 0.395398 -0.0112191 -0.00638637 -0.0987891 -0.16308 0.340864
7.55934 3.64034 4.01481 -0.917433 0.0677241 0.232401 0.315785 0.391583 -0.0112191 -0.00638637 -0.0987891 -0.16308 0.340864
7.67734 3.64 3.95462 -0.919318 0.0880683 0.208047 0.322202 0.387769 -0.0112191 -0.00638637 -0.0987891 -0.16308 0.340864
7.79593 3.63301 3.89898 -0.920237 0.10832 0.183475 0.32828 0.383954 -0.0112191 -0.00638637 -0.0987891 -0.16308 0.340864
7.91679 3.62383 3.84131 -0.923378 0.101059 0.210295 0.304854 0.405702 0.0639633 -0.107973 0.142729 0.118406 0.340864
