3.29343 -1.8248 3.16906 -0.0587881 -0.517212 -0.029936 0.853311 0.25172 0 0 0 0 0
3.33725 -1.81999 3.25262 -0.0688916 -0.517856 0.0106148 0.852623 0.304125 0.154133 -0.174489 0.0104771 0.172957 0.340864
3.38909 -1.80537 3.35114 -0.0788747 -0.517596 0.0511471 0.850445 0.35653 0.154133 -0.174489 0.0104771 0.172957 0.340864
3.44825 -1.77821 3.46378 -0.0887199 -0.516431 0.0915899 0.846781 0.408935 0.154133 -0.174489 0.0104771 0.172957 0.340864
3.51382 -1.73591 3.58943 -0.0984101 -0.514364 0.131873 0.841638 0.46134 0.154133 -0.174489 0.0104771 0.172957 0.340864
3.56119 -1.703 3.67723 -0.0862722 -0.498636 0.125066 0.853392 0.156693 -0.896021 0.075297 0.118919 -0.0151957 0.340864
3.6068 -1.67244 3.75446 -0.0776516 -0.481905 0.154091 0.859066 0.400724 0.717739 -0.0512998 0.121727 0.158358 0.340864
3.65171 -1.63696 3.83328 -0.0834057 -0.503165 0.185584 0.839897 0.172439 -0.671429 -0.107869 -0.152651 0.16997 0.340864
3.68091 -1.61083 3.88924 -0.0745502 -0.504333 0.175268 0.842242 0.229425 0.167606 0.076712 0.005775 -0.0267427 0.340864
3.71883 -1.5795 3.96184 -0.0656804 -0.505405 0.164919 0.844425 0.286411 0.167606 0.076712 0.005775 -0.0267427 0.340864
3.76563 -1.54399 4.05134 -0.056798 -0.506379 0.154538 0.846447 0.343397 0.167606 0.076712 0.005775 -0.0267427 0.340864
3.79617 -1.524 4.10833 -0.0399899 -0.499088 0.126342 0.856358 0.0547423 -0.848984 0.164395 0.0717017 -0.101794 0.340864
3.81022 -1.51539 4.13579 -0.0590274 -0.525239 0.128782 0.83908 0.133681 0.232172 -0.087712 -0.196081 -0.0246117 0.340864
3.83289 -1.4983 4.18735 -0.0779852 -0.550681 0.131048 0.820667 0.212619 0.232172 -0.087712 -0.196081 -0.0246117 0.340864
3.86112 -1.47144 4.26367 -0.0968376 -0.575379 0.133137 0.801147 0.291557 0.232172 -0.087712 -0.196081 -0.0246117 0.340864
3.89181 -1.43345 4.36506 -0.115559 -0.5993 0.135046 0.780543 0.370496 0.232172 -0.087712 -0.196081 -0.0246117 0.340864
3.92186 -1.38295 4.49143 -0.134125 -0.622411 0.136773 0.758886 0.449434 0.232172 -0.087712 -0.196081 -0.0246117 0.340864
3.95763 -1.32686 4.63638 -0.123203 -0.597416 0.115907 0.783888 0.489036 0.116476 0.124801 0.1955 -0.0930204 0.340864
3.99381 -1.284 4.7645 -0.105169 -0.601188 0.0981265 0.786055 0.333755 -0.456707 0.1498 -0.010368 -0.0173611 0.340864
4.0162 -1.26147 4.84557 -0.0870664 -0.604563 0.0802808 0.787704 0.178475 -0.456707 0.1498 -0.010368 -0.0173611 0.340864
4.0311 -1.24864 4.90075 -0.0495247 -0.604133 0.0923698 0.789961 0.166091 -0.0364236 0.131947 0.0339511 0.188285 0.340864
4.04469 -1.23654 4.95349 -0.0843294 -0.613576 0.0798731 0.781046 0.162121 -0.0116763 -0.114817 -0.0981384 -0.174206 0.340864
4.05697 -1.22348 5.0049 -0.119005 -0.622077 0.0672538 0.770932 0.158151 -0.0116763 -0.114817 -0.0981384 -0.174206 0.340864
4.06807 -1.20947 5.05489 -0.153497 -0.629621 0.0545312 0.759633 0.154181 -0.0116763 -0.114817 -0.0981384 -0.174206 0.340864
4.07811 -1.19454 5.10341 -0.187753 -0.636199 0.0417248 0.747167 0.150211 -0.0116763 -0.114817 -0.0981384 -0.174206 0.340864
4.08721 -1.17871 5.15038 -0.221721 -0.6418 0.0288543 0.733553 0.146241 -0.0116763 -0.114817 -0.0981384 -0.174206 0.340864
4.0955 -1.16204 5.19575 -0.255349 -0.646414 0.0159394 0.718813 0.142271 -0.0116763 -0.114817 -0.0981384 -0.174206 0.340864
4.1031 -1.14458 5.23948 -0.288584 -0.650036 0.00300012 0.702968 0.138301 -0.0116763 -0.114817 -0.0981384 -0.174206 0.340864
4.11011 -1.12638 5.28153 -0.321376 -0.652659 -0.0099438 0.686043 0.134331 -0.0116763 -0.114817 -0.0981384 -0.174206 0.340864
4.11664 -1.10753 5.32186 -0.353674 -0.654279 -0.0228725 0.668065 0.130361 -0.0116763 -0.114817 -0.0981384 -0.174206 0.340864
4.1228 -1.0881 5.36045 -0.385429 -0.654894 -0.035766 0.64906 0.126391 -0.0116763 -0.114817 -0.0981384 -0.174206 0.340864
4.1382 -1.04821 5.44508 -0.373297 -0.638189 -0.061493 0.670509 0.431471 0.897293 0.197624 0.0855489 -0.0848736 0.340864
4.1553 -1.01332 5.52742 -0.388371 -0.625195 -0.0888216 0.671126 0.104156 -0.962691 0.0492055 -0.000990474 -0.192722 0.340864
4.17007 -0.986248 5.58988 -0.424128 -0.618092 -0.0914882 0.655521 0.305603 0.59249 -0.163335 -0.0167589 -0.166452 0.340864
4.19369 -0.941185 5.68389 -0.411546 -0.621196 -0.0548818 0.66463 0.323249 0.0518998 -0.0635414 0.105733 0.1996 0.340864
4.21881 -0.889769 5.78121 -0.398309 -0.623312 -0.0181881 0.672682 0.340895 0.0518998 -0.0635414 0.105733 0.1996 0.340864
4.2451 -0.831639 5.88154 -0.384439 -0.624437 0.0185346 0.679663 0.358541 0.0518998 -0.0635414 0.105733 0.1996 0.340864
4.27218 -0.766468 5.98459 -0.369957 -0.624568 0.0552277 0.685563 0.376187 0.0518998 -0.0635414 0.105733 0.1996 0.340864
4.29962 -0.693964 6.09006 -0.354887 -0.623705 0.091833 0.690372 0.393833 0.0518998 -0.0635414 0.105733 0.1996 0.340864
4.32074 -0.638267 6.16576 -0.37281 -0.609754 0.0970544 0.692671 0.172848 -0.649954 -0.0946891 0.0663091 -0.074924 0.340864
4.3376 -0.597933 6.21503 -0.402318 -0.592079 0.113697 0.688953 0.21469 0.123065 -0.198215 0.0783509 -0.0746854 0.340864
4.36093 -0.545552 6.27094 -0.431232 -0.573532 0.130171 0.684219 0.256532 0.123065 -0.198215 0.0783509 -0.0746854 0.340864
4.39169 -0.480347 6.33174 -0.459511 -0.554139 0.146454 0.678477 0.298374 0.123065 -0.198215 0.0783509 -0.0746854 0.340864
4.43082 -0.40175 6.39555 -0.487113 -0.533929 0.162521 0.671735 0.340216 0.123065 -0.198215 0.0783509 -0.0746854 0.340864
4.4792 -0.309417 6.46039 -0.513997 -0.512932 0.178348 0.664003 0.382058 0.123065 -0.198215 0.0783509 -0.0746854 0.340864
4.53765 -0.203226 6.52419 -0.540123 -0.491179 0.193913 0.655292 0.4239 0.123065 -0.198215 0.0783509 -0.0746854 0.340864
4.60692 -0.0832922 6.58485 -0.565453 -0.468703 0.209191 0.645616 0.465742 0.123065 -0.198215 0.0783509 -0.0746854 0.340864
4.67635 0.0310872 6.636 -0.594264 -0.460861 0.197591 0.628821 0.376902 -0.261296 -0.142973 -0.0905827 -0.128934 0.340864
4.73387 0.120787 6.67373 -0.622297 -0.452417 0.185731 0.611204 0.288061 -0.261296 -0.142973 -0.0905827 -0.128934 0.340864
4.78106 0.194443 6.70268 -0.607118 -0.453086 0.209155 0.618365 0.253978 -0.100246 0.0191826 0.118992 0.119252 0.340864
4.82067 0.260312 6.72678 -0.591435 -0.453379 0.232404 0.625012 0.219894 -0.100246 0.0191826 0.118992 0.119252 0.340864
4.8531 0.317917 6.74645 -0.575261 -0.453296 0.255461 0.63114 0.185811 -0.100246 0.0191826 0.118992 0.119252 0.340864
4.87876 0.366803 6.76206 -0.558609 -0.452836 0.278305 0.636743 0.151727 -0.100246 0.0191826 0.118992 0.119252 0.340864
4.89814 0.406543 6.77398 -0.541493 -0.451999 0.300918 0.641818 0.117643 -0.100246 0.0191826 0.118992 0.119252 0.340864
4.91176 0.436735 6.78251 -0.523927 -0.450787 0.323281 0.646359 0.0835598 -0.100246 0.0191826 0.118992 0.119252 0.340864
4.92019 0.457011 6.78793 -0.505926 -0.449201 0.345376 0.650364 0.0494762 -0.100246 0.0191826 0.118992 0.119252 0.340864
4.92401 0.467035 6.79048 -0.487504 -0.447242 0.367183 0.653828 0.0153927 -0.100246 0.0191826 0.118992 0.119252 0.340864
4.94117 0.513388 6.80143 -0.520256 -0.453538 0.349853 0.633435 0.282406 0.785332 -0.125291 -0.198369 -0.0907427 0.340864
4.97689 0.601868 6.82033 -0.543535 -0.434267 0.341022 0.632207 0.289872 0.0219595 -0.106616 -0.00640142 -0.151487 0.340864
