7.91679 3.62383 3.84131 -0.923378 0.101059 0.210295 0.304854 0.405702 0 0 0 0 0
8.04154 3.61688 3.77465 -0.92529 0.0936638 0.236835 0.281023 0.427449 0.0639633 -0.107973 0.142729 0.118406 0.340864
8.15663 3.61279 3.70527 -0.909708 0.0993137 0.26467 0.304167 0.363508 -0.188061 0.159236 0.16984 -0.0255748 0.340864
8.24957 3.61182 3.64153 -0.892684 0.104806 0.292085 0.326829 0.299568 -0.188061 0.159236 0.16984 -0.0255748 0.340864
8.34486 3.61118 3.57408 -0.903251 0.103157 0.278029 0.310154 0.387216 0.25779 -0.113721 -0.0848601 0.0168055 0.340864
8.45116 3.61251 3.49927 -0.904358 0.0782692 0.297673 0.295637 0.377513 -0.0285398 -0.02653 0.0659763 0.192524 0.340864
8.55281 3.61986 3.42402 -0.904364 0.0532862 0.316954 0.280761 0.367809 -0.0285398 -0.02653 0.0659763 0.192524 0.340864
8.64949 3.63276 3.34845 -0.903269 0.0282382 0.335849 0.265543 0.358106 -0.0285398 -0.02653 0.0659763 0.192524 0.340864
8.74091 3.65071 3.27267 -0.901074 0.00315598 0.354336 0.250002 0.348402 -0.0285398 -0.02653 0.0659763 0.192524 0.340864
8.82684 3.67322 3.19684 -0.897783 -0.0219301 0.372391 0.234157 0.338699 -0.0285398 -0.02653 0.0659763 0.192524 0.340864
8.90707 3.69978 3.12109 -0.893399 -0.0469896 0.389993 0.218026 0.328995 -0.0285398 -0.02653 0.0659763 0.192524 0.340864
8.98147 3.72988 3.04558 -0.887928 -0.0719918 0.40712 0.201631 0.319292 -0.0285398 -0.02653 0.0659763 0.192524 0.340864
9.04994 3.76301 2.97047 -0.881375 -0.0969064 0.423752 0.184989 0.309588 -0.0285398 -0.02653 0.0659763 0.192524 0.340864
9.11243 3.79868 2.89593 -0.87375 -0.121703 0.439868 0.168123 0.299884 -0.0285398 -0.02653 0.0659763 0.192524 0.340864
9.17188 3.83238 2.8257 -0.883828 -0.0973754 0.419004 0.183854 0.276615 -0.0684391 0.0228821 -0.0980075 -0.193632 0.340864
9.23057 3.86013 2.76326 -0.892689 -0.0729138 0.397564 0.199332 0.253346 -0.0684391 0.0228821 -0.0980075 -0.193632 0.340864
9.28754 3.88223 2.70833 -0.900321 -0.0483519 0.375577 0.214536 0.230077 -0.0684391 0.0228821 -0.0980075 -0.193632 0.340864
9.34787 3.90258 2.65075 -0.900798 -0.0446582 0.389326 0.187065 0.274921 0.131896 -0.158184 0.0686184 0.0583533 0.340864
9.41686 3.92421 2.58009 -0.900413 -0.0409218 0.402702 0.159415 0.319766 0.131896 -0.158184 0.0686184 0.0583533 0.340864
9.49385 3.9462 2.4957 -0.899165 -0.0371461 0.415692 0.131613 0.36461 0.131896 -0.158184 0.0686184 0.0583533 0.340864
9.57821 3.96756 2.397 -0.897057 -0.0333349 0.428285 0.103684 0.409455 0.131896 -0.158184 0.0686184 0.0583533 0.340864
9.66931 3.98722 2.28354 -0.894089 -0.0294918 0.440467 0.075656 0.454299 0.131896 -0.158184 0.0686184 0.0583533 0.340864
9.76045 4.00289 2.17426 -0.906588 -0.00924016 0.410045 0.0993742 0.388038 -0.194886 0.0720103 -0.179317 -0.183734 0.340864
9.84345 4.0133 2.08732 -0.917225 0.0110305 0.378781 0.122888 0.321777 -0.194886 0.0720103 -0.179317 -0.183734 0.340864
9.91555 4.0191 2.02103 -0.925977 0.0312785 0.346739 0.14615 0.255515 -0.194886 0.0720103 -0.179317 -0.183734 0.340864
9.9743 4.02121 1.9735 -0.932827 0.0514622 0.313985 0.169111 0.189254 -0.194886 0.0720103 -0.179317 -0.183734 0.340864
10.0175 4.02086 1.9427 -0.937761 0.0715403 0.280585 0.191725 0.122993 -0.194886 0.0720103 -0.179317 -0.183734 0.340864
10.0533 4.01869 1.91975 -0.94729 0.0847021 0.26176 0.164163 0.127434 0.0130631 -0.192477 -0.0931496 -0.0443434 0.340864
10.091 4.01438 1.8974 -0.955513 0.0977473 0.242574 0.136374 0.131876 0.0130631 -0.192477 -0.0931496 -0.0443434 0.340864
10.1307 4.00786 1.87588 -0.96242 0.110658 0.223054 0.108398 0.136317 0.0130631 -0.192477 -0.0931496 -0.0443434 0.340864
10.1722 3.99911 1.85546 -0.968 0.123416 0.203227 0.080272 0.140759 0.0130631 -0.192477 -0.0931496 -0.0443434 0.340864
10.2156 3.98812 1.83641 -0.972246 0.136003 0.183119 0.0520356 0.1452 0.0130631 -0.192477 -0.0931496 -0.0443434 0.340864
10.2607 3.97489 1.819 -0.975153 0.148404 0.162759 0.0237274 0.149642 0.0130631 -0.192477 -0.0931496 -0.0443434 0.340864
10.3074 3.95946 1.80348 -0.976715 0.1606 0.142175 -0.00461347 0.154083 0.0130631 -0.192477 -0.0931496 -0.0443434 0.340864
10.3607 3.93939 1.78799 -0.973981 0.185401 0.130017 -0.00909212 0.192929 0.114254 -0.0580412 -0.0640164 -0.14102 0.340864
10.425 3.91138 1.77095 -0.970477 0.210056 0.117756 -0.0135636 0.231776 0.114254 -0.0580412 -0.0640164 -0.14102 0.340864
10.4998 3.87425 1.75312 -0.966206 0.234545 0.105402 -0.0180243 0.270622 0.114254 -0.0580412 -0.0640164 -0.14102 0.340864
10.5844 3.82691 1.73528 -0.961171 0.258849 0.0929651 -0.0224708 0.309469 0.114254 -0.0580412 -0.0640164 -0.14102 0.340864
10.6781 3.76833 1.71823 -0.955376 0.282948 0.0804545 -0.0268995 0.348315 0.114254 -0.0580412 -0.0640164 -0.14102 0.340864
10.7478 3.7198 1.70599 -0.946056 0.309973 0.0886563 -0.032158 0.156208 -0.56502 -0.0301701 0.0549883 -0.166226 0.340864
10.7918 3.68532 1.69747 -0.938148 0.329097 0.0975474 -0.0453715 0.176428 0.059468 -0.0687991 0.0740876 -0.115651 0.340864
10.8393 3.64453 1.68762 -0.929599 0.347997 0.106372 -0.058554 0.196647 0.059468 -0.0687991 0.0740876 -0.115651 0.340864
10.8899 3.59702 1.67649 -0.920417 0.366659 0.115124 -0.0716967 0.216866 0.059468 -0.0687991 0.0740876 -0.115651 0.340864
10.9228 3.56318 1.66888 -0.907939 0.390547 0.124747 -0.0869382 0.0643242 -0.448652 -0.0832188 0.0833658 -0.150007 0.340864
10.9612 3.52199 1.65921 -0.913503 0.381718 0.124079 -0.0664009 0.271939 0.610631 0.117485 -0.0503235 0.0452113 0.340864
11.0488 3.43202 1.63557 -0.918581 0.372686 0.123344 -0.0458283 0.479553 0.610631 0.117485 -0.0503235 0.0452113 0.340864
11.1508 3.32849 1.60579 -0.915285 0.373319 0.138906 -0.0599286 0.393093 -0.254295 -0.0434254 0.117226 -0.00460826 0.340864
11.2314 3.24497 1.57991 -0.911575 0.373782 0.154404 -0.0740017 0.306632 -0.254295 -0.0434254 0.117226 -0.00460826 0.340864
11.2913 3.18171 1.55897 -0.907453 0.374077 0.169833 -0.0880414 0.220172 -0.254295 -0.0434254 0.117226 -0.00460826 0.340864
11.3399 3.12739 1.54237 -0.898636 0.394433 0.159094 -0.107538 0.219779 -0.00115338 -0.15263 -0.0161574 -0.103038 0.340864
11.3907 3.06466 1.52271 -0.886278 0.412588 0.192066 -0.0859842 0.26918 0.145295 0.165683 0.124403 -0.165731 0.340864
11.4464 2.98749 1.49232 -0.872117 0.429905 0.224646 -0.0642555 0.31858 0.145295 0.165683 0.124403 -0.165731 0.340864
11.5064 2.90136 1.45555 -0.876841 0.4206 0.220812 -0.0740819 0.335536 0.0498697 -0.0460272 0.00245312 0.0741189 0.340864
11.5717 2.81179 1.41823 -0.881372 0.411202 0.216929 -0.083892 0.352492 0.0498697 -0.0460272 0.00245312 0.0741189 0.340864
11.6425 2.71896 1.38047 -0.885709 0.401714 0.212998 -0.0936836 0.369447 0.0498697 -0.0460272 0.00245312 0.0741189 0.340864
11.7191 2.62306 1.34238 -0.889851 0.392138 0.20902 -0.103455 0.386403 0.0498697 -0.0460272 0.00245312 0.0741189 0.340864
11.8015 2.52429 1.30408 -0.893798 0.382475 0.204997 -0.113203 0.403359 0.0498697 -0.0460272 0.00245312 0.0741189 0.340864
11.8901 2.42287 1.26566 -0.897547 0.372728 0.200928 -0.122926 0.420314 0.0498697 -0.0460272 0.00245312 0.0741189 0.340864
11.9849 2.31902 1.22721 -0.901099 0.362899 0.196815 -0.132622 0.43727 0.0498697 -0.0460272 0.00245312 0.0741189 0.340864
