0 0 0 0 0 0 1 4.65834e-310 0 0 0 0 0
0.0147671 -0.000622 -4.81842e-05 0.0115497 0.00217168 -0.0315859 0.999432 0.0869528 0.255743 0.0679521 0.012777 -0.185835 0.340864
0.0588909 -0.00496626 -0.000428087 0.0230862 0.00434089 -0.063136 0.997728 0.173906 0.255743 0.0679521 0.012777 -0.185835 0.340864
0.13184 -0.016713 -0.00158713 0.0345965 0.00650517 -0.0946143 0.994891 0.260858 0.255743 0.0679521 0.012777 -0.185835 0.340864
0.227738 -0.0361632 -0.00221907 0.0232154 -0.00539642 -0.104949 0.994192 0.314774 0.158574 -0.0734877 -0.0611914 -0.0628594 0.340864
0.341067 -0.0616607 -5.91717e-06 0.0118254 -0.017296 -0.115243 0.993116 0.368689 0.158574 -0.0734877 -0.0611914 -0.0628594 0.340864
0.471529 -0.0938652 0.00604375 0.000430964 -0.029189 -0.125494 0.991665 0.422604 0.158574 -0.0734877 -0.0611914 -0.0628594 0.340864
0.618771 -0.13339 0.0169375 -0.0109636 -0.0410709 -0.135698 0.989838 0.476519 0.158574 -0.0734877 -0.0611914 -0.0628594 0.340864
0.747681 -0.165929 0.0266622 -0.0447277 -0.0248188 -0.110365 0.992574 0.307758 -0.496356 -0.18963 0.123918 0.140526 0.340864
0.822076 -0.180741 0.0302171 -0.0784 -0.0085157 -0.0848064 0.993272 0.138997 -0.496356 -0.18963 0.123918 0.140526 0.340864
0.886417 -0.192339 0.0301967 -0.0778676 0.0201482 -0.0920354 0.992502 0.245633 0.313633 0.0174198 0.163863 -0.0558222 0.340864
0.985925 -0.212215 0.0245866 -0.0772671 0.0487945 -0.099184 0.990864 0.352268 0.313633 0.0174198 0.163863 -0.0558222 0.340864
1.11977 -0.241645 0.00937707 -0.0765989 0.0773982 -0.106246 0.988359 0.458903 0.313633 0.0174198 0.163863 -0.0558222 0.340864
1.23041 -0.267243 -0.00672092 -0.075957 0.0816303 -0.107503 0.987932 0.215823 -0.714941 0.00561205 0.0238316 -0.00977772 0.340864
1.29878 -0.284972 -0.0149106 -0.0973669 0.0560007 -0.133422 0.984674 0.202565 -0.0389951 -0.154576 -0.145463 -0.130991 0.340864
1.36229 -0.304714 -0.018471 -0.118602 0.0302705 -0.159101 0.979645 0.189307 -0.0389951 -0.154576 -0.145463 -0.130991 0.340864
1.42069 -0.32581 -0.0178433 -0.139623 0.00448586 -0.184494 0.972855 0.176048 -0.0389951 -0.154576 -0.145463 -0.130991 0.340864
1.47381 -0.347635 -0.0135204 -0.160394 -0.0213068 -0.209555 0.964317 0.16279 -0.0389951 -0.154576 -0.145463 -0.130991 0.340864
1.52154 -0.369604 -0.00603836 -0.180876 -0.0470612 -0.234239 0.954045 0.149531 -0.0389951 -0.154576 -0.145463 -0.130991 0.340864
1.56388 -0.39118 0.00403074 -0.201033 -0.072731 -0.258503 0.942057 0.136273 -0.0389951 -0.154576 -0.145463 -0.130991 0.340864
1.60087 -0.411875 0.0160878 -0.220829 -0.0982701 -0.282301 0.928377 0.123015 -0.0389951 -0.154576 -0.145463 -0.130991 0.340864
1.63264 -0.431263 0.0295152 -0.240228 -0.123633 -0.305593 0.913027 0.109756 -0.0389951 -0.154576 -0.145463 -0.130991 0.340864
1.65936 -0.448979 0.0436854 -0.259195 -0.148773 -0.328335 0.896036 0.0964981 -0.0389951 -0.154576 -0.145463 -0.130991 0.340864
1.71272 -0.486811 0.077144 -0.262446 -0.163186 -0.339302 0.888463 0.335704 0.703547 -0.0469259 -0.0930434 -0.0533058 0.340864
1.77372 -0.532697 0.115218 -0.240028 -0.13943 -0.352451 0.893714 0.166149 -0.498691 0.185344 0.0641659 -0.0734105 0.340864
1.84218 -0.583813 0.153912 -0.260509 -0.130309 -0.334082 0.896406 0.3856 0.645443 -0.100037 0.118571 0.0724802 0.340864
1.93215 -0.649828 0.208402 -0.280547 -0.155389 -0.351448 0.879564 0.345073 -0.119198 -0.167494 -0.132427 -0.10162 0.340864
2.00779 -0.708255 0.263681 -0.300132 -0.180219 -0.368246 0.8613 0.304546 -0.119198 -0.167494 -0.132427 -0.10162 0.340864
2.06993 -0.758691 0.317839 -0.319232 -0.204757 -0.384448 0.841644 0.264018 -0.119198 -0.167494 -0.132427 -0.10162 0.340864
2.11954 -0.800935 0.36902 -0.337816 -0.228965 -0.40003 0.820629 0.223491 -0.119198 -0.167494 -0.132427 -0.10162 0.340864
2.17189 -0.845924 0.428977 -0.332346 -0.245248 -0.393434 0.821346 0.314346 0.267221 -0.0193681 -0.0774071 0.0732544 0.340864
2.24126 -0.903856 0.511399 -0.326763 -0.261448 -0.386705 0.821785 0.405201 0.267221 -0.0193681 -0.0774071 0.0732544 0.340864
2.32717 -0.97359 0.617367 -0.321069 -0.277559 -0.379845 0.821945 0.496057 0.267221 -0.0193681 -0.0774071 0.0732544 0.340864
2.41757 -1.04386 0.732657 -0.320656 -0.293514 -0.369221 0.821404 0.459783 -0.106688 -0.0520281 -0.058887 0.0809736 0.340864
2.50067 -1.1046 0.841975 -0.320126 -0.309362 -0.35846 0.820561 0.423509 -0.106688 -0.0520281 -0.058887 0.0809736 0.340864
2.5764 -1.15646 0.944787 -0.319478 -0.325096 -0.347568 0.819416 0.387235 -0.106688 -0.0520281 -0.058887 0.0809736 0.340864
2.64471 -1.20011 1.04057 -0.318712 -0.34071 -0.336548 0.81797 0.350961 -0.106688 -0.0520281 -0.058887 0.0809736 0.340864
2.70844 -1.24065 1.13638 -0.293502 -0.36832 -0.335605 0.815822 0.366734 0.0463924 0.0607411 -0.185338 0.102597 0.340864
2.77005 -1.28283 1.23956 -0.267879 -0.395414 -0.334192 0.81253 0.382508 0.0463924 0.0607411 -0.185338 0.102597 0.340864
2.82891 -1.32689 1.35006 -0.241881 -0.421952 -0.332309 0.808097 0.398281 0.0463924 0.0607411 -0.185338 0.102597 0.340864
2.88442 -1.3731 1.46774 -0.215543 -0.447898 -0.32996 0.80253 0.414055 0.0463924 0.0607411 -0.185338 0.102597 0.340864
2.93599 -1.42174 1.59245 -0.188903 -0.473216 -0.327148 0.795837 0.429828 0.0463924 0.0607411 -0.185338 0.102597 0.340864
2.98305 -1.47315 1.72393 -0.161998 -0.497869 -0.323877 0.788027 0.445601 0.0463924 0.0607411 -0.185338 0.102597 0.340864
3.02504 -1.52765 1.8619 -0.134865 -0.521824 -0.320151 0.779111 0.461375 0.0463924 0.0607411 -0.185338 0.102597 0.340864
3.06144 -1.58562 2.006 -0.107543 -0.545046 -0.315976 0.769102 0.477148 0.0463924 0.0607411 -0.185338 0.102597 0.340864
3.09178 -1.64745 2.15583 -0.0800706 -0.567504 -0.311358 0.758013 0.492922 0.0463924 0.0607411 -0.185338 0.102597 0.340864
3.11118 -1.69549 2.2799 -0.0872984 -0.59496 -0.290777 0.744211 0.298145 -0.572871 -0.157756 -0.145604 0.0553037 0.340864
3.1184 -1.71643 2.34445 -0.0944022 -0.621571 -0.269784 0.729352 0.103369 -0.572871 -0.157756 -0.145604 0.0553037 0.340864
3.12268 -1.73216 2.40742 -0.123134 -0.636403 -0.260598 0.715484 0.27932 0.517504 -0.188133 -0.0636519 -0.0794286 0.340864
3.12766 -1.75501 2.53007 -0.151702 -0.650393 -0.251067 0.700671 0.455272 0.517504 -0.188133 -0.0636519 -0.0794286 0.340864
3.13216 -1.77052 2.64141 -0.166195 -0.646075 -0.234061 0.707235 0.206608 -0.731364 -0.112573 0.0794959 0.0204871 0.340864
3.13817 -1.77884 2.71072 -0.149986 -0.63036 -0.211525 0.731716 0.205566 -0.00306457 0.0273624 0.158177 0.173747 0.340864
3.14833 -1.78727 2.77916 -0.133535 -0.613625 -0.188646 0.755014 0.204524 -0.00306457 0.0273624 0.158177 0.173747 0.340864
3.16258 -1.79558 2.84652 -0.116867 -0.595898 -0.165463 0.777091 0.203482 -0.00306457 0.0273624 0.158177 0.173747 0.340864
3.18082 -1.8035 2.91259 -0.100011 -0.577207 -0.142012 0.797911 0.20244 -0.00306457 0.0273624 0.158177 0.173747 0.340864
3.20291 -1.8108 2.97716 -0.082993 -0.557583 -0.118331 0.817442 0.201398 -0.00306457 0.0273624 0.158177 0.173747 0.340864
3.22872 -1.81724 3.04006 -0.0658407 -0.537058 -0.0944592 0.83565 0.200356 -0.00306457 0.0273624 0.158177 0.173747 0.340864
3.25807 -1.8226 3.10109 -0.048582 -0.515664 -0.0704344 0.852508 0.199315 -0.00306457 0.0273624 0.158177 0.173747 0.340864
3.29343 -1.8248 3.16906 -0.0587881 -0.517212 -0.029936 0.853311 0.25172 0.154133 -0.174489 0.0104771 0.172957 0.340864
3.33725 -1.81999 3.25262 -0.0688916 -0.517856 0.0106148 0.852623 0.304125 0.154133 -0.174489 0.0104771 0.172957 0.340864
3.38909 -1.80537 3.35114 -0.0788747 -0.517596 0.0511471 0.850445 0.35653 0.154133 -0.174489 0.0104771 0.172957 0.340864
3.44825 -1.77821 3.46378 -0.0887199 -0.516431 0.0915899 0.846781 0.408935 0.154133 -0.174489 0.0104771 0.172957 0.340864
3.51382 -1.73591 3.58943 -0.0984101 -0.514364 0.131873 0.841638 0.46134 0.154133 -0.174489 0.0104771 0.172957 0.340864
3.56119 -1.703 3.67723 -0.0862722 -0.498636 0.125066 0.853392 0.156693 -0.896021 0.075297 0.118919 -0.0151957 0.340864
3.6068 -1.67244 3.75446 -0.0776516 -0.481905 0.154091 0.859066 0.400724 0.717739 -0.0512998 0.121727 0.158358 0.340864
3.65171 -1.63696 3.83328 -0.0834057 -0.503165 0.185584 0.839897 0.172439 -0.671429 -0.107869 -0.152651 0.16997 0.340864
3.68091 -1.61083 3.88924 -0.0745502 -0.504333 0.175268 0.842242 0.229425 0.167606 0.076712 0.005775 -0.0267427 0.340864
3.71883 -1.5795 3.96184 -0.0656804 -0.505405 0.164919 0.844425 0.286411 0.167606 0.076712 0.005775 -0.0267427 0.340864
3.76563 -1.54399 4.05134 -0.056798 -0.506379 0.154538 0.846447 0.343397 0.167606 0.076712 0.005775 -0.0267427 0.340864
3.79617 -1.524 4.10833 -0.0399899 -0.499088 0.126342 0.856358 0.0547423 -0.848984 0.164395 0.0717017 -0.101794 0.340864
3.81022 -1.51539 4.13579 -0.0590274 -0.525239 0.128782 0.83908 0.133681 0.232172 -0.087712 -0.196081 -0.0246117 0.340864
3.83289 -1.4983 4.18735 -0.0779852 -0.550681 0.131048 0.820667 0.212619 0.232172 -0.087712 -0.196081 -0.0246117 0.340864
3.86112 -1.47144 4.26367 -0.0968376 -0.575379 0.133137 0.801147 0.291557 0.232172 -0.087712 -0.196081 -0.0246117 0.340864
3.89181 -1.43345 4.36506 -0.115559 -0.5993 0.135046 0.780543 0.370496 0.232172 -0.087712 -0.196081 -0.0246117 0.340864
3.92186 -1.38295 4.49143 -0.134125 -0.622411 0.136773 0.758886 0.449434 0.232172 -0.087712 -0.196081 -0.0246117 0.340864
3.95763 -1.32686 4.63638 -0.123203 -0.597416 0.115907 0.783888 0.489036 0.116476 0.124801 0.1955 -0.0930204 0.340864
3.99381 -1.284 4.7645 -0.105169 -0.601188 0.0981265 0.786055 0.333755 -0.456707 0.1498 -0.010368 -0.0173611 0.340864
4.0162 -1.26147 4.84557 -0.0870664 -0.604563 0.0802808 0.787704 0.178475 -0.456707 0.1498 -0.010368 -0.0173611 0.340864
4.0311 -1.24864 4.90075 -0.0495247 -0.604133 0.0923698 0.789961 0.166091 -0.0364236 0.131947 0.0339511 0.188285 0.340864
4.04469 -1.23654 4.95349 -0.0843294 -0.613576 0.0798731 0.781046 0.162121 -0.0116763 -0.114817 -0.0981384 -0.174206 0.340864
4.05697 -1.22348 5.0049 -0.119005 -0.622077 0.0672538 0.770932 0.158151 -0.0116763 -0.114817 -0.0981384 -0.174206 0.340864
4.06807 -1.20947 5.05489 -0.153497 -0.629621 0.0545312 0.759633 0.154181 -0.0116763 -0.114817 -0.0981384 -0.174206 0.340864
4.07811 -1.19454 5.10341 -0.187753 -0.636199 0.0417248 0.747167 0.150211 -0.0116763 -0.114817 -0.0981384 -0.174206 0.340864
4.08721 -1.17871 5.15038 -0.221721 -0.6418 0.0288543 0.733553 0.146241 -0.0116763 -0.114817 -0.0981384 -0.174206 0.340864
4.0955 -1.16204 5.19575 -0.255349 -0.646414 0.0159394 0.718813 0.142271 -0.0116763 -0.114817 -0.0981384 -0.174206 0.340864
4.1031 -1.14458 5.23948 -0.288584 -0.650036 0.00300012 0.702968 0.138301 -0.0116763 -0.114817 -0.0981384 -0.174206 0.340864
4.11011 -1.12638 5.28153 -0.321376 -0.652659 -0.0099438 0.686043 0.134331 -0.0116763 -0.114817 -0.0981384 -0.174206 0.340864
4.11664 -1.10753 5.32186 -0.353674 -0.654279 -0.0228725 0.668065 0.130361 -0.0116763 -0.114817 -0.0981384 -0.174206 0.340864
4.1228 -1.0881 5.36045 -0.385429 -0.654894 -0.035766 0.64906 0.126391 -0.0116763 -0.114817 -0.0981384 -0.174206 0.340864
4.1382 -1.04821 5.44508 -0.373297 -0.638189 -0.061493 0.670509 0.431471 0.897293 0.197624 0.0855489 -0.0848736 0.340864
4.1553 -1.01332 5.52742 -0.388371 -0.625195 -0.0888216 0.671126 0.104156 -0.962691 0.0492055 -0.000990474 -0.192722 0.340864
4.17007 -0.986248 5.58988 -0.424128 -0.618092 -0.0914882 0.655521 0.305603 0.59249 -0.163335 -0.0167589 -0.166452 0.340864
4.19369 -0.941185 5.68389 -0.411546 -0.621196 -0.0548818 0.66463 0.323249 0.0518998 -0.0635414 0.105733 0.1996 0.340864
4.21881 -0.889769 5.78121 -0.398309 -0.623312 -0.0181881 0.672682 0.340895 0.0518998 -0.0635414 0.105733 0.1996 0.340864
4.2451 -0.831639 5.88154 -0.384439 -0.624437 0.0185346 0.679663 0.358541 0.0518998 -0.0635414 0.105733 0.1996 0.340864
4.27218 -0.766468 5.98459 -0.369957 -0.624568 0.0552277 0.685563 0.376187 0.0518998 -0.0635414 0.105733 0.1996 0.340864
4.29962 -0.693964 6.09006 -0.354887 -0.623705 0.091833 0.690372 0.393833 0.0518998 -0.0635414 0.105733 0.1996 0.340864
4.32074 -0.638267 6.16576 -0.37281 -0.609754 0.0970544 0.692671 0.172848 -0.649954 -0.0946891 0.0663091 -0.074924 0.340864
4.3376 -0.597933 6.21503 -0.402318 -0.592079 0.113697 0.688953 0.21469 0.123065 -0.198215 0.0783509 -0.0746854 0.340864
4.36093 -0.545552 6.27094 -0.431232 -0.573532 0.130171 0.684219 0.256532 0.123065 -0.198215 0.0783509 -0.0746854 0.340864
4.39169 -0.480347 6.33174 -0.459511 -0.554139 0.146454 0.678477 0.298374 0.123065 -0.198215 0.0783509 -0.0746854 0.340864
4.43082 -0.40175 6.39555 -0.487113 -0.533929 0.162521 0.671735 0.340216 0.123065 -0.198215 0.0783509 -0.0746854 0.340864
4.4792 -0.309417 6.46039 -0.513997 -0.512932 0.178348 0.664003 0.382058 0.123065 -0.198215 0.0783509 -0.0746854 0.340864
4.53765 -0.203226 6.52419 -0.540123 -0.491179 0.193913 0.655292 0.4239 0.123065 -0.198215 0.0783509 -0.0746854 0.340864
4.60692 -0.0832922 6.58485 -0.565453 -0.468703 0.209191 0.645616 0.465742 0.123065 -0.198215 0.0783509 -0.0746854 0.340864
4.67635 0.0310872 6.636 -0.594264 -0.460861 0.197591 0.628821 0.376902 -0.261296 -0.142973 -0.0905827 -0.128934 0.340864
4.73387 0.120787 6.67373 -0.622297 -0.452417 0.185731 0.611204 0.288061 -0.261296 -0.142973 -0.0905827 -0.128934 0.340864
4.78106 0.194443 6.70268 -0.607118 -0.453086 0.209155 0.618365 0.253978 -0.100246 0.0191826 0.118992 0.119252 0.340864
4.82067 0.260312 6.72678 -0.591435 -0.453379 0.232404 0.625012 0.219894 -0.100246 0.0191826 0.118992 0.119252 0.340864
4.8531 0.317917 6.74645 -0.575261 -0.453296 0.255461 0.63114 0.185811 -0.100246 0.0191826 0.118992 0.119252 0.340864
4.87876 0.366803 6.76206 -0.558609 -0.452836 0.278305 0.636743 0.151727 -0.100246 0.0191826 0.118992 0.119252 0.340864
4.89814 0.406543 6.77398 -0.541493 -0.451999 0.300918 0.641818 0.117643 -0.100246 0.0191826 0.118992 0.119252 0.340864
4.91176 0.436735 6.78251 -0.523927 -0.450787 0.323281 0.646359 0.0835598 -0.100246 0.0191826 0.118992 0.119252 0.340864
4.92019 0.457011 6.78793 -0.505926 -0.449201 0.345376 0.650364 0.0494762 -0.100246 0.0191826 0.118992 0.119252 0.340864
4.92401 0.467035 6.79048 -0.487504 -0.447242 0.367183 0.653828 0.0153927 -0.100246 0.0191826 0.118992 0.119252 0.340864
4.94117 0.513388 6.80143 -0.520256 -0.453538 0.349853 0.633435 0.282406 0.785332 -0.125291 -0.198369 -0.0907427 0.340864
4.97689 0.601868 6.82033 -0.543535 -0.434267 0.341022 0.632207 0.289872 0.0219595 -0.106616 -0.00640142 -0.151487 0.340864
5.01815 0.691296 6.83655 -0.566275 -0.414564 0.331852 0.630352 0.297338 0.0219595 -0.106616 -0.00640142 -0.151487 0.340864
5.0651 0.781243 6.84999 -0.588452 -0.394449 0.322354 0.627871 0.304804 0.0219595 -0.106616 -0.00640142 -0.151487 0.340864
5.11788 0.871263 6.86056 -0.610046 -0.373943 0.312535 0.624766 0.312271 0.0219595 -0.106616 -0.00640142 -0.151487 0.340864
5.17661 0.960891 6.86822 -0.631033 -0.353066 0.302405 0.621042 0.319737 0.0219595 -0.106616 -0.00640142 -0.151487 0.340864
5.24135 1.04965 6.87292 -0.651394 -0.331838 0.291976 0.6167 0.327203 0.0219595 -0.106616 -0.00640142 -0.151487 0.340864
5.31218 1.13704 6.87465 -0.671109 -0.310281 0.281256 0.611747 0.334669 0.0219595 -0.106616 -0.00640142 -0.151487 0.340864
5.38911 1.22257 6.87341 -0.690157 -0.288415 0.270258 0.606186 0.342135 0.0219595 -0.106616 -0.00640142 -0.151487 0.340864
5.44888 1.28924 6.86941 -0.679587 -0.291239 0.308222 0.598616 0.185244 -0.461445 -0.0529771 0.14806 0.17685 0.340864
5.47144 1.31751 6.86623 -0.667917 -0.293591 0.345688 0.590077 0.028353 -0.461445 -0.0529771 0.14806 0.17685 0.340864
5.4818 1.3327 6.86473 -0.662142 -0.339132 0.338504 0.57617 0.080194 0.152474 0.0704465 -0.198653 0.192321 0.340864
5.50027 1.36366 6.86374 -0.65481 -0.383876 0.330524 0.560908 0.132035 0.152474 0.0704465 -0.198653 0.192321 0.340864
5.52475 1.41143 6.86511 -0.645937 -0.427716 0.321766 0.544326 0.183876 0.152474 0.0704465 -0.198653 0.192321 0.340864
5.55283 1.47675 6.8705 -0.635544 -0.470551 0.312252 0.526464 0.235717 0.152474 0.0704465 -0.198653 0.192321 0.340864
5.58189 1.5601 6.88135 -0.623657 -0.512278 0.302002 0.507363 0.287558 0.152474 0.0704465 -0.198653 0.192321 0.340864
5.6091 1.66162 6.89884 -0.610303 -0.552801 0.291043 0.487069 0.339399 0.152474 0.0704465 -0.198653 0.192321 0.340864
5.63152 1.78115 6.9239 -0.595512 -0.592023 0.279399 0.465629 0.39124 0.152474 0.0704465 -0.198653 0.192321 0.340864
5.6461 1.91822 6.95714 -0.579321 -0.629852 0.267097 0.443094 0.443081 0.152474 0.0704465 -0.198653 0.192321 0.340864
5.65421 2.03689 6.98432 -0.587953 -0.616346 0.292289 0.434737 0.27471 -0.495209 -0.16556 0.0765404 0.000784956 0.340864
5.65883 2.10057 6.99519 -0.596019 -0.602247 0.3172 0.425962 0.106339 -0.495209 -0.16556 0.0765404 0.000784956 0.340864
5.66424 2.19292 7.00533 -0.588619 -0.595647 0.348295 0.421216 0.441128 0.984672 -0.120596 0.122573 0.089861 0.340864
5.66893 2.34775 7.01985 -0.576725 -0.605809 0.355706 0.416962 0.474097 0.0969685 0.00960148 0.00994353 0.103944 0.340864
5.66904 2.46247 7.02772 -0.583801 -0.605335 0.375349 0.389691 0.202418 -0.799057 -0.1809 -0.0441933 0.0784313 0.340864
5.66944 2.52833 7.02847 -0.603774 -0.583223 0.382339 0.386168 0.185093 -0.0509563 -0.131617 0.0180519 -0.123271 0.340864
5.67231 2.5882 7.02647 -0.623173 -0.560557 0.388966 0.382278 0.167768 -0.0509563 -0.131617 0.0180519 -0.123271 0.340864
5.67713 2.64191 7.02224 -0.641981 -0.537359 0.395224 0.378025 0.150442 -0.0509563 -0.131617 0.0180519 -0.123271 0.340864
5.6834 2.68932 7.0163 -0.66018 -0.513651 0.401107 0.373414 0.133117 -0.0509563 -0.131617 0.0180519 -0.123271 0.340864
5.69448 2.76845 7.00256 -0.668382 -0.521157 0.406235 0.341517 0.343833 0.619752 -0.139694 -0.112326 0.0909041 0.340864
5.70797 2.87461 6.97899 -0.673448 -0.508136 0.426916 0.325591 0.300799 -0.12657 -0.167335 0.0465476 0.0128836 0.340864
5.71889 2.96533 6.95321 -0.677923 -0.494669 0.447223 0.309379 0.257766 -0.12657 -0.167335 0.0465476 0.0128836 0.340864
5.72742 3.04074 6.92693 -0.681804 -0.480769 0.467138 0.292895 0.214732 -0.12657 -0.167335 0.0465476 0.0128836 0.340864
5.73376 3.10113 6.90188 -0.685087 -0.466447 0.486643 0.276155 0.171698 -0.12657 -0.167335 0.0465476 0.0128836 0.340864
5.73815 3.1469 6.87971 -0.687769 -0.451716 0.505722 0.259173 0.128665 -0.12657 -0.167335 0.0465476 0.0128836 0.340864
5.74089 3.17863 6.86203 -0.689849 -0.43659 0.524358 0.241964 0.0856311 -0.12657 -0.167335 0.0465476 0.0128836 0.340864
5.74227 3.19701 6.85039 -0.691324 -0.42108 0.542534 0.224543 0.0425974 -0.12657 -0.167335 0.0465476 0.0128836 0.340864
5.74414 3.21934 6.83492 -0.697119 -0.405949 0.544569 0.229511 0.117574 0.220519 -0.0407827 0.0220771 -0.0890579 0.340864
5.7488 3.26206 6.80438 -0.70271 -0.3907 0.546446 0.234413 0.19255 0.220519 -0.0407827 0.0220771 -0.0890579 0.340864
5.75724 3.32458 6.75815 -0.708097 -0.375336 0.548163 0.239246 0.267527 0.220519 -0.0407827 0.0220771 -0.0890579 0.340864
5.77045 3.40625 6.69563 -0.713278 -0.359863 0.549721 0.244009 0.342503 0.220519 -0.0407827 0.0220771 -0.0890579 0.340864
5.78544 3.48445 6.63013 -0.720718 -0.319057 0.566642 0.240176 0.264097 -0.230607 -0.194599 0.0974245 -0.150331 0.340864
5.79774 3.53851 6.57751 -0.726702 -0.277607 0.582417 0.235858 0.185691 -0.230607 -0.194599 0.0974245 -0.150331 0.340864
5.8063 3.571 6.54075 -0.731217 -0.235595 0.597015 0.231062 0.107284 -0.230607 -0.194599 0.0974245 -0.150331 0.340864
5.81042 3.58479 6.52263 -0.734254 -0.193106 0.610406 0.2258 0.028878 -0.230607 -0.194599 0.0974245 -0.150331 0.340864
5.81665 3.60752 6.49188 -0.724574 -0.228739 0.611134 0.221777 0.199048 0.5005 0.122625 -0.0140022 0.180353 0.340864
5.82917 3.66789 6.41752 -0.713895 -0.264056 0.611019 0.217447 0.369218 0.5005 0.122625 -0.0140022 0.180353 0.340864
5.84816 3.75552 6.31408 -0.727177 -0.250442 0.596821 0.228686 0.436132 0.196806 0.00332859 -0.0724984 -0.136371 0.340864
5.86335 3.81659 6.24028 -0.733424 -0.266187 0.595446 0.191514 0.134439 -0.887332 -0.110137 -0.103782 0.186846 0.340864
5.87346 3.85154 6.19428 -0.75111 -0.24373 0.586996 0.17851 0.210572 0.22392 -0.141481 -0.0934837 -0.0885631 0.340864
5.89157 3.89821 6.12618 -0.768001 -0.221015 0.577925 0.165316 0.286705 0.22392 -0.141481 -0.0934837 -0.0885631 0.340864
5.91983 3.95411 6.03527 -0.78408 -0.198067 0.568243 0.151948 0.362838 0.22392 -0.141481 -0.0934837 -0.0885631 0.340864
5.96027 4.01654 5.92108 -0.79933 -0.174909 0.557959 0.138419 0.438971 0.22392 -0.141481 -0.0934837 -0.0885631 0.340864
6.00138 4.07272 5.81431 -0.806878 -0.199265 0.543723 0.116649 0.310798 -0.376979 -0.0139236 -0.133969 0.166653 0.340864
6.03183 4.11609 5.73019 -0.791806 -0.182235 0.570875 0.118053 0.274088 -0.107971 -0.0693045 0.190448 -0.0490324 0.340864
6.05423 4.15185 5.65418 -0.775739 -0.164976 0.597309 0.119308 0.237378 -0.107971 -0.0693045 0.190448 -0.0490324 0.340864
6.06965 4.18063 5.58727 -0.758697 -0.147509 0.622993 0.120413 0.200667 -0.107971 -0.0693045 0.190448 -0.0490324 0.340864
6.0889 4.21664 5.50318 -0.774239 -0.162741 0.599935 0.118941 0.349254 0.43702 0.0582589 -0.171961 0.0435605 0.340864
6.1251 4.27509 5.37667 -0.789002 -0.177809 0.576272 0.11735 0.497841 0.43702 0.0582589 -0.171961 0.0435605 0.340864
6.17019 4.33983 5.24706 -0.802034 -0.179049 0.553328 0.136057 0.394854 -0.302903 0.106046 -0.131973 -0.0871429 0.340864
6.21075 4.39203 5.15086 -0.814225 -0.180101 0.529805 0.154621 0.291867 -0.302903 0.106046 -0.131973 -0.0871429 0.340864
6.24317 4.43004 5.0862 -0.825563 -0.180965 0.505727 0.173024 0.188879 -0.302903 0.106046 -0.131973 -0.0871429 0.340864
6.26392 4.45247 5.05087 -0.836037 -0.181639 0.481119 0.191245 0.0858923 -0.302903 0.106046 -0.131973 -0.0871429 0.340864
6.29323 4.48623 5.00201 -0.814524 -0.186734 0.503687 0.219047 0.303754 0.640769 0.151277 0.195902 -0.00525249 0.340864
6.33692 4.53773 4.92507 -0.822552 -0.171334 0.505329 0.196713 0.298506 -0.0154353 -0.164809 -0.0206091 -0.0143157 0.340864
6.38062 4.58381 4.84707 -0.829919 -0.155796 0.506566 0.17422 0.293258 -0.0154353 -0.164809 -0.0206091 -0.0143157 0.340864
6.4243 4.62451 4.76834 -0.83662 -0.140134 0.507396 0.151588 0.28801 -0.0154353 -0.164809 -0.0206091 -0.0143157 0.340864
6.47446 4.66814 4.67728 -0.829246 -0.117672 0.513926 0.185431 0.375231 0.256533 0.10073 0.102106 -0.199707 0.340864
6.53756 4.7229 4.56195 -0.820423 -0.0950045 0.519559 0.218949 0.462452 0.256533 0.10073 0.102106 -0.199707 0.340864
6.61306 4.78401 4.43162 -0.836426 -0.0963382 0.497616 0.208539 0.493832 0.0922937 -0.0545195 -0.162368 0.0010469 0.340864
6.69471 4.84464 4.30081 -0.839686 -0.092518 0.491674 0.211244 0.480791 -0.038357 0.00149291 -0.03256 -0.0358493 0.340864
6.77629 4.90273 4.17443 -0.84289 -0.0886916 0.485699 0.213934 0.46775 -0.038357 0.00149291 -0.03256 -0.0358493 0.340864
6.85766 4.95831 4.05244 -0.846036 -0.0848592 0.47969 0.21661 0.454708 -0.038357 0.00149291 -0.03256 -0.0358493 0.340864
6.93869 5.01139 3.93482 -0.849124 -0.081021 0.47365 0.219271 0.441667 -0.038357 0.00149291 -0.03256 -0.0358493 0.340864
7.01925 5.06202 3.82152 -0.852155 -0.0771774 0.467577 0.221917 0.428625 -0.038357 0.00149291 -0.03256 -0.0358493 0.340864
7.07507 5.09358 3.74581 -0.865627 -0.0619906 0.45487 0.19985 0.15508 -0.804545 -0.164231 -0.0909566 -0.0381424 0.340864
7.1235 5.11495 3.68443 -0.879352 -0.0481329 0.43771 0.181202 0.321789 0.490321 -0.141935 -0.114631 -0.0458514 0.340864
7.21024 5.14509 3.58177 -0.892177 -0.034226 0.420102 0.162369 0.488498 0.490321 -0.141935 -0.114631 -0.0458514 0.340864
7.28197 5.16711 3.50028 -0.895147 -0.039549 0.415592 0.156308 0.163141 -0.956933 -0.0205834 -0.0373137 0.0380085 0.340864
7.34953 5.18531 3.42719 -0.899742 -0.0139955 0.400204 0.173507 0.432098 0.791049 0.0274573 -0.0647782 -0.191857 0.340864
7.43832 5.20448 3.33143 -0.892182 0.0174337 0.408927 0.191012 0.344376 -0.258006 0.0256612 0.097508 -0.198073 0.340864
7.50544 5.21542 3.25518 -0.883349 0.0488381 0.417066 0.208244 0.256653 -0.258006 0.0256612 0.097508 -0.198073 0.340864
7.53703 5.21925 3.21928 -0.890658 0.0578461 0.397348 0.213298 0.0255574 -0.679694 -0.0104597 -0.110818 -0.0812662 0.340864
7.54764 5.22023 3.20857 -0.904922 0.0480122 0.3704 0.203997 0.0633488 0.111151 -0.0528229 -0.183734 0.0443121 0.340864
7.56843 5.22201 3.18995 -0.918179 0.0381248 0.343039 0.194468 0.10114 0.111151 -0.0528229 -0.183734 0.0443121 0.340864
7.60034 5.22461 3.16465 -0.930414 0.028195 0.315297 0.184723 0.138932 0.111151 -0.0528229 -0.183734 0.0443121 0.340864
7.64423 5.22809 3.13399 -0.941614 0.0182338 0.287204 0.174773 0.176723 0.111151 -0.0528229 -0.183734 0.0443121 0.340864
7.70082 5.2326 3.09937 -0.951765 0.00825239 0.258791 0.164628 0.214514 0.111151 -0.0528229 -0.183734 0.0443121 0.340864
7.77071 5.2383 3.06224 -0.960858 -0.00173826 0.23009 0.1543 0.252306 0.111151 -0.0528229 -0.183734 0.0443121 0.340864
7.84959 5.24408 3.02302 -0.965255 -0.000252847 0.23132 0.121548 0.266984 0.0431712 -0.191164 0.00201146 0.0370104 0.340864
7.93284 5.24853 2.98119 -0.968595 0.00123284 0.232296 0.0886632 0.281662 0.0431712 -0.191164 0.00201146 0.0370104 0.340864
8.02046 5.25145 2.93682 -0.970873 0.00271718 0.233017 0.0556813 0.29634 0.0431712 -0.191164 0.00201146 0.0370104 0.340864
8.11247 5.25263 2.88999 -0.972088 0.00419854 0.233484 0.0226384 0.311019 0.0431712 -0.191164 0.00201146 0.0370104 0.340864
8.20889 5.25189 2.84082 -0.972238 0.0056753 0.233694 -0.0104293 0.325697 0.0431712 -0.191164 0.00201146 0.0370104 0.340864
8.30975 5.24905 2.78942 -0.971322 0.00714584 0.233648 -0.0434856 0.340375 0.0431712 -0.191164 0.00201146 0.0370104 0.340864
8.41506 5.24392 2.73595 -0.969342 0.00860855 0.233347 -0.0764942 0.355053 0.0431712 -0.191164 0.00201146 0.0370104 0.340864
8.52486 5.23635 2.68057 -0.9663 0.0100618 0.232789 -0.109419 0.369731 0.0431712 -0.191164 0.00201146 0.0370104 0.340864
8.63919 5.22617 2.62346 -0.962199 0.0115041 0.231977 -0.142224 0.38441 0.0431712 -0.191164 0.00201146 0.0370104 0.340864
8.7325 5.21737 2.58065 -0.968835 0.0121373 0.198922 -0.14711 0.221837 -0.478153 -0.0252085 -0.196381 0.031192 0.340864
8.8206 5.21003 2.54322 -0.96904 0.00797415 0.205873 -0.136067 0.342864 0.355959 0.0684806 0.0421846 0.00480487 0.340864
8.94569 5.20101 2.48774 -0.969063 0.0038095 0.212784 -0.124999 0.46389 0.355959 0.0684806 0.0421846 0.00480487 0.340864
9.05725 5.19687 2.43794 -0.971391 -0.0242906 0.203907 -0.119298 0.255242 -0.61367 0.0691927 -0.0329895 0.159649 0.340864
9.1457 5.19534 2.39562 -0.965228 -0.0125263 0.236113 -0.111485 0.321705 0.195481 0.0216089 0.184323 -0.0983341 0.340864
9.25094 5.1903 2.33684 -0.957834 -0.00074609 0.268019 -0.10353 0.388168 0.195481 0.0216089 0.184323 -0.0983341 0.340864
9.37103 5.18076 2.25933 -0.94922 0.0110351 0.299583 -0.0954437 0.454632 0.195481 0.0216089 0.184323 -0.0983341 0.340864
9.45136 5.17466 2.20189 -0.945199 -0.00632445 0.316995 -0.077926 0.127418 -0.962394 0.127297 0.112938 0.0560309 0.340864
9.52407 5.17116 2.14425 -0.93904 -0.00291981 0.337795 -0.0639467 0.418836 0.857111 0.0677875 0.126104 -0.0543081 0.340864
9.63521 5.16465 2.05468 -0.943589 0.0151571 0.328597 -0.0378612 0.4217 0.00842595 0.11006 -0.0662104 -0.148331 0.340864
9.74872 5.15575 1.96675 -0.947088 0.0332171 0.319033 -0.0117336 0.424565 0.00842595 0.11006 -0.0662104 -0.148331 0.340864
9.86446 5.14426 1.88043 -0.949534 0.0512402 0.309115 0.014407 0.42743 0.00842595 0.11006 -0.0662104 -0.148331 0.340864
9.98225 5.13 1.79569 -0.950923 0.0692063 0.298853 0.0405316 0.430295 0.00842595 0.11006 -0.0662104 -0.148331 0.340864
10.1019 5.11278 1.71247 -0.951254 0.0870954 0.288258 0.0666112 0.43316 0.00842595 0.11006 -0.0662104 -0.148331 0.340864
10.1965 5.10132 1.65121 -0.958952 0.0596535 0.263672 0.0856101 0.233391 -0.587555 0.137271 -0.171159 0.115684 0.340864
10.264 5.09403 1.61068 -0.957744 0.085862 0.257357 0.0955082 0.231795 -0.00469378 0.0135786 -0.0240261 -0.166819 0.340864
10.3309 5.08317 1.57092 -0.955744 0.112 0.25083 0.105327 0.230199 -0.00469378 0.0135786 -0.0240261 -0.166819 0.340864
10.3969 5.06881 1.53192 -0.952955 0.138045 0.244095 0.115059 0.228603 -0.00469378 0.0135786 -0.0240261 -0.166819 0.340864
10.4618 5.05103 1.49365 -0.949378 0.163976 0.237158 0.124697 0.227007 -0.00469378 0.0135786 -0.0240261 -0.166819 0.340864
10.5255 5.02991 1.45609 -0.945017 0.189771 0.230026 0.134231 0.225411 -0.00469378 0.0135786 -0.0240261 -0.166819 0.340864
10.5878 5.00555 1.41919 -0.939875 0.21541 0.222704 0.143654 0.223816 -0.00469378 0.0135786 -0.0240261 -0.166819 0.340864
10.6484 4.97806 1.38295 -0.933957 0.240871 0.215197 0.152958 0.22222 -0.00469378 0.0135786 -0.0240261 -0.166819 0.340864
10.6962 4.95483 1.35594 -0.94422 0.234943 0.194267 0.124539 0.128557 -0.275478 -0.187562 -0.0930644 0.0642655 0.340864
10.7191 4.94375 1.3447 -0.953175 0.22869 0.173068 0.0959468 0.0348949 -0.275478 -0.187562 -0.0930644 0.0642655 0.340864
10.7253 4.94067 1.34189 -0.950298 0.24102 0.186264 0.0644156 0.00878065 -0.0768067 -0.170008 0.126317 -0.0334626 0.340864
10.7438 4.92987 1.33345 -0.94511 0.271075 0.167177 0.0730547 0.126715 0.346866 -0.00973381 -0.101892 -0.192102 0.340864
10.7934 4.89722 1.31202 -0.938629 0.300758 0.147862 0.0815938 0.24465 0.346866 -0.00973381 -0.101892 -0.192102 0.340864
10.872 4.83862 1.27986 -0.930862 0.33003 0.128345 0.0900212 0.362584 0.346866 -0.00973381 -0.101892 -0.192102 0.340864
10.9771 4.75017 1.23917 -0.921821 0.35885 0.108651 0.0983254 0.480518 0.346866 -0.00973381 -0.101892 -0.192102 0.340864
11.0689 4.67059 1.20493 -0.930286 0.340026 0.126902 0.053339 0.261629 -0.643793 -0.198369 0.177712 0.159321 0.340864
11.1073 4.63899 1.19077 -0.936163 0.320257 0.144801 0.00820425 0.0427389 -0.643793 -0.198369 0.177712 0.159321 0.340864
11.1565 4.59858 1.17336 -0.932928 0.330547 0.142125 -0.0135519 0.345619 0.890825 -0.13347 0.0295063 -0.0443639 0.340864
11.2467 4.52453 1.14479 -0.937931 0.327098 0.115176 0.00514418 0.361019 0.0452937 0.0534934 -0.188188 0.0151798 0.340864
11.3429 4.44824 1.11967 -0.941891 0.323284 0.0880983 0.0238345 0.376419 0.0452937 0.0534934 -0.188188 0.0151798 0.340864
11.4451 4.36972 1.09855 -0.944802 0.31911 0.0609229 0.0424984 0.391819 0.0452937 0.0534934 -0.188188 0.0151798 0.340864
11.553 4.28895 1.08195 -0.946662 0.314582 0.0336796 0.0611149 0.407219 0.0452937 0.0534934 -0.188188 0.0151798 0.340864
11.6665 4.20592 1.07041 -0.947468 0.309703 0.00639895 0.0796635 0.422619 0.0452937 0.0534934 -0.188188 0.0151798 0.340864
11.7852 4.12058 1.06445 -0.947221 0.30448 -0.0208889 0.0981234 0.438018 0.0452937 0.0534934 -0.188188 0.0151798 0.340864
11.9087 4.03287 1.06457 -0.945919 0.298918 -0.0481534 0.116474 0.453418 0.0452937 0.0534934 -0.188188 0.0151798 0.340864
12.0368 3.94273 1.07123 -0.943565 0.293024 -0.0753644 0.134695 0.468818 0.0452937 0.0534934 -0.188188 0.0151798 0.340864
12.1558 3.86448 1.07787 -0.951041 0.265706 -0.0562788 0.147492 0.369748 -0.291382 0.0859085 0.0655604 0.185344 0.340864
12.2502 3.81043 1.07924 -0.957252 0.238036 -0.0371182 0.160092 0.270678 -0.291382 0.0859085 0.0655604 0.185344 0.340864
12.3177 3.77725 1.0777 -0.96219 0.210048 -0.0179083 0.17248 0.171608 -0.291382 0.0859085 0.0655604 0.185344 0.340864
12.3559 3.76128 1.07555 -0.965848 0.181782 0.00132544 0.184638 0.0725384 -0.291382 0.0859085 0.0655604 0.185344 0.340864
12.3854 3.74936 1.07379 -0.963001 0.202155 -0.0149564 0.177589 0.114689 0.123972 -0.0545284 -0.0628262 -0.136438 0.340864
12.4273 3.7301 1.07246 -0.959444 0.222378 -0.0312272 0.17041 0.156839 0.123972 -0.0545284 -0.0628262 -0.136438 0.340864
12.481 3.70234 1.07236 -0.955179 0.242438 -0.0474749 0.163105 0.198989 0.123972 -0.0545284 -0.0628262 -0.136438 0.340864
12.5458 3.66499 1.0743 -0.950209 0.262319 -0.0636877 0.15568 0.24114 0.123972 -0.0545284 -0.0628262 -0.136438 0.340864
12.6208 3.61702 1.07909 -0.944537 0.282006 -0.0798534 0.148139 0.28329 0.123972 -0.0545284 -0.0628262 -0.136438 0.340864
12.705 3.55751 1.08754 -0.938169 0.301485 -0.0959602 0.14049 0.325441 0.123972 -0.0545284 -0.0628262 -0.136438 0.340864
12.7974 3.4856 1.10046 -0.931108 0.320742 -0.111996 0.132736 0.367591 0.123972 -0.0545284 -0.0628262 -0.136438 0.340864
12.8969 3.40054 1.11865 -0.92336 0.339762 -0.127949 0.124885 0.409741 0.123972 -0.0545284 -0.0628262 -0.136438 0.340864
12.992 3.31275 1.13834 -0.922493 0.359286 -0.113686 0.0836389 0.360472 -0.144911 -0.18026 0.173662 -0.128392 0.340864
13.0726 3.23367 1.15544 -0.919517 0.377988 -0.0991628 0.0422014 0.311202 -0.144911 -0.18026 0.173662 -0.128392 0.340864
13.1392 3.16415 1.17024 -0.914437 0.395826 -0.0844128 0.000667509 0.261933 -0.144911 -0.18026 0.173662 -0.128392 0.340864
13.1926 3.10497 1.18287 -0.907267 0.412759 -0.0694697 -0.040868 0.212663 -0.144911 -0.18026 0.173662 -0.128392 0.340864
13.2334 3.0569 1.19333 -0.898023 0.428748 -0.0543678 -0.08231 0.163393 -0.144911 -0.18026 0.173662 -0.128392 0.340864
13.2625 3.02063 1.2015 -0.886724 0.443756 -0.0391416 -0.123564 0.114124 -0.144911 -0.18026 0.173662 -0.128392 0.340864
13.2805 2.99678 1.20712 -0.873399 0.45775 -0.0238258 -0.164535 0.0648543 -0.144911 -0.18026 0.173662 -0.128392 0.340864
13.2883 2.98588 1.20983 -0.858076 0.470697 -0.00845561 -0.20513 0.0155847 -0.144911 -0.18026 0.173662 -0.128392 0.340864
13.2935 2.97765 1.21201 -0.844043 0.503164 -0.0234708 -0.184028 0.0430654 0.0808254 0.0496357 -0.174146 -0.18362 0.340864
13.3023 2.96106 1.21649 -0.828388 0.534664 -0.0384409 -0.162573 0.070546 0.0808254 0.0496357 -0.174146 -0.18362 0.340864
13.3134 2.93559 1.22343 -0.811142 0.565136 -0.0533371 -0.140805 0.0980267 0.0808254 0.0496357 -0.174146 -0.18362 0.340864
13.3255 2.90083 1.23285 -0.792336 0.594522 -0.0681309 -0.118766 0.125507 0.0808254 0.0496357 -0.174146 -0.18362 0.340864
13.3372 2.8565 1.24464 -0.772008 0.622765 -0.0827936 -0.0964995 0.152988 0.0808254 0.0496357 -0.174146 -0.18362 0.340864
13.347 2.80244 1.25855 -0.750196 0.649812 -0.0972973 -0.0740473 0.180469 0.0808254 0.0496357 -0.174146 -0.18362 0.340864
13.3535 2.73864 1.27422 -0.726943 0.67561 -0.111614 -0.0514528 0.207949 0.0808254 0.0496357 -0.174146 -0.18362 0.340864
13.3553 2.66523 1.29114 -0.702293 0.70011 -0.125716 -0.0287594 0.23543 0.0808254 0.0496357 -0.174146 -0.18362 0.340864
13.3547 2.6102 1.30381 -0.702984 0.695616 -0.146724 -0.0200922 0.0967533 -0.407872 -0.0539224 -0.121221 0.0313762 0.340864
13.3532 2.54109 1.32106 -0.696772 0.702609 -0.139289 -0.0380506 0.322328 0.663456 -0.0385384 0.0980498 -0.0707208 0.340864
13.3522 2.45329 1.34608 -0.707236 0.684477 -0.170973 -0.04558 0.214852 -0.316106 -0.17437 -0.0861334 0.118517 0.340864
13.3531 2.40159 1.36412 -0.716639 0.665319 -0.202401 -0.0530411 0.107376 -0.316106 -0.17437 -0.0861334 0.118517 0.340864
13.3554 2.34354 1.38901 -0.716089 0.658398 -0.21686 -0.0818564 0.264415 0.461878 -0.186504 0.0533346 -0.00277324 0.340864
13.3604 2.23948 1.44131 -0.714761 0.650761 -0.231083 -0.110583 0.421453 0.461878 -0.186504 0.0533346 -0.00277324 0.340864
13.3652 2.11586 1.50436 -0.707741 0.666538 -0.211625 -0.100222 0.395385 -0.0766708 0.134942 0.0223502 -0.0917915 0.340864
13.3664 1.99746 1.55798 -0.700167 0.681792 -0.192001 -0.0897836 0.369317 -0.0766708 0.134942 0.0223502 -0.0917915 0.340864
13.3644 1.88497 1.60285 -0.692043 0.696512 -0.172227 -0.0792745 0.343249 -0.0766708 0.134942 0.0223502 -0.0917915 0.340864
13.3596 1.77902 1.63963 -0.683377 0.710686 -0.152317 -0.0687032 0.317181 -0.0766708 0.134942 0.0223502 -0.0917915 0.340864
13.3524 1.68016 1.66905 -0.674175 0.724303 -0.132288 -0.058078 0.291113 -0.0766708 0.134942 0.0223502 -0.0917915 0.340864
13.3431 1.58888 1.69185 -0.664445 0.737351 -0.112156 -0.0474072 0.265045 -0.0766708 0.134942 0.0223502 -0.0917915 0.340864
13.336 1.49999 1.71049 -0.689279 0.717824 -0.0827864 -0.0526262 0.270985 0.0174719 0.101062 0.159307 0.17246 0.340864
13.335 1.40828 1.72663 -0.712813 0.696941 -0.0532607 -0.0577457 0.276926 0.0174719 0.101062 0.159307 0.17246 0.340864
13.3403 1.3142 1.73978 -0.735 0.674743 -0.0236344 -0.0627563 0.282866 0.0174719 0.101062 0.159307 0.17246 0.340864
13.352 1.21823 1.74944 -0.7558 0.651271 0.00603647 -0.0676484 0.288807 0.0174719 0.101062 0.159307 0.17246 0.340864
13.3701 1.12088 1.75513 -0.775173 0.626569 0.0356959 -0.0724127 0.294747 0.0174719 0.101062 0.159307 0.17246 0.340864
13.3945 1.02268 1.75638 -0.793083 0.600685 0.065288 -0.0770404 0.300688 0.0174719 0.101062 0.159307 0.17246 0.340864
13.4252 0.9242 1.75274 -0.809495 0.573666 0.0947569 -0.0815226 0.306628 0.0174719 0.101062 0.159307 0.17246 0.340864
13.462 0.826004 1.74376 -0.824379 0.545564 0.124047 -0.0858509 0.312569 0.0174719 0.101062 0.159307 0.17246 0.340864
13.5046 0.728683 1.72905 -0.837707 0.516433 0.153103 -0.0900172 0.318509 0.0174719 0.101062 0.159307 0.17246 0.340864
13.5528 0.632834 1.70822 -0.849454 0.486326 0.181869 -0.0940135 0.32445 0.0174719 0.101062 0.159307 0.17246 0.340864
13.5995 0.541273 1.68638 -0.840668 0.507009 0.169645 -0.0862539 0.29389 -0.0898806 -0.0231866 -0.0853302 -0.130038 0.340864
13.6385 0.456823 1.66854 -0.831281 0.52733 0.157299 -0.0784327 0.263331 -0.0898806 -0.0231866 -0.0853302 -0.130038 0.340864
13.6703 0.380046 1.65421 -0.821301 0.547273 0.144841 -0.0705555 0.232771 -0.0898806 -0.0231866 -0.0853302 -0.130038 0.340864
13.6945 0.322595 1.64254 -0.834734 0.515838 0.175762 -0.0789759 0.14032 -0.271915 0.0912557 0.178161 0.189527 0.340864
13.7081 0.294611 1.63505 -0.846335 0.48327 0.206298 -0.0872229 0.0478692 -0.271915 0.0912557 0.178161 0.189527 0.340864
13.7203 0.273234 1.62761 -0.862566 0.451764 0.216098 -0.072047 0.103633 0.164012 0.150012 0.00211635 0.179595 0.340864
13.7438 0.238139 1.61287 -0.877432 0.419543 0.225556 -0.0567572 0.159398 0.164012 0.150012 0.00211635 0.179595 0.340864
13.7801 0.19139 1.58942 -0.890909 0.386658 0.234657 -0.0413775 0.215162 0.164012 0.150012 0.00211635 0.179595 0.340864
13.8307 0.13531 1.55598 -0.902977 0.353161 0.243387 -0.0259324 0.270926 0.164012 0.150012 0.00211635 0.179595 0.340864
13.8969 0.0724497 1.51148 -0.913616 0.319105 0.251731 -0.0104462 0.32669 0.164012 0.150012 0.00211635 0.179595 0.340864
13.9798 0.00555778 1.45502 -0.922809 0.284545 0.259678 0.00505652 0.382454 0.164012 0.150012 0.00211635 0.179595 0.340864
14.08 -0.0624489 1.3859 -0.930542 0.249534 0.267213 0.0205512 0.438219 0.164012 0.150012 0.00211635 0.179595 0.340864
14.1982 -0.128522 1.30365 -0.936802 0.214128 0.274326 0.0360134 0.493983 0.164012 0.150012 0.00211635 0.179595 0.340864
14.2831 -0.169036 1.24462 -0.941194 0.190131 0.277618 0.0305474 0.159468 -0.983866 0.0118215 0.0128594 0.147306 0.340864
14.3262 -0.185851 1.21552 -0.947941 0.159426 0.270823 0.0514372 0.16201 0.0074767 0.157024 -0.0775381 0.142243 0.340864
14.3715 -0.199208 1.18633 -0.953294 0.128486 0.26363 0.0722512 0.164553 0.0074767 0.157024 -0.0775381 0.142243 0.340864
14.4188 -0.208949 1.15729 -0.957246 0.0973574 0.256049 0.092959 0.167095 0.0074767 0.157024 -0.0775381 0.142243 0.340864
14.468 -0.214935 1.12866 -0.959789 0.0660857 0.248092 0.11353 0.169637 0.0074767 0.157024 -0.0775381 0.142243 0.340864
14.5189 -0.21705 1.10071 -0.96092 0.0347167 0.239769 0.133934 0.172179 0.0074767 0.157024 -0.0775381 0.142243 0.340864
14.5562 -0.218434 1.08146 -0.965068 0.0661499 0.220543 0.125016 0.0749699 -0.285908 -0.101961 -0.0879617 -0.179441 0.340864
14.5807 -0.219823 1.06959 -0.969951 0.0387508 0.216367 0.104298 0.0855894 0.0312336 -0.0873039 -0.0421358 0.181285 0.340864
14.6088 -0.22007 1.05658 -0.97365 0.0113044 0.211927 0.0834522 0.0962088 0.0312336 -0.0873039 -0.0421358 0.181285 0.340864
14.6403 -0.218836 1.04249 -0.97616 -0.0161558 0.207229 0.0625046 0.106828 0.0312336 -0.0873039 -0.0421358 0.181285 0.340864
14.6751 -0.215784 1.02735 -0.977478 -0.0435962 0.202277 0.0414806 0.117448 0.0312336 -0.0873039 -0.0421358 0.181285 0.340864
14.7103 -0.210866 1.01098 -0.969753 -0.0686606 0.23166 0.0346318 0.112852 -0.013516 -0.0152108 0.170315 0.16146 0.340864
14.7429 -0.204409 0.993312 -0.960477 -0.0936152 0.260673 0.0277277 0.108257 -0.013516 -0.0152108 0.170315 0.16146 0.340864
14.7726 -0.196639 0.974577 -0.949667 -0.11842 0.289269 0.0207792 0.103661 -0.013516 -0.0152108 0.170315 0.16146 0.340864
14.7996 -0.187782 0.955008 -0.937339 -0.143036 0.317404 0.0137976 0.099066 -0.013516 -0.0152108 0.170315 0.16146 0.340864
14.8237 -0.178059 0.934836 -0.923514 -0.167423 0.34503 0.00679388 0.0944705 -0.013516 -0.0152108 0.170315 0.16146 0.340864
14.8379 -0.172101 0.922598 -0.934605 -0.158577 0.317909 -0.0173632 0.0213706 -0.215 -0.122951 -0.19333 -0.0110387 0.340864
14.8406 -0.171081 0.920337 -0.929308 -0.154066 0.332474 -0.0459392 0.000399978 -0.0616783 -0.179696 0.0628738 0.0320987 0.340864
