7.91679 3.62383 3.84131 -0.923378 0.101059 0.210295 0.304854 0.405702 0 0 0 0 0
8.04154 3.61688 3.77465 -0.92529 0.0936638 0.236835 0.281023 0.427449 0.0639633 -0.107973 0.142729 0.118406 0.340864
8.15663 3.61279 3.70527 -0.909708 0.0993137 0.26467 0.304167 0.363508 -0.188061 0.159236 0.16984 -0.0255748 0.340864
8.24957 3.61182 3.64153 -0.892684 0.104806 0.292085 0.326829 0.299568 -0.188061 0.159236 0.16984 -0.0255748 0.340864
8.34486 3.61118 3.57408 -0.903251 0.103157 0.278029 0.310154 0.387216 0.25779 -0.113721 -0.0848601 0.0168055 0.340864
8.45116 3.61251 3.49927 -0.904358 0.0782692 0.297673 0.295637 0.377513 -0.0285398 -0.02653 0.0659763 0.192524 0.340864
8.55281 3.61986 3.42402 -0.904364 0.0532862 0.316954 0.280761 0.367809 -0.0285398 -0.02653 0.0659763 0.192524 0.340864
8.64949 3.63276 3.34845 -0.903269 0.0282382 0.335849 0.265543 0.358106 -0.0285398 -0.02653 0.0659763 0.192524 0.340864
8.74091 3.65071 3.27267 -0.901074 0.00315598 0.354336 0.250002 0.348402 -0.0285398 -0.02653 0.0659763 0.192524 0.340864
8.82684 3.67322 3.19684 -0.897783 -0.0219301 0.372391 0.234157 0.338699 -0.0285398 -0.02653 0.0659763 0.192524 0.340864
8.90707 3.69978 3.12109 -0.893399 -0.0469896 0.389993 0.218026 0.328995 -0.0285398 -0.02653 0.0659763 0.192524 0.340864
8.98147 3.72988 3.04558 -0.887928 -0.0719918 0.40712 0.201631 0.319292 -0.0285398 -0.02653 0.0659763 0.192524 0.340864
9.04994 3.76301 2.97047 -0.881375 -0.0969064 0.423752 0.184989 0.309588 -0.0285398 -0.02653 0.0659763 0.192524 0.340864
9.11243 3.79868 2.89593 -0.87375 -0.121703 0.439868 0.168123 0.299884 -0.0285398 -0.02653 0.0659763 0.192524 0.340864
9.17188 3.83238 2.8257 -0.883828 -0.0973754 0.419004 0.183854 0.276615 -0.0684391 0.0228821 -0.0980075 -0.193632 0.340864
9.23057 3.86013 2.76326 -0.892689 -0.0729138 0.397564 0.199332 0.253346 -0.0684391 0.0228821 -0.0980075 -0.193632 0.340864
9.28754 3.88223 2.70833 -0.900321 -0.0483519 0.375577 0.214536 0.230077 -0.0684391 0.0228821 -0.0980075 -0.193632 0.340864
9.34787 3.90258 2.65075 -0.900798 -0.0446582 0.389326 0.187065 0.274921 0.131896 -0.158184 0.0686184 0.0583533 0.340864
9.41686 3.92421 2.58009 -0.900413 -0.0409218 0.402702 0.159415 0.319766 0.131896 -0.158184 0.0686184 0.0583533 0.340864
9.49385 3.9462 2.4957 -0.899165 -0.0371461 0.415692 0.131613 0.36461 0.131896 -0.158184 0.0686184 0.0583533 0.340864
9.57821 3.96756 2.397 -0.897057 -0.0333349 0.428285 0.103684 0.409455 0.131896 -0.158184 0.0686184 0.0583533 0.340864
9.66931 3.98722 2.28354 -0.894089 -0.0294918 0.440467 0.075656 0.454299 0.131896 -0.158184 0.0686184 0.0583533 0.340864
9.76045 4.00289 2.17426 -0.906588 -0.00924016 0.410045 0.0993742 0.388038 -0.194886 0.0720103 -0.179317 -0.183734 0.340864
9.84345 4.0133 2.08732 -0.917225 0.0110305 0.378781 0.122888 0.321777 -0.194886 0.0720103 -0.179317 -0.183734 0.340864
9.91555 4.0191 2.02103 -0.925977 0.0312785 0.346739 0.14615 0.255515 -0.194886 0.0720103 -0.179317 -0.183734 0.340864
9.9743 4.02121 1.9735 -0.932827 0.0514622 0.313985 0.169111 0.189254 -0.194886 0.0720103 -0.179317 -0.183734 0.340864
10.0175 4.02086 1.9427 -0.937761 0.0715403 0.280585 0.191725 0.122993 -0.194886 0.0720103 -0.179317 -0.183734 0.340864
10.0533 4.01869 1.91975 -0.94729 0.0847021 0.26176 0.164163 0.127434 0.0130631 -0.192477 -0.0931496 -0.0443434 0.340864
10.091 4.01438 1.8974 -0.955513 0.0977473 0.242574 0.136374 0.131876 0.0130631 -0.192477 -0.0931496 -0.0443434 0.340864
10.1307 4.00786 1.87588 -0.96242 0.110658 0.223054 0.108398 0.136317 0.0130631 -0.192477 -0.0931496 -0.0443434 0.340864
10.1722 3.99911 1.85546 -0.968 0.123416 0.203227 0.080272 0.140759 0.0130631 -0.192477 -0.0931496 -0.0443434 0.340864
10.2156 3.98812 1.83641 -0.972246 0.136003 0.183119 0.0520356 0.1452 0.0130631 -0.192477 -0.0931496 -0.0443434 0.340864
10.2607 3.97489 1.819 -0.975153 0.148404 0.162759 0.0237274 0.149642 0.0130631 -0.192477 -0.0931496 -0.0443434 0.340864
10.3074 3.95946 1.80348 -0.976715 0.1606 0.142175 -0.00461347 0.154083 0.0130631 -0.192477 -0.0931496 -0.0443434 0.340864
10.3607 3.93939 1.78799 -0.973981 0.185401 0.130017 -0.00909212 0.192929 0.114254 -0.0580412 -0.0640164 -0.14102 0.340864
10.425 3.91138 1.77095 -0.970477 0.210056 0.117756 -0.0135636 0.231776 0.114254 -0.0580412 -0.0640164 -0.14102 0.340864
10.4998 3.87425 1.75312 -0.966206 0.234545 0.105402 -0.0180243 0.270622 0.114254 -0.0580412 -0.0640164 -0.14102 0.340864
10.5844 3.82691 1.73528 -0.961171 0.258849 0.0929651 -0.0224708 0.309469 0.114254 -0.0580412 -0.0640164 -0.14102 0.340864
10.6781 3.76833 1.71823 -0.955376 0.282948 0.0804545 -0.0268995 0.348315 0.114254 -0.0580412 -0.0640164 -0.14102 0.340864
10.7478 3.7198 1.70599 -0.946056 0.309973 0.0886563 -0.032158 0.156208 -0.56502 -0.0301701 0.0549883 -0.166226 0.340864
10.7918 3.68532 1.69747 -0.938148 0.329097 0.0975474 -0.0453715 0.176428 0.059468 -0.0687991 0.0740876 -0.115651 0.340864
10.8393 3.64453 1.68762 -0.929599 0.347997 0.106372 -0.058554 0.196647 0.059468 -0.0687991 0.0740876 -0.115651 0.340864
10.8899 3.59702 1.67649 -0.920417 0.366659 0.115124 -0.0716967 0.216866 0.059468 -0.0687991 0.0740876 -0.115651 0.340864
10.9228 3.56318 1.66888 -0.907939 0.390547 0.124747 -0.0869382 0.0643242 -0.448652 -0.0832188 0.0833658 -0.150007 0.340864
10.9612 3.52199 1.65921 -0.913503 0.381718 0.124079 -0.0664009 0.271939 0.610631 0.117485 -0.0503235 0.0452113 0.340864
11.0488 3.43202 1.63557 -0.918581 0.372686 0.123344 -0.0458283 0.479553 0.610631 0.117485 -0.0503235 0.0452113 0.340864
11.1508 3.32849 1.60579 -0.915285 0.373319 0.138906 -0.0599286 0.393093 -0.254295 -0.0434254 0.117226 -0.00460826 0.340864
11.2314 3.24497 1.57991 -0.911575 0.373782 0.154404 -0.0740017 0.306632 -0.254295 -0.0434254 0.117226 -0.00460826 0.340864
11.2913 3.18171 1.55897 -0.907453 0.374077 0.169833 -0.0880414 0.220172 -0.254295 -0.0434254 0.117226 -0.00460826 0.340864
11.3399 3.12739 1.54237 -0.898636 0.394433 0.159094 -0.107538 0.219779 -0.00115338 -0.15263 -0.0161574 -0.103038 0.340864
11.3907 3.06466 1.52271 -0.886278 0.412588 0.192066 -0.0859842 0.26918 0.145295 0.165683 0.124403 -0.165731 0.340864
11.4464 2.98749 1.49232 -0.872117 0.429905 0.224646 -0.0642555 0.31858 0.145295 0.165683 0.124403 -0.165731 0.340864
11.5064 2.90136 1.45555 -0.876841 0.4206 0.220812 -0.0740819 0.335536 0.0498697 -0.0460272 0.00245312 0.0741189 0.340864
11.5717 2.81179 1.41823 -0.881372 0.411202 0.216929 -0.083892 0.352492 0.0498697 -0.0460272 0.00245312 0.0741189 0.340864
11.6425 2.71896 1.38047 -0.885709 0.401714 0.212998 -0.0936836 0.369447 0.0498697 -0.0460272 0.00245312 0.0741189 0.340864
11.7191 2.62306 1.34238 -0.889851 0.392138 0.20902 -0.103455 0.386403 0.0498697 -0.0460272 0.00245312 0.0741189 0.340864
11.8015 2.52429 1.30408 -0.893798 0.382475 0.204997 -0.113203 0.403359 0.0498697 -0.0460272 0.00245312 0.0741189 0.340864
11.8901 2.42287 1.26566 -0.897547 0.372728 0.200928 -0.122926 0.420314 0.0498697 -0.0460272 0.00245312 0.0741189 0.340864
11.9849 2.31902 1.22721 -0.901099 0.362899 0.196815 -0.132622 0.43727 0.0498697 -0.0460272 0.00245312 0.0741189 0.340864
12.0861 2.21296 1.18884 -0.904452 0.35299 0.192659 -0.142289 0.454226 0.0498697 -0.0460272 0.00245312 0.0741189 0.340864
12.1756 2.11936 1.15498 -0.899704 0.360739 0.200601 -0.141984 0.333017 -0.356495 0.00536369 0.0405203 -0.0580832 0.340864
12.2359 2.05343 1.13059 -0.894824 0.368436 0.208515 -0.141657 0.211809 -0.356495 0.00536369 0.0405203 -0.0580832 0.340864
12.2912 1.9873 1.10307 -0.881894 0.38743 0.241491 -0.117661 0.320539 0.319793 0.16376 0.121644 -0.18498 0.340864
12.3546 1.91148 1.06433 -0.891144 0.353446 0.263778 -0.106586 0.304253 -0.0478979 0.162977 0.100789 0.166271 0.340864
12.4173 1.84529 1.02169 -0.898736 0.318804 0.285575 -0.095312 0.287968 -0.0478979 0.162977 0.100789 0.166271 0.340864
12.4801 1.78354 0.979274 -0.90295 0.321902 0.265922 -0.101718 0.287242 -0.0021365 -0.0735714 -0.100709 0.0133018 0.340864
12.5445 1.72121 0.940695 -0.906752 0.324855 0.246148 -0.108078 0.286515 -0.0021365 -0.0735714 -0.100709 0.0133018 0.340864
12.6102 1.65843 0.906001 -0.910143 0.327659 0.226262 -0.114389 0.285789 -0.0021365 -0.0735714 -0.100709 0.0133018 0.340864
12.6771 1.59528 0.875237 -0.91312 0.330314 0.206273 -0.120648 0.285062 -0.0021365 -0.0735714 -0.100709 0.0133018 0.340864
12.7452 1.53188 0.848441 -0.915682 0.33282 0.186191 -0.126852 0.284336 -0.0021365 -0.0735714 -0.100709 0.0133018 0.340864
12.8142 1.46833 0.825644 -0.917827 0.335174 0.166023 -0.132998 0.28361 -0.0021365 -0.0735714 -0.100709 0.0133018 0.340864
12.884 1.40474 0.806867 -0.919555 0.337375 0.145781 -0.139084 0.282883 -0.0021365 -0.0735714 -0.100709 0.0133018 0.340864
12.9546 1.34121 0.792127 -0.920865 0.339424 0.125472 -0.145106 0.282157 -0.0021365 -0.0735714 -0.100709 0.0133018 0.340864
13.0256 1.27785 0.78143 -0.921757 0.341317 0.105106 -0.151063 0.28143 -0.0021365 -0.0735714 -0.100709 0.0133018 0.340864
13.0971 1.21475 0.774779 -0.922229 0.343056 0.0846921 -0.156951 0.280704 -0.0021365 -0.0735714 -0.100709 0.0133018 0.340864
13.1547 1.16528 0.771887 -0.923315 0.331692 0.0776408 -0.177316 0.166554 -0.335734 -0.118056 0.0127957 0.0805061 0.340864
13.196 1.13149 0.770108 -0.925683 0.322129 0.0847124 -0.179355 0.147216 -0.0568785 0.00955717 0.0512819 0.0501125 0.340864
13.2326 1.10249 0.767821 -0.92791 0.312518 0.0917713 -0.181368 0.127877 -0.0568785 0.00955717 0.0512819 0.0501125 0.340864
13.2644 1.07811 0.765223 -0.929996 0.302859 0.0988163 -0.183353 0.108538 -0.0568785 0.00955717 0.0512819 0.0501125 0.340864
13.2914 1.05818 0.76252 -0.931943 0.293155 0.105846 -0.18531 0.0891996 -0.0568785 0.00955717 0.0512819 0.0501125 0.340864
13.3132 1.04252 0.759916 -0.933748 0.283406 0.11286 -0.187239 0.0698609 -0.0568785 0.00955717 0.0512819 0.0501125 0.340864
13.33 1.03097 0.757619 -0.935412 0.273615 0.119857 -0.18914 0.0505222 -0.0568785 0.00955717 0.0512819 0.0501125 0.340864
13.3918 0.99086 0.746486 -0.944057 0.256184 0.131508 -0.160724 0.388083 0.992827 0.197062 0.0316732 0.0768458 0.340864
13.5063 0.921159 0.721918 -0.947254 0.238566 0.14277 -0.159416 0.413274 0.0740898 0.04089 0.0747605 0.0909989 0.340864
13.6294 0.851252 0.691694 -0.950025 0.220842 0.153968 -0.158036 0.438465 0.0740898 0.04089 0.0747605 0.0909989 0.340864
13.7612 0.781742 0.655353 -0.95237 0.203018 0.165097 -0.156585 0.463655 0.0740898 0.04089 0.0747605 0.0909989 0.340864
13.8892 0.716728 0.614976 -0.945192 0.192424 0.190998 -0.181945 0.414006 -0.146025 -0.10749 0.192161 0.0515622 0.340864
14.0013 0.659642 0.573895 -0.936619 0.181546 0.216616 -0.207037 0.364358 -0.146025 -0.10749 0.192161 0.0515622 0.340864
14.0975 0.610147 0.53354 -0.926661 0.1704 0.241914 -0.231822 0.314709 -0.146025 -0.10749 0.192161 0.0515622 0.340864
14.1779 0.567985 0.495323 -0.915333 0.159001 0.266855 -0.256265 0.265061 -0.146025 -0.10749 0.192161 0.0515622 0.340864
14.2431 0.532988 0.460632 -0.902654 0.147368 0.291402 -0.280329 0.215412 -0.146025 -0.10749 0.192161 0.0515622 0.340864
14.2934 0.50507 0.430805 -0.88864 0.135517 0.315517 -0.303979 0.165764 -0.146025 -0.10749 0.192161 0.0515622 0.340864
14.3294 0.484232 0.407125 -0.873313 0.123466 0.339167 -0.32718 0.116115 -0.146025 -0.10749 0.192161 0.0515622 0.340864
14.352 0.470562 0.390798 -0.856696 0.111232 0.362315 -0.349897 0.0664664 -0.146025 -0.10749 0.192161 0.0515622 0.340864
14.3681 0.459906 0.378386 -0.855897 0.138091 0.368603 -0.335414 0.0685925 0.00625324 0.0182127 -0.0313772 -0.179713 0.340864
14.3842 0.447995 0.365687 -0.854268 0.164817 0.374532 -0.320606 0.0707186 0.00625324 0.0182127 -0.0313772 -0.179713 0.340864
14.4001 0.43481 0.352694 -0.851808 0.191382 0.380098 -0.305486 0.0728447 0.00625324 0.0182127 -0.0313772 -0.179713 0.340864
14.4157 0.420339 0.3394 -0.848521 0.217761 0.385294 -0.290069 0.0749708 0.00625324 0.0182127 -0.0313772 -0.179713 0.340864
14.431 0.404575 0.325797 -0.84441 0.243929 0.390116 -0.274371 0.0770969 0.00625324 0.0182127 -0.0313772 -0.179713 0.340864
14.4459 0.387521 0.311874 -0.839479 0.269859 0.39456 -0.258406 0.079223 0.00625324 0.0182127 -0.0313772 -0.179713 0.340864
14.4603 0.369186 0.297619 -0.833732 0.295528 0.398619 -0.242191 0.0813491 0.00625324 0.0182127 -0.0313772 -0.179713 0.340864
14.474 0.349587 0.283019 -0.827176 0.32091 0.402292 -0.22574 0.0834752 0.00625324 0.0182127 -0.0313772 -0.179713 0.340864
14.4869 0.32875 0.268061 -0.819816 0.345979 0.405574 -0.209069 0.0856013 0.00625324 0.0182127 -0.0313772 -0.179713 0.340864
14.4998 0.305762 0.251313 -0.806075 0.339495 0.433406 -0.217131 0.0980721 0.0366788 0.0163393 0.191415 -0.0116906 0.340864
14.5131 0.279706 0.23124 -0.791471 0.332647 0.460774 -0.22496 0.110543 0.0366788 0.0163393 0.191415 -0.0116906 0.340864
14.5263 0.250607 0.207693 -0.77602 0.325443 0.487648 -0.232549 0.123014 0.0366788 0.0163393 0.191415 -0.0116906 0.340864
14.5391 0.218493 0.180561 -0.759738 0.317891 0.514001 -0.239888 0.135484 0.0366788 0.0163393 0.191415 -0.0116906 0.340864
14.551 0.183398 0.149773 -0.742644 0.309998 0.539803 -0.246971 0.147955 0.0366788 0.0163393 0.191415 -0.0116906 0.340864
14.5616 0.145356 0.115298 -0.724754 0.301773 0.565027 -0.25379 0.160426 0.0366788 0.0163393 0.191415 -0.0116906 0.340864
14.5711 0.103581 0.0786788 -0.703845 0.299654 0.574041 -0.292039 0.171218 0.0317414 -0.171294 0.179042 0.0856172 0.340864
14.5804 0.057158 0.0417329 -0.681538 0.296941 0.581915 -0.329708 0.18201 0.0317414 -0.171294 0.179042 0.0856172 0.340864
14.5893 0.00595546 0.00488603 -0.657878 0.293637 0.588633 -0.366722 0.192802 0.0317414 -0.171294 0.179042 0.0856172 0.340864
14.5981 -0.0501237 -0.0314258 -0.632911 0.28975 0.594182 -0.403008 0.203594 0.0317414 -0.171294 0.179042 0.0856172 0.340864
14.6068 -0.111139 -0.066762 -0.606688 0.285288 0.598551 -0.438494 0.214386 0.0317414 -0.171294 0.179042 0.0856172 0.340864
14.6157 -0.177113 -0.100683 -0.57926 0.280259 0.601731 -0.473109 0.225178 0.0317414 -0.171294 0.179042 0.0856172 0.340864
14.6251 -0.248025 -0.132758 -0.550681 0.274674 0.603717 -0.506785 0.235971 0.0317414 -0.171294 0.179042 0.0856172 0.340864
14.6351 -0.323814 -0.162566 -0.521009 0.268543 0.604503 -0.539454 0.246763 0.0317414 -0.171294 0.179042 0.0856172 0.340864
14.6461 -0.404377 -0.189708 -0.490302 0.261879 0.604089 -0.571051 0.257555 0.0317414 -0.171294 0.179042 0.0856172 0.340864
14.6585 -0.489566 -0.21381 -0.458621 0.254695 0.602476 -0.601515 0.268347 0.0317414 -0.171294 0.179042 0.0856172 0.340864
14.6712 -0.575263 -0.235889 -0.451702 0.248173 0.60669 -0.605229 0.257581 -0.0316639 -0.0050715 0.0645339 0.00548053 0.340864
14.6832 -0.657465 -0.257187 -0.444728 0.24162 0.610831 -0.608869 0.246815 -0.0316639 -0.0050715 0.0645339 0.00548053 0.340864
14.6943 -0.736173 -0.277687 -0.4377 0.235038 0.614897 -0.612435 0.23605 -0.0316639 -0.0050715 0.0645339 0.00548053 0.340864
14.7046 -0.811385 -0.297373 -0.430619 0.228427 0.618888 -0.615927 0.225284 -0.0316639 -0.0050715 0.0645339 0.00548053 0.340864
14.7141 -0.883101 -0.316229 -0.423485 0.221789 0.622804 -0.619343 0.214518 -0.0316639 -0.0050715 0.0645339 0.00548053 0.340864
14.7181 -0.919152 -0.326365 -0.432444 0.220945 0.647379 -0.587432 0.00702537 -0.610273 0.147323 -0.0101651 -0.192707 0.340864
