0 0 0 0 0 0 1 0 0 0 0 0 0
0.086714 -0.000563281 0.000889893 0.024714 -0.00778505 -0.00472793 0.999653 0.102025 0.0600147 0.0290786 -0.00915994 -0.00556292 1.70432
0.612897 -0.0418871 0.0489498 0.108242 -0.0806168 -0.0593073 0.989074 0.210148 0.031801 0.0494451 -0.0424234 -0.0328844 3.40864
1.41437 -0.0998155 0.219343 0.105365 -0.129324 0.00475194 0.985977 0.394473 0.0677666 -0.00777564 -0.0406236 0.0424515 2.72691
2.29945 -0.0774647 0.517198 0.173511 -0.192231 0.0710803 0.96327 0.2168 -0.0580631 0.0401587 -0.0469199 0.0443424 3.06778
2.42797 -0.068574 0.572756 0.188875 -0.193398 0.0673218 0.960412 0.195857 -0.0307992 0.0473565 0.000206627 -0.00196037 0.681728
2.72236 -0.0579287 0.704907 0.199733 -0.211669 0.0471702 0.955551 0.120716 -0.0368335 0.0161528 -0.0136793 -0.0199811 2.04519
2.91641 -0.045868 0.800594 0.15342 -0.225167 0.0978538 0.957176 0.0614895 -0.0248853 -0.0459788 -0.0209091 0.0301551 2.38605
3.05166 -0.0340673 0.881266 0.131313 -0.288334 0.0560645 0.946825 0.054732 -0.00248437 -0.00293102 -0.0430932 -0.0394945 2.72691
3.23608 -0.016646 1.02402 0.139527 -0.335307 0.110932 0.925092 0.0829513 0.00829981 -0.00150479 -0.0338478 0.0290681 3.40864
3.44381 0.00623592 1.21264 0.106426 -0.36278 0.0726502 0.922923 0.153663 0.0297109 -0.0121367 -0.0205766 -0.0421287 2.38605
3.54617 0.0147889 1.30888 0.12801 -0.358689 0.0851567 0.920708 0.122335 -0.0307145 0.0300455 0.00629355 0.039159 1.02259
3.65184 0.0195391 1.41408 0.12627 -0.396977 0.0491851 0.90777 0.0532558 -0.0406346 0.0190891 -0.0417105 -0.0441895 1.70432
3.71191 0.0179897 1.48279 0.109749 -0.423255 0.0395239 0.89847 0.0809925 0.0203946 -0.01279 -0.0399176 -0.0267544 1.36346
3.87166 -0.00211237 1.71031 0.0911014 -0.498632 -0.0164161 0.861857 0.083212 0.000652813 0.00820263 -0.0458558 -0.0382897 3.40864
3.95615 -0.020535 1.85172 0.00568349 -0.48638 -0.0544027 0.872034 0.0251268 -0.0189821 -0.0362653 0.0134167 -0.04847 3.06778
3.97455 -0.0239214 1.88243 0.0114138 -0.495418 -0.0452611 0.8674 0.0806454 0.081645 0.000251095 -0.0308788 0.0307523 0.681728
4.02086 -0.0301835 1.95758 0.00164533 -0.478466 -0.0290401 0.877624 0.0928822 0.0119968 -0.0310994 0.0392725 0.0193885 1.02259
4.05612 -0.0333439 2.01296 0.02044 -0.484128 -0.0127958 0.874665 0.0360117 -0.0557554 0.0167915 -0.0136458 0.0454045 1.02259
4.30518 -0.0218875 2.48978 -0.0188043 -0.537644 0.0231372 0.842644 0.280773 0.0719887 -0.0304766 -0.036831 0.00643451 3.40864
4.60496 -0.0282024 3.06584 -0.00189397 -0.493546 -0.0564143 0.867886 0.144267 -0.0446098 0.0369679 0.0324846 -0.0388537 3.06778
4.71417 -0.0404863 3.24232 -0.00172354 -0.476915 -0.0105877 0.878884 0.100403 -0.0258024 -0.0253171 0.0234677 0.0476026 1.70432
4.85689 -0.0434499 3.47545 -0.0495592 -0.496875 -0.0315237 0.865832 0.221223 0.0710706 -0.0380104 -0.027423 -0.0486358 1.70432
5.24661 -0.0308411 4.05134 -0.0237664 -0.440188 0.0122916 0.897507 0.233709 0.00408035 0.0025639 0.0433028 0.0320243 3.06778
5.44023 -0.0143868 4.3106 0.0154876 -0.457971 0.0421409 0.887833 0.0839622 -0.0734054 0.0216574 -0.018663 0.0437566 2.04519
5.53206 -0.0112127 4.42971 0.0158151 -0.418998 -0.00864324 0.907808 0.0425376 -0.0174053 0.0181621 0.0374651 -0.0379915 2.38605
5.58083 -0.0124307 4.48368 0.0147579 -0.39596 0.0023487 0.918146 0.100119 0.0564528 -0.0108438 0.0491849 0.0195894 1.02259
5.92642 -0.00761629 4.82647 -0.017202 -0.368882 0.00546903 0.929301 0.218097 0.0385547 -0.0201421 0.0190631 -0.00615653 3.06778
6.46721 0.0583373 5.34538 -0.0215311 -0.375701 0.0669669 0.924068 0.414517 0.0825294 -0.022503 -0.00608196 0.0468362 2.38605
7.05542 0.153201 5.86231 -0.00889182 -0.319502 0.0465798 0.946398 0.165858 -0.0914185 0.0118145 0.0446846 -0.0123587 2.72691
7.15176 0.164518 5.93561 -0.014015 -0.318281 0.0439067 0.946875 0.0725458 -0.091483 -0.0079356 0.00205016 -0.00823486 1.02259
7.57033 0.183778 6.21945 -0.0268155 -0.27655 -0.00757162 0.960596 0.258437 0.0607488 0.00171642 0.0278639 -0.0353253 3.06778
7.70342 0.183538 6.30076 -0.028474 -0.264259 -0.00964149 0.963983 0.200293 -0.0855058 -0.00246124 0.0373551 -0.00809107 0.681728
7.7617 0.183596 6.33505 -0.0333759 -0.261084 -0.00631003 0.964718 0.197459 -0.0083344 -0.0326716 0.0199827 0.0107812 0.340864
7.96777 0.182834 6.45377 -0.0135389 -0.255137 -0.00995445 0.966759 0.152288 -0.0332142 0.0296995 0.00885746 0.00217322 1.36346
8.32242 0.176885 6.64981 -0.050945 -0.244346 -0.0216033 0.968108 0.245047 0.0454702 -0.0324255 0.0107788 -0.0205331 2.04519
8.46247 0.17478 6.72599 -0.062538 -0.247087 -0.0208138 0.966749 0.223895 -0.0311057 -0.0339558 -0.00792711 -0.00575907 0.681728
9.0991 0.169414 7.02327 -0.0831147 -0.18697 -0.0193741 0.978652 0.293072 0.0254325 -0.0134303 0.0453096 -0.005301 2.72691
9.63922 0.13555 7.21338 -0.0703876 -0.140126 -0.0703534 0.98512 0.189344 -0.043583 0.0197072 0.035802 -0.0431279 2.38605
10.0419 0.101893 7.31018 -0.0116415 -0.0888385 -0.0201778 0.995774 0.160145 -0.0122686 0.0464534 0.0432699 0.0461177 2.38605
10.5309 0.0640774 7.40528 0.0110492 -0.101262 -0.0520011 0.993438 0.329742 0.0831356 0.024658 -0.0131474 -0.0290037 2.04519
10.8449 0.0234076 7.4675 0.0341928 -0.0956526 -0.0707367 0.992309 0.303049 -0.0261697 0.0494058 0.00874966 -0.0318986 1.02259
11.2234 -0.0453639 7.52839 -0.00775928 -0.0604475 -0.108361 0.992242 0.155239 -0.0869471 -0.0418401 0.0461304 -0.0472685 1.70432
11.31 -0.0657429 7.53885 -0.0131359 -0.0545046 -0.12317 0.990801 0.108192 -0.0691868 -0.0111972 0.0184637 -0.0447727 0.681728
11.6146 -0.126367 7.56116 -0.000799499 -0.0195847 -0.0774454 0.996804 0.197293 0.0436771 0.013842 0.0333597 0.045377 2.04519
12.3371 -0.257152 7.54982 0.0215526 0.0272791 -0.0990206 0.994478 0.420076 0.0936065 0.0221384 0.0377679 -0.017897 2.38605
13.0475 -0.394852 7.53084 -0.0218157 -0.00307699 -0.0918569 0.995528 0.289723 -0.063899 -0.0450822 -0.025578 0.00760855 2.04519
13.5441 -0.503255 7.51743 -0.038373 0.0358065 -0.121199 0.99124 0.308662 0.0111408 -0.0152006 0.0465821 -0.035903 1.70432
13.9172 -0.605392 7.49817 -0.0165655 0.0213077 -0.143947 0.989217 0.261075 -0.0349901 0.0278984 -0.0262043 -0.0338578 1.36346
14.364 -0.734344 7.48272 -0.0482041 0.0211041 -0.134335 0.989538 0.195042 -0.0323691 -0.0305121 0.00441776 0.0100338 2.04519
14.6129 -0.801063 7.48111 -0.0191355 -0.00615887 -0.126123 0.991811 0.184053 -0.00808034 0.0373412 -0.0449165 0.0134336 1.36346
14.8206 -0.857276 7.49 -0.00275059 -0.0339919 -0.138229 0.989813 0.13271 -0.0377526 0.018793 -0.0440023 -0.0171006 1.36346
14.9128 -0.881563 7.49858 -0.00659807 -0.0643827 -0.110075 0.991814 0.00797512 -0.0917165 -0.0131813 -0.0432535 0.0413302 1.36346
14.9542 -0.888245 7.50228 -0.0246308 -0.0284901 -0.0607005 0.997445 0.0333354 0.0124315 -0.0167526 0.0375472 0.0472801 2.04519
14.975 -0.89098 7.50354 -0.0440875 -0.0270328 -0.074534 0.995877 0.00786162 -0.0249743 -0.037186 0.00441059 -0.028402 1.02259
