0 0 0 0 0 0 1 4.64093e-310 
0.104968 -0.0773106 -0.0878422 -0.00555813 -0.00647512 0.0127325 0.999883 0.00227489 
0.209936 -0.154621 -0.175684 -0.011115 -0.0129487 0.0254621 0.99953 0.00454977 
0.314905 -0.231932 -0.263527 -0.0166692 -0.0194193 0.0381856 0.998943 0.00682466 
0.419873 -0.309243 -0.351369 -0.0222195 -0.0258853 0.0509002 0.998121 0.00909955 
0.524841 -0.386553 -0.439211 -0.0277646 -0.0323452 0.0636028 0.997064 0.0113744 
0.629809 -0.463864 -0.527053 -0.0333031 -0.0387975 0.0762905 0.995774 0.0136493 
0.734778 -0.541174 -0.614896 -0.0388338 -0.0452407 0.0889602 0.994249 0.0159242 
0.839746 -0.618485 -0.702738 -0.0443554 -0.0516732 0.101609 0.992491 0.0181991 
0.944714 -0.695796 -0.79058 -0.0498666 -0.0580936 0.114234 0.990499 0.020474 
1.04968 -0.773106 -0.878422 -0.0553661 -0.0645004 0.126832 0.988275 0.0227489 
1.15465 -0.850417 -0.966265 -0.0608526 -0.070892 0.139401 0.985819 0.0250238 
1.25962 -0.927728 -1.05411 -0.0663247 -0.077267 0.151936 0.983131 0.0272986 
1.36459 -1.00504 -1.14195 -0.0717813 -0.0836238 0.164436 0.980212 0.0295735 
1.46956 -1.08235 -1.22979 -0.077221 -0.089961 0.176897 0.977063 0.0318484 
1.57452 -1.15966 -1.31763 -0.0826426 -0.096277 0.189317 0.973684 0.0341233 
1.67949 -1.23697 -1.40548 -0.0880448 -0.10257 0.201692 0.970076 0.0363982 
1.78446 -1.31428 -1.49332 -0.0934262 -0.10884 0.21402 0.966241 0.0386731 
1.88943 -1.39159 -1.58116 -0.0987857 -0.115083 0.226298 0.962178 0.040948 
1.9944 -1.4689 -1.669 -0.104122 -0.1213 0.238522 0.957889 0.0432228 
2.09936 -1.54621 -1.75684 -0.109434 -0.127488 0.25069 0.953376 0.0454977 
2.20433 -1.62352 -1.84469 -0.11472 -0.133647 0.2628 0.948638 0.0477726 
2.3093 -1.70083 -1.93253 -0.119979 -0.139773 0.274847 0.943678 0.0500475 
2.41427 -1.77814 -2.02037 -0.12521 -0.145867 0.28683 0.938495 0.0523224 
2.51924 -1.85546 -2.10821 -0.130412 -0.151927 0.298746 0.933093 0.0545973 
2.62421 -1.93277 -2.19606 -0.135583 -0.157951 0.310592 0.927471 0.0568722 
2.72917 -2.01008 -2.2839 -0.140722 -0.163938 0.322364 0.921631 0.0591471 
2.83414 -2.08739 -2.37174 -0.145828 -0.169887 0.334061 0.915574 0.0614219 
2.93911 -2.1647 -2.45958 -0.1509 -0.175795 0.345679 0.909303 0.0636968 
3.04408 -2.24201 -2.54742 -0.155936 -0.181662 0.357216 0.902817 0.0659717 
3.14905 -2.31932 -2.63527 -0.160936 -0.187487 0.36867 0.89612 0.0682466 
3.25402 -2.39663 -2.72311 -0.165897 -0.193267 0.380036 0.889212 0.0705215 
3.35898 -2.47394 -2.81095 -0.17082 -0.199002 0.391313 0.882095 0.0727964 
3.46395 -2.55125 -2.89879 -0.175703 -0.20469 0.402499 0.874771 0.0750713 
3.56892 -2.62856 -2.98664 -0.180544 -0.210331 0.41359 0.867242 0.0773461 
3.67389 -2.70587 -3.07448 -0.185343 -0.215921 0.424583 0.859509 0.079621 
3.77886 -2.78318 -3.16232 -0.190099 -0.221462 0.435477 0.851573 0.0818959 
3.88383 -2.86049 -3.25016 -0.19481 -0.22695 0.446269 0.843438 0.0841708 
3.98879 -2.9378 -3.338 -0.199475 -0.232384 0.456955 0.835104 0.0864457 
4.09376 -3.01511 -3.42585 -0.204093 -0.237764 0.467534 0.826575 0.0887206 
4.19873 -3.09243 -3.51369 -0.208663 -0.243089 0.478004 0.817851 0.0909955 
4.3037 -3.16974 -3.60153 -0.213184 -0.248356 0.488361 0.808935 0.0932703 
4.40867 -3.24705 -3.68937 -0.217656 -0.253564 0.498603 0.799829 0.0955452 
4.51363 -3.32436 -3.77722 -0.222076 -0.258714 0.508729 0.790534 0.0978201 
4.6186 -3.40167 -3.86506 -0.226443 -0.263802 0.518734 0.781055 0.100095 
4.72357 -3.47898 -3.9529 -0.230758 -0.268828 0.528618 0.771391 0.10237 
4.82854 -3.55629 -4.04074 -0.235018 -0.273792 0.538378 0.761547 0.104645 
4.93351 -3.6336 -4.12858 -0.239224 -0.278691 0.548011 0.751523 0.10692 
5.03848 -3.71091 -4.21643 -0.243373 -0.283524 0.557516 0.741323 0.109195 
5.14344 -3.78822 -4.30427 -0.247464 -0.288291 0.566889 0.730949 0.111469 
5.24841 -3.86553 -4.39211 -0.251498 -0.29299 0.576129 0.720403 0.113744 
5.35338 -3.94284 -4.47995 -0.255472 -0.29762 0.585234 0.709688 0.116019 
5.45835 -4.02015 -4.5678 -0.259387 -0.302181 0.594201 0.698806 0.118294 
5.56332 -4.09746 -4.65564 -0.263241 -0.30667 0.603029 0.68776 0.120569 
5.66829 -4.17477 -4.74348 -0.267032 -0.311087 0.611715 0.676552 0.122844 
5.77325 -4.25208 -4.83132 -0.270761 -0.315432 0.620258 0.665185 0.125119 
5.87822 -4.3294 -4.91916 -0.274427 -0.319702 0.628654 0.653662 0.127394 
5.98319 -4.40671 -5.00701 -0.278028 -0.323897 0.636903 0.641986 0.129669 
6.08816 -4.48402 -5.09485 -0.281563 -0.328016 0.645002 0.630159 0.131943 
6.19313 -4.56133 -5.18269 -0.285033 -0.332057 0.65295 0.618183 0.134218 
6.29809 -4.63864 -5.27053 -0.288435 -0.336021 0.660745 0.606062 0.136493 
6.40306 -4.71595 -5.35838 -0.29177 -0.339906 0.668384 0.593799 0.138768 
6.50803 -4.79326 -5.44622 -0.295036 -0.343711 0.675866 0.581397 0.141043 
6.613 -4.87057 -5.53406 -0.298233 -0.347435 0.683189 0.568858 0.143318 
6.71797 -4.94788 -5.6219 -0.301359 -0.351078 0.690352 0.556185 0.145593 
6.82294 -5.02519 -5.70974 -0.304415 -0.354638 0.697352 0.543381 0.147868 
6.9279 -5.1025 -5.79759 -0.3074 -0.358115 0.704189 0.53045 0.150143 
7.03287 -5.17981 -5.88543 -0.310312 -0.361507 0.71086 0.517394 0.152417 
7.13784 -5.25712 -5.97327 -0.313151 -0.364815 0.717364 0.504217 0.154692 
7.24281 -5.33443 -6.06111 -0.315917 -0.368037 0.7237 0.490921 0.156967 
7.34778 -5.41174 -6.14896 -0.318609 -0.371173 0.729866 0.47751 0.159242 
7.45275 -5.48906 -6.2368 -0.321225 -0.374221 0.73586 0.463986 0.161517 
7.55771 -5.56637 -6.32464 -0.323766 -0.377181 0.741681 0.450354 0.163792 
7.66268 -5.64368 -6.41248 -0.326231 -0.380053 0.747328 0.436616 0.166067 
7.76765 -5.72099 -6.50032 -0.32862 -0.382836 0.7528 0.422775 0.168342 
7.87262 -5.7983 -6.58817 -0.330931 -0.385528 0.758094 0.408835 0.170616 
7.97759 -5.87561 -6.67601 -0.333165 -0.38813 0.763211 0.394799 0.172891 
8.08256 -5.95292 -6.76385 -0.33532 -0.390641 0.768148 0.38067 0.175166 
8.18752 -6.03023 -6.85169 -0.337396 -0.39306 0.772904 0.366451 0.177441 
8.29492 -6.10933 -6.94157 -0.339439 -0.395439 0.777583 0.351815 0.179769 
8.40232 -6.18843 -7.03144 -0.341398 -0.397721 0.782071 0.337092 0.182096 
8.50971 -6.26753 -7.12132 -0.343273 -0.399906 0.786366 0.322286 0.184424 
8.61711 -6.34663 -7.21119 -0.345063 -0.401992 0.790467 0.307401 0.186751 
8.72451 -6.42573 -7.30107 -0.346769 -0.403979 0.794375 0.29244 0.189079 
8.8319 -6.50483 -7.39094 -0.348389 -0.405866 0.798087 0.277408 0.191406 
8.9393 -6.58393 -7.48082 -0.349924 -0.407654 0.801602 0.262307 0.193734 
9.0467 -6.66302 -7.57069 -0.351372 -0.409342 0.804921 0.247141 0.196061 
9.1541 -6.74212 -7.66057 -0.352735 -0.410929 0.808041 0.231915 0.198389 
9.26149 -6.82122 -7.75044 -0.35401 -0.412415 0.810963 0.216632 0.200716 
9.36889 -6.90032 -7.84032 -0.355199 -0.413799 0.813686 0.201295 0.203044 
9.47629 -6.97942 -7.93019 -0.3563 -0.415082 0.816208 0.185909 0.205371 
9.58368 -7.05852 -8.02006 -0.357313 -0.416263 0.818529 0.170478 0.207699 
9.69108 -7.13762 -8.10994 -0.358238 -0.417341 0.82065 0.155004 0.210026 
9.79848 -7.21672 -8.19981 -0.359076 -0.418316 0.822568 0.139492 0.212354 
9.90587 -7.29582 -8.28969 -0.359825 -0.419189 0.824284 0.123946 0.214681 
10.0133 -7.37492 -8.37956 -0.360486 -0.419959 0.825797 0.108369 0.217009 
10.1207 -7.45402 -8.46944 -0.361058 -0.420625 0.827107 0.0927662 0.219337 
10.1698 -7.38859 -8.38064 -0.364247 -0.409396 0.832275 0.0838909 0.216495 
10.2189 -7.32316 -8.29184 -0.367348 -0.398069 0.837241 0.0749954 0.213654 
10.268 -7.25774 -8.20304 -0.37036 -0.386645 0.842005 0.0660817 0.210813 
10.3171 -7.19231 -8.11424 -0.373283 -0.375128 0.846565 0.0571521 0.207972 
10.3662 -7.12688 -8.02545 -0.376116 -0.36352 0.85092 0.0482086 0.205131 
10.4154 -7.06146 -7.93665 -0.378858 -0.351825 0.85507 0.0392535 0.20229 
10.4645 -6.99603 -7.84785 -0.381508 -0.340044 0.859014 0.0302889 0.199449 
10.5136 -6.9306 -7.75905 -0.384066 -0.328181 0.862749 0.021317 0.196608 
10.5627 -6.86518 -7.67025 -0.386531 -0.316239 0.866276 0.0123399 0.193767 
10.6118 -6.79975 -7.58145 -0.388903 -0.30422 0.869594 0.00335987 0.190926 
10.6609 -6.73432 -7.49265 -0.391181 -0.292128 0.872701 -0.00562099 0.188085 
10.71 -6.66889 -7.40386 -0.393364 -0.279965 0.875598 -0.0146005 0.185244 
10.7592 -6.60347 -7.31506 -0.395452 -0.267735 0.878283 -0.0235765 0.182403 
10.8083 -6.53804 -7.22626 -0.397444 -0.25544 0.880755 -0.0325468 0.179562 
10.8574 -6.47261 -7.13746 -0.399341 -0.243083 0.883015 -0.0415092 0.176721 
10.9065 -6.40719 -7.04866 -0.40114 -0.230667 0.885061 -0.0504615 0.17388 
10.9556 -6.34176 -6.95986 -0.402843 -0.218195 0.886893 -0.0594017 0.171039 
11.0047 -6.27633 -6.87106 -0.404449 -0.205671 0.888511 -0.0683275 0.168198 
11.0538 -6.21091 -6.78227 -0.405957 -0.193097 0.889914 -0.0772368 0.165357 
11.1029 -6.14548 -6.69347 -0.407366 -0.180477 0.891102 -0.0861275 0.162516 
11.1521 -6.08005 -6.60467 -0.408677 -0.167812 0.892075 -0.0949973 0.159675 
11.2012 -6.01462 -6.51587 -0.40989 -0.155108 0.892832 -0.103844 0.156834 
11.2503 -5.9492 -6.42707 -0.411003 -0.142365 0.893373 -0.112666 0.153993 
11.2994 -5.88377 -6.33827 -0.412017 -0.129589 0.893698 -0.12146 0.151151 
11.3485 -5.81834 -6.24947 -0.412931 -0.116781 0.893807 -0.130226 0.14831 
11.3976 -5.75292 -6.16068 -0.413746 -0.103944 0.8937 -0.138959 0.145469 
11.4467 -5.68749 -6.07188 -0.41446 -0.091083 0.893377 -0.147659 0.142628 
11.4959 -5.62206 -5.98308 -0.415075 -0.0781996 0.892839 -0.156324 0.139787 
11.545 -5.55664 -5.89428 -0.415589 -0.0652973 0.892084 -0.16495 0.136946 
11.5941 -5.49121 -5.80548 -0.416002 -0.0523792 0.891114 -0.173537 0.134105 
11.6432 -5.42578 -5.71668 -0.416315 -0.0394484 0.889928 -0.182082 0.131264 
11.6923 -5.36035 -5.62789 -0.416528 -0.0265082 0.888527 -0.190583 0.128423 
11.7414 -5.29493 -5.53909 -0.416639 -0.0135615 0.886911 -0.199037 0.125582 
11.7905 -5.2295 -5.45029 -0.41665 -0.000611522 0.885081 -0.207444 0.122741 
11.8397 -5.16407 -5.36149 -0.416561 0.0123386 0.883037 -0.2158 0.1199 
11.8888 -5.09865 -5.27269 -0.41637 0.0252857 0.88078 -0.224105 0.117059 
11.9379 -5.03322 -5.18389 -0.416079 0.0382267 0.87831 -0.232355 0.114218 
11.987 -4.96779 -5.09509 -0.415687 0.0511585 0.875627 -0.240549 0.111377 
12.0361 -4.90237 -5.0063 -0.415195 0.0640779 0.872733 -0.248685 0.108536 
12.0852 -4.83694 -4.9175 -0.414603 0.0769818 0.869628 -0.25676 0.105695 
12.1343 -4.77151 -4.8287 -0.41391 0.0898672 0.866312 -0.264774 0.102854 
12.1835 -4.70608 -4.7399 -0.413117 0.102731 0.862788 -0.272724 0.100013 
12.2326 -4.64066 -4.6511 -0.412225 0.11557 0.859054 -0.280607 0.0971716 
12.2817 -4.57523 -4.5623 -0.411232 0.12838 0.855113 -0.288423 0.0943306 
12.3308 -4.5098 -4.4735 -0.410141 0.14116 0.850965 -0.296169 0.0914896 
12.3799 -4.44438 -4.38471 -0.40895 0.153906 0.846612 -0.303844 0.0886485 
12.429 -4.37895 -4.29591 -0.40766 0.166614 0.842054 -0.311445 0.0858075 
12.4781 -4.31352 -4.20711 -0.406272 0.179282 0.837292 -0.318971 0.0829664 
12.5273 -4.2481 -4.11831 -0.404786 0.191907 0.832328 -0.32642 0.0801254 
12.6185 -4.04075 -3.90786 -0.407925 0.180939 0.834526 -0.323149 0.0767746 
12.7098 -3.83341 -3.69742 -0.411004 0.169944 0.836602 -0.319832 0.0734238 
12.8011 -3.62606 -3.48697 -0.414024 0.158924 0.838556 -0.316468 0.070073 
12.8924 -3.41872 -3.27653 -0.416983 0.147882 0.840387 -0.313058 0.0667222 
12.9837 -3.21137 -3.06608 -0.419882 0.136817 0.842097 -0.309602 0.0633713 
13.075 -3.00403 -2.85563 -0.422719 0.125733 0.843684 -0.306101 0.0600205 
13.1662 -2.79669 -2.64519 -0.425495 0.114631 0.845147 -0.302556 0.0566697 
13.2575 -2.58934 -2.43474 -0.428209 0.103511 0.846488 -0.298966 0.0533189 
13.3488 -2.382 -2.22429 -0.43086 0.0923771 0.847705 -0.295333 0.0499681 
13.4401 -2.17465 -2.01385 -0.433449 0.0812294 0.848799 -0.291657 0.0466173 
13.5314 -1.96731 -1.8034 -0.435974 0.0700698 0.849769 -0.287939 0.0432665 
13.6227 -1.75997 -1.59295 -0.438436 0.0588999 0.850616 -0.284178 0.0399157 
13.7139 -1.55262 -1.38251 -0.440834 0.0477216 0.851338 -0.280376 0.0365649 
13.8052 -1.34528 -1.17206 -0.443168 0.0365362 0.851937 -0.276534 0.0332141 
13.8965 -1.13793 -0.961616 -0.445437 0.0253455 0.852411 -0.272651 0.0298633 
13.9878 -0.930589 -0.75117 -0.447642 0.0141512 0.852761 -0.268728 0.0265125 
14.0791 -0.723245 -0.540723 -0.449781 0.00295477 0.852987 -0.264766 0.0231617 
14.1704 -0.515901 -0.330277 -0.451855 -0.00824208 0.853089 -0.260765 0.0198109 
14.2616 -0.308557 -0.119831 -0.453863 -0.0194377 0.853066 -0.256727 0.0164601 
14.3529 -0.101212 0.0906154 -0.455804 -0.0306306 0.852919 -0.252651 0.0131093 
14.4442 0.106132 0.301062 -0.45768 -0.0418189 0.852648 -0.248538 0.00975846 

