0 0 0 0 0 0 1 4.65459e-310 
0.0734329 0.0341705 -0.0352452 0.0015483 0.00726097 -0.00469754 0.999961 0.0028841 
0.109908 0.0973372 0.0252525 0.000223922 0.0112422 -0.00486933 0.999925 0.00391938 
0.201726 0.100708 0.0262273 0.00773101 0.0103952 -0.00783059 0.999885 0.00392028 
0.293543 0.104078 0.0272022 0.0152376 0.00954747 -0.0107913 0.99978 0.00392118 
0.385361 0.107448 0.0281771 0.0227432 0.00869914 -0.0137514 0.999609 0.00392208 
0.477179 0.110819 0.0291519 0.0302472 0.00785024 -0.0167105 0.999372 0.00392299 
0.568996 0.114189 0.0301268 0.0377493 0.00700082 -0.0196686 0.999069 0.00392389 
0.660814 0.11756 0.0311017 0.0452489 0.00615094 -0.0226253 0.998701 0.00392479 
0.752631 0.12093 0.0320765 0.0527455 0.00530066 -0.0255805 0.998266 0.00392569 
0.844449 0.1243 0.0330514 0.0602387 0.00445003 -0.0285341 0.997766 0.00392659 
0.936267 0.127671 0.0340262 0.0677279 0.0035991 -0.0314858 0.9972 0.0039275 
1.02808 0.131041 0.0350011 0.0752126 0.00274794 -0.0344354 0.996569 0.0039284 
1.1199 0.134412 0.035976 0.0826924 0.0018966 -0.0373828 0.995872 0.0039293 
1.21172 0.137782 0.0369508 0.0901667 0.00104513 -0.0403276 0.995109 0.0039302 
1.30354 0.141152 0.0379257 0.0976351 0.000193596 -0.0432699 0.994281 0.00393111 
1.39535 0.144523 0.0389005 0.105097 -0.000657954 -0.0462092 0.993388 0.00393201 
1.48717 0.147893 0.0398754 0.112552 -0.00150946 -0.0491456 0.992429 0.00393291 
1.57899 0.151264 0.0408503 0.12 -0.00236087 -0.0520787 0.991404 0.00393381 
1.67081 0.154634 0.0418251 0.127439 -0.00321212 -0.0550084 0.990315 0.00393471 
1.76263 0.158004 0.0428 0.134871 -0.00406316 -0.0579344 0.98916 0.00393562 
1.85444 0.161375 0.0437748 0.142293 -0.00491393 -0.0608566 0.98794 0.00393652 
1.94626 0.164745 0.0447497 0.149706 -0.00576438 -0.0637749 0.986655 0.00393742 
2.03808 0.168116 0.0457246 0.15711 -0.00661445 -0.0666889 0.985305 0.00393832 
2.1299 0.171486 0.0466994 0.164502 -0.00746408 -0.0695985 0.98389 0.00393923 
2.13493 0.0891145 0.0304937 0.158786 0.00201962 -0.0765464 0.984339 0.00675753 
2.12775 0.039426 -0.0444717 0.162121 0.00058023 -0.0839024 0.983197 0.00825029 
2.12493 0.00259459 -0.0323558 0.162977 0.011169 -0.0832401 0.983049 0.00872987 
2.12211 -0.0342368 -0.02024 0.163814 0.0217565 -0.0825683 0.982789 0.00920945 
2.13137 -0.0955243 -0.0874759 0.171234 0.0215106 -0.0798577 0.981753 0.00979116 
2.12039 -0.167433 -0.140063 0.173381 0.0119603 -0.076988 0.981768 0.00983059 
2.11749 -0.24268 -0.174024 0.162315 0.0199539 -0.0802848 0.983265 0.0131005 
2.10554 -0.30619 -0.232569 0.152796 0.0229799 -0.0792943 0.984803 0.0157457 
2.11726 -0.377254 -0.290861 0.155188 0.02389 -0.0753807 0.984715 0.018412 
2.12184 -0.396106 -0.327451 0.160396 0.0299644 -0.078202 0.983494 0.0184241 
2.12643 -0.414959 -0.364042 0.165593 0.0360366 -0.0810175 0.9822 0.0184362 
2.12512 -0.414767 -0.402972 0.163293 0.0278118 -0.0796913 0.98296 0.0208071 
2.12382 -0.414574 -0.441903 0.16098 0.0195849 -0.0783591 0.983647 0.023178 
2.15191 -0.474997 -0.498849 0.164022 0.0159246 -0.0678871 0.983989 0.0240155 
2.16271 -0.510697 -0.502833 0.156825 0.0225017 -0.0642881 0.985275 0.0260349 
2.1735 -0.546398 -0.506816 0.149611 0.0290764 -0.0606821 0.986453 0.0280544 
2.2193 -0.604641 -0.567491 0.150174 0.0305245 -0.0574392 0.986517 0.0286927 
2.20062 -0.659267 -0.629616 0.143324 0.0244171 -0.0639322 0.987307 0.0326171 
2.23994 -0.721045 -0.683151 0.147034 0.0167039 -0.0632477 0.986966 0.0333123 
2.29595 -0.780653 -0.730503 0.142667 0.0173446 -0.0611828 0.987726 0.0338697 
2.28896 -0.772133 -0.767684 0.139481 0.0213509 -0.0688374 0.987598 0.0358792 
2.28196 -0.763613 -0.804865 0.136283 0.0253554 -0.0764862 0.987387 0.0378887 
2.2829 -0.721784 -0.88263 0.130469 0.0310827 -0.0841039 0.98739 0.0384194 
2.29895 -0.786122 -0.942149 0.134346 0.0243972 -0.0825696 0.987187 0.0414332 
2.33439 -0.857978 -0.964501 0.129615 0.0319867 -0.0724328 0.988398 0.0446826 
2.33436 -0.868059 -1.00317 0.132347 0.0314006 -0.0650609 0.988567 0.0468334 
2.33434 -0.87814 -1.04184 0.135071 0.0308125 -0.057685 0.988675 0.0489843 
2.31471 -0.958015 -1.08794 0.134369 0.0310988 -0.0628365 0.988448 0.0494858 
2.30035 -0.996806 -1.15833 0.130282 0.0371437 -0.0504769 0.989494 0.0534509 
2.30001 -1.03417 -1.14873 0.127015 0.0270153 -0.0467244 0.990431 0.0535535 
2.29968 -1.07153 -1.13914 0.123733 0.0168834 -0.0429659 0.991241 0.0536561 
2.32301 -1.14835 -1.16257 0.137356 0.0182432 -0.038802 0.989593 0.05561 
2.34338 -1.23132 -1.13901 0.128548 0.0160757 -0.0388561 0.990811 0.0578402 
2.36453 -1.28474 -1.20901 0.125267 0.0231465 -0.0413636 0.99099 0.0590912 
2.42796 -1.32607 -1.25972 0.127972 0.0223123 -0.0465814 0.990432 0.062007 
2.40481 -1.403 -1.28386 0.116715 0.0307091 -0.0414699 0.991824 0.0631134 
2.39945 -1.43026 -1.37141 0.11469 0.0279291 -0.0458083 0.991951 0.0657172 
2.46928 -1.46995 -1.42284 0.113099 0.0271356 -0.0500098 0.991953 0.0656493 
2.48214 -1.51286 -1.5021 0.10954 0.028451 -0.0524139 0.992192 0.0701035 
2.51379 -1.53238 -1.51752 0.109945 0.03245 -0.0445277 0.992409 0.0709983 
2.54543 -1.5519 -1.53293 0.110342 0.0364465 -0.036638 0.992549 0.071893 
2.61534 -1.58251 -1.58805 0.11506 0.037223 -0.0340499 0.992077 0.0722995 
2.6692 -1.62437 -1.64851 0.115849 0.0433815 -0.0286184 0.991906 0.0728914 
2.74401 -1.66611 -1.63789 0.11726 0.0444083 -0.0155486 0.991986 0.0733888 
2.78922 -1.69687 -1.70628 0.11469 0.049426 -0.0260087 0.99183 0.0739423 
2.86919 -1.70786 -1.7427 0.103884 0.0472488 -0.0251456 0.993148 0.0736331 
2.88429 -1.78691 -1.72128 0.0954535 0.039634 -0.0321186 0.994126 0.0769859 
2.9592 -1.81779 -1.75424 0.092813 0.0352715 -0.0405855 0.994231 0.0796309 
2.97822 -1.87518 -1.82102 0.0990255 0.039138 -0.036887 0.99363 0.0813309 
3.03474 -1.91929 -1.8703 0.103355 0.0410357 -0.0285442 0.993388 0.0847433 
3.00938 -1.99793 -1.8737 0.0948529 0.030772 -0.0357287 0.994374 0.0868666 
2.97425 -2.07113 -1.85246 0.0875392 0.0201781 -0.0372514 0.99526 0.0899494 
2.95852 -2.10927 -1.85964 0.0800083 0.0188951 -0.039192 0.995844 0.0901695 
2.9428 -2.14741 -1.86682 0.0724725 0.0176109 -0.0411302 0.996366 0.0903897 
2.94572 -2.18307 -1.87786 0.0816629 0.0137011 -0.043365 0.995622 0.092683 
2.94864 -2.21873 -1.88891 0.0908447 0.00978987 -0.0455952 0.994773 0.0949763 
2.91679 -2.30117 -1.88502 0.0945778 0.0195532 -0.0437086 0.994365 0.0958797 
2.90682 -2.33294 -1.90928 0.094127 0.0150373 -0.0507995 0.99415 0.096267 
2.89684 -2.3647 -1.93354 0.0936696 0.0105203 -0.0578867 0.993863 0.0966543 
2.87011 -2.37898 -1.9186 0.0822801 0.00787093 -0.0607482 0.994725 0.100794 
2.84338 -2.39326 -1.90366 0.0708787 0.0052204 -0.0636009 0.995442 0.104934 
2.81436 -2.40168 -1.93002 0.0687039 0.00879266 -0.0671811 0.995334 0.109333 
2.78534 -2.41009 -1.95637 0.0665271 0.0123646 -0.0707593 0.995196 0.113731 
2.78197 -2.39336 -2.04211 0.0778769 0.0133486 -0.0681674 0.99454 0.114613 
2.76409 -2.43086 -2.11565 0.0738307 0.0198801 -0.0574026 0.995419 0.116894 
2.75875 -2.46717 -2.11055 0.069157 0.0213288 -0.0459392 0.996319 0.116436 
2.75341 -2.50347 -2.10546 0.0644725 0.0227741 -0.0344687 0.997064 0.115978 
2.70817 -2.55302 -2.04487 0.0602124 0.02878 -0.0304079 0.997307 0.117161 
2.69925 -2.63685 -2.04742 0.0648532 0.018582 -0.0319008 0.997212 0.121513 
2.70607 -2.6717 -2.02921 0.0719683 0.021752 -0.0305797 0.996701 0.123684 
2.7129 -2.70656 -2.011 0.079079 0.0249207 -0.0292566 0.996127 0.125855 
2.71356 -2.73372 -1.9855 0.0780043 0.0278261 -0.0386016 0.995817 0.128742 
2.71422 -2.76088 -1.96 0.0769221 0.0307288 -0.0479428 0.99541 0.131629 
2.7047 -2.8388 -1.93313 0.0647279 0.0388512 -0.0456238 0.996102 0.133805 
2.70154 -2.8702 -1.91408 0.0548981 0.0409344 -0.0467343 0.996557 0.136823 
2.69837 -2.9016 -1.89503 0.0450626 0.0430134 -0.04784 0.99691 0.13984 
2.72642 -2.9317 -1.88683 0.0455597 0.0420784 -0.0556928 0.99652 0.139957 
2.75447 -2.96179 -1.87862 0.0460539 0.0411407 -0.0635421 0.996067 0.140074 
2.77328 -2.99602 -1.88368 0.0503976 0.0345936 -0.0585663 0.99641 0.141385 
2.79209 -3.03025 -1.88875 0.0547369 0.0280435 -0.0535854 0.996667 0.142696 
2.77613 -3.11565 -1.88139 0.0610931 0.0368645 -0.0524885 0.996069 0.140827 
2.78093 -3.13373 -1.89182 0.0622817 0.0478279 -0.0552188 0.995382 0.1403 
2.78573 -3.15182 -1.90225 0.0634624 0.058785 -0.057942 0.994565 0.139773 
2.79054 -3.16991 -1.91269 0.0646348 0.0697346 -0.0606576 0.99362 0.139246 
2.78673 -3.17581 -1.91996 0.0606518 0.0612096 -0.0530029 0.99487 0.141944 
2.78292 -3.18171 -1.92723 0.0566597 0.0526756 -0.0453402 0.995972 0.144642 
2.77911 -3.1876 -1.9345 0.0526593 0.0441336 -0.0376708 0.996925 0.147339 
2.7753 -3.1935 -1.94177 0.048651 0.0355852 -0.0299957 0.997731 0.150037 
2.7937 -3.1944 -1.94041 -0.0484667 -0.0394297 0.0284269 -0.997641 0.150045 
2.83434 -3.19637 -1.93741 -0.0480564 -0.0479211 0.0249592 -0.997382 0.150061 
2.87498 -3.19835 -1.93441 -0.0476422 -0.0564085 0.0214893 -0.997039 0.150077 
2.91562 -3.20032 -1.9314 -0.0472239 -0.064891 0.0180176 -0.996611 0.150094 
2.95626 -3.2023 -1.9284 -0.0468016 -0.0733682 0.0145445 -0.9961 0.15011 
2.9969 -3.20427 -1.92539 -0.0463754 -0.0818391 0.01107 -0.995504 0.150127 
3.03754 -3.20625 -1.92239 -0.0459452 -0.0903031 0.0075947 -0.994825 0.150143 
3.07818 -3.20822 -1.91938 -0.0455112 -0.0987595 0.00411871 -0.994062 0.150159 
3.11882 -3.2102 -1.91638 -0.0450734 -0.107208 0.000642375 -0.993214 0.150176 
3.15946 -3.21217 -1.91337 -0.0446317 -0.115647 -0.00283401 -0.992283 0.150192 
3.2001 -3.21415 -1.91037 -0.0441863 -0.124076 -0.00631017 -0.991268 0.150209 
3.24074 -3.21613 -1.90736 -0.0437371 -0.132495 -0.00978578 -0.99017 0.150225 
3.28138 -3.2181 -1.90436 -0.0432843 -0.140902 -0.0132606 -0.988988 0.150241 
3.32202 -3.22008 -1.90136 -0.0428278 -0.149298 -0.0167343 -0.987723 0.150258 
3.36266 -3.22205 -1.89835 -0.0423677 -0.157681 -0.0202065 -0.986374 0.150274 
3.4033 -3.22403 -1.89535 -0.041904 -0.166051 -0.0236771 -0.984942 0.150291 
3.44394 -3.226 -1.89234 -0.0414368 -0.174407 -0.0271456 -0.983427 0.150307 
3.48458 -3.22798 -1.88934 -0.0409661 -0.182748 -0.0306119 -0.981829 0.150323 
3.52522 -3.22995 -1.88633 -0.0404919 -0.191074 -0.0340756 -0.980148 0.15034 
3.56586 -3.23193 -1.88333 -0.0400143 -0.199383 -0.0375364 -0.978384 0.150356 
3.60649 -3.2339 -1.88032 -0.0395334 -0.207676 -0.040994 -0.976538 0.150373 
3.64713 -3.23588 -1.87732 -0.0390491 -0.215951 -0.0444482 -0.97461 0.150389 
3.68777 -3.23785 -1.87432 -0.0385615 -0.224208 -0.0478987 -0.972599 0.150405 
3.72841 -3.23983 -1.87131 -0.0380707 -0.232446 -0.0513451 -0.970507 0.150422 
3.76905 -3.24181 -1.86831 -0.0375766 -0.240665 -0.0547871 -0.968332 0.150438 
3.80969 -3.24378 -1.8653 -0.0370794 -0.248863 -0.0582246 -0.966076 0.150455 
3.85033 -3.24576 -1.8623 -0.036579 -0.25704 -0.0616571 -0.963738 0.150471 
3.89097 -3.24773 -1.85929 -0.0360756 -0.265196 -0.0650844 -0.961319 0.150487 
3.93161 -3.24971 -1.85629 -0.0355691 -0.273329 -0.0685063 -0.958819 0.150504 
3.97225 -3.25168 -1.85328 -0.0350596 -0.281439 -0.0719223 -0.956238 0.15052 
4.01289 -3.25366 -1.85028 -0.0345472 -0.289525 -0.0753323 -0.953576 0.150537 
4.05353 -3.25563 -1.84727 -0.0340319 -0.297587 -0.078736 -0.950834 0.150553 
4.09417 -3.25761 -1.84427 -0.0335136 -0.305624 -0.082133 -0.948011 0.150569 
4.13481 -3.25958 -1.84127 -0.0329926 -0.313635 -0.085523 -0.945109 0.150586 
4.17545 -3.26156 -1.83826 -0.0324687 -0.321619 -0.0889059 -0.942127 0.150602 
4.21609 -3.26354 -1.83526 -0.0319422 -0.329577 -0.0922812 -0.939065 0.150619 
4.25673 -3.26551 -1.83225 -0.0314129 -0.337506 -0.0956488 -0.935924 0.150635 
4.29737 -3.26749 -1.82925 -0.030881 -0.345408 -0.0990083 -0.932704 0.150651 
4.33801 -3.26946 -1.82624 -0.0303465 -0.35328 -0.102359 -0.929406 0.150668 
4.37865 -3.27144 -1.82324 -0.0298094 -0.361122 -0.105702 -0.926029 0.150684 
4.41929 -3.27341 -1.82023 -0.0292698 -0.368934 -0.109036 -0.922574 0.150701 
4.45993 -3.27539 -1.81723 -0.0287277 -0.376714 -0.11236 -0.919041 0.150717 
4.50057 -3.27736 -1.81423 -0.0281832 -0.384463 -0.115675 -0.915431 0.150734 
4.54121 -3.27934 -1.81122 -0.0276363 -0.392179 -0.11898 -0.911743 0.15075 
4.58185 -3.28131 -1.80822 -0.0270871 -0.399863 -0.122275 -0.907978 0.150766 
4.62249 -3.28329 -1.80521 -0.0265357 -0.407512 -0.12556 -0.904137 0.150783 
4.66313 -3.28526 -1.80221 -0.0259819 -0.415127 -0.128834 -0.90022 0.150799 
4.70377 -3.28724 -1.7992 -0.025426 -0.422708 -0.132097 -0.896227 0.150816 
4.74441 -3.28922 -1.7962 -0.024868 -0.430252 -0.13535 -0.892158 0.150832 
4.77747 -3.3036 -1.87643 -0.0279149 -0.432278 -0.145488 -0.889488 0.149894 
4.79797 -3.32375 -1.95674 -0.0223584 -0.440992 -0.151973 -0.884268 0.151322 
4.81847 -3.3439 -2.03705 -0.016798 -0.449628 -0.158431 -0.878892 0.15275 
4.83897 -3.36405 -2.11736 -0.0112346 -0.458185 -0.164861 -0.873362 0.154178 
4.85946 -3.38421 -2.19768 -0.00566925 -0.466661 -0.171263 -0.867678 0.155605 
4.94275 -3.37492 -2.21534 0.00170374 -0.475641 -0.172363 -0.862585 0.15723 
4.96368 -3.35156 -2.20103 0.0143519 -0.469271 -0.174285 -0.865565 0.156298 
4.9846 -3.32821 -2.18673 0.0269969 -0.462801 -0.17617 -0.868361 0.155366 
5.02736 -3.27582 -2.24313 0.024575 -0.471748 -0.175953 -0.863649 0.153826 
5.06727 -3.27866 -2.24954 0.026103 -0.478633 -0.17975 -0.859022 0.154056 
5.10718 -3.2815 -2.25596 0.0276288 -0.485477 -0.183532 -0.854321 0.154287 
5.14708 -3.28434 -2.26237 0.0291522 -0.49228 -0.187298 -0.849547 0.154517 
5.18699 -3.28717 -2.26878 0.0306732 -0.49904 -0.191048 -0.8447 0.154748 
5.2269 -3.29001 -2.27519 0.0321915 -0.505758 -0.194782 -0.839781 0.154978 
5.26681 -3.29285 -2.28161 0.0337071 -0.512432 -0.198499 -0.83479 0.155209 
5.30672 -3.29569 -2.28802 0.0352198 -0.519063 -0.202199 -0.829728 0.155439 
5.34662 -3.29853 -2.29443 0.0367295 -0.525649 -0.205882 -0.824595 0.155669 
5.38853 -3.2542 -2.36028 0.0429895 -0.518684 -0.206205 -0.828613 0.155709 
5.42847 -3.25864 -2.36758 0.0443027 -0.524935 -0.209974 -0.823645 0.155946 
5.4684 -3.26307 -2.37489 0.0456122 -0.531144 -0.213727 -0.818613 0.156183 
5.46968 -3.22508 -2.45392 0.0525436 -0.533005 -0.2199 -0.815346 0.153901 
5.50968 -3.22975 -2.46199 0.0538971 -0.539058 -0.223404 -0.81031 0.154104 
5.54968 -3.23442 -2.47006 0.0552466 -0.545069 -0.226891 -0.805213 0.154307 
5.58968 -3.23909 -2.47813 0.0565918 -0.551039 -0.23036 -0.800054 0.15451 
5.62968 -3.24376 -2.48619 0.0579327 -0.556968 -0.233812 -0.794835 0.154713 
5.66969 -3.24843 -2.49426 0.0592692 -0.562853 -0.237247 -0.789555 0.154916 
5.70969 -3.25309 -2.50233 0.0606013 -0.568696 -0.240663 -0.784215 0.155119 
5.74969 -3.25776 -2.5104 0.0619287 -0.574496 -0.244061 -0.778816 0.155322 
5.78969 -3.26243 -2.51846 0.0632514 -0.580252 -0.24744 -0.773357 0.155525 
5.82969 -3.2671 -2.52653 0.0645692 -0.585963 -0.250801 -0.767839 0.155728 
5.8697 -3.27177 -2.5346 0.0658822 -0.591631 -0.254142 -0.762263 0.155931 
5.9097 -3.27644 -2.54266 0.0671901 -0.597253 -0.257465 -0.756629 0.156134 
5.9497 -3.28111 -2.55073 0.068493 -0.602829 -0.260767 -0.750937 0.156337 
5.9897 -3.28578 -2.5588 0.0697906 -0.60836 -0.26405 -0.745188 0.15654 
6.0297 -3.29045 -2.56687 0.0710829 -0.613845 -0.267312 -0.739382 0.156743 
6.06971 -3.29512 -2.57493 0.0723698 -0.619282 -0.270555 -0.73352 0.156946 
6.10971 -3.29979 -2.583 0.0736512 -0.624673 -0.273776 -0.727603 0.157149 
6.14971 -3.30446 -2.59107 0.074927 -0.630016 -0.276977 -0.72163 0.157352 
6.18971 -3.30913 -2.59914 0.0761971 -0.635311 -0.280157 -0.715602 0.157555 
6.22971 -3.31379 -2.6072 0.0774614 -0.640558 -0.283315 -0.709519 0.157758 
6.26971 -3.31846 -2.61527 0.0787198 -0.645756 -0.286452 -0.703383 0.157961 
6.30972 -3.32313 -2.62334 0.0799722 -0.650905 -0.289567 -0.697193 0.158164 
6.34972 -3.3278 -2.6314 0.0812185 -0.656005 -0.29266 -0.69095 0.158366 
6.38972 -3.33247 -2.63947 0.0824586 -0.661054 -0.295731 -0.684654 0.158569 
6.42972 -3.33714 -2.64754 0.0836925 -0.666053 -0.29878 -0.678306 0.158772 
6.46972 -3.34181 -2.65561 0.08492 -0.671002 -0.301805 -0.671907 0.158975 
6.50973 -3.34648 -2.66367 0.086141 -0.675899 -0.304808 -0.665457 0.159178 
6.54973 -3.35115 -2.67174 0.0873555 -0.680745 -0.307787 -0.658955 0.159381 
6.58973 -3.35582 -2.67981 0.0885633 -0.685539 -0.310743 -0.652404 0.159584 
6.62973 -3.36049 -2.68788 0.0897644 -0.690281 -0.313675 -0.645803 0.159787 
6.66973 -3.36516 -2.69594 0.0909587 -0.694971 -0.316584 -0.639153 0.15999 
6.70974 -3.36983 -2.70401 0.092146 -0.699607 -0.319468 -0.632455 0.160193 
6.74974 -3.37449 -2.71208 0.0933263 -0.704191 -0.322328 -0.625708 0.160396 
6.78974 -3.37916 -2.72014 0.0944995 -0.708721 -0.325164 -0.618913 0.160599 
6.82974 -3.38383 -2.72821 0.0956656 -0.713196 -0.327974 -0.612072 0.160802 
6.86974 -3.3885 -2.73628 0.0968243 -0.717618 -0.33076 -0.605184 0.161005 
6.90974 -3.39317 -2.74435 0.0979757 -0.721985 -0.333521 -0.598249 0.161208 
6.94975 -3.39784 -2.75241 0.0991196 -0.726297 -0.336256 -0.59127 0.161411 
6.98975 -3.40251 -2.76048 0.100256 -0.730554 -0.338966 -0.584245 0.161614 
7.02975 -3.40718 -2.76855 0.101385 -0.734755 -0.34165 -0.577176 0.161817 
7.06975 -3.41185 -2.77661 0.102506 -0.7389 -0.344307 -0.570063 0.16202 
7.10975 -3.41652 -2.78468 0.103619 -0.742989 -0.346939 -0.562906 0.162223 
7.14976 -3.42119 -2.79275 0.104724 -0.747022 -0.349544 -0.555707 0.162426 
7.18976 -3.42586 -2.80082 0.105822 -0.750997 -0.352123 -0.548466 0.162629 
7.22976 -3.43052 -2.80888 0.106911 -0.754916 -0.354675 -0.541182 0.162832 
7.26976 -3.43519 -2.81695 0.107992 -0.758777 -0.3572 -0.533858 0.163035 
7.30976 -3.43986 -2.82502 0.109065 -0.76258 -0.359697 -0.526493 0.163238 
7.34977 -3.44453 -2.83309 0.11013 -0.766325 -0.362168 -0.519087 0.16344 
7.38977 -3.4492 -2.84115 0.111186 -0.770012 -0.36461 -0.511643 0.163643 
7.42977 -3.45387 -2.84922 0.112234 -0.77364 -0.367025 -0.504159 0.163846 
7.46977 -3.45854 -2.85729 0.113273 -0.77721 -0.369413 -0.496637 0.164049 
7.50977 -3.46321 -2.86535 0.114304 -0.78072 -0.371771 -0.489077 0.164252 
7.54977 -3.46788 -2.87342 0.115326 -0.784171 -0.374102 -0.48148 0.164455 
7.58978 -3.47255 -2.88149 0.116339 -0.787562 -0.376404 -0.473847 0.164658 
7.62978 -3.47722 -2.88956 0.117344 -0.790894 -0.378678 -0.466177 0.164861 
7.66978 -3.48189 -2.89762 0.118339 -0.794165 -0.380923 -0.458472 0.165064 
7.70978 -3.48656 -2.90569 0.119325 -0.797375 -0.383138 -0.450732 0.165267 
7.74978 -3.49122 -2.91376 0.120303 -0.800525 -0.385325 -0.442957 0.16547 
7.78979 -3.49589 -2.92183 0.121271 -0.803614 -0.387482 -0.435149 0.165673 
7.82979 -3.50056 -2.92989 0.12223 -0.806642 -0.38961 -0.427308 0.165876 
7.86979 -3.50523 -2.93796 0.123179 -0.809609 -0.391708 -0.419434 0.166079 
7.90979 -3.5099 -2.94603 0.12412 -0.812514 -0.393777 -0.411529 0.166282 
7.94979 -3.51457 -2.95409 0.125051 -0.815357 -0.395815 -0.403592 0.166485 
7.9898 -3.51924 -2.96216 0.125972 -0.818138 -0.397823 -0.395624 0.166688 
8.0298 -3.52391 -2.97023 0.126884 -0.820857 -0.399801 -0.387626 0.166891 
8.0698 -3.52858 -2.9783 0.127786 -0.823513 -0.401749 -0.379599 0.167094 
8.1098 -3.53325 -2.98636 0.128678 -0.826106 -0.403666 -0.371543 0.167297 
8.1498 -3.53792 -2.99443 0.129561 -0.828637 -0.405552 -0.363458 0.1675 
8.1898 -3.54259 -3.0025 0.130433 -0.831105 -0.407407 -0.355346 0.167703 
8.22981 -3.54726 -3.01057 0.131296 -0.833509 -0.409232 -0.347207 0.167906 
8.26981 -3.55192 -3.01863 0.132149 -0.83585 -0.411025 -0.339042 0.168109 
8.30981 -3.55659 -3.0267 0.132991 -0.838128 -0.412787 -0.33085 0.168312 
8.34981 -3.56126 -3.03477 0.133824 -0.840342 -0.414517 -0.322634 0.168514 
8.41951 -3.51142 -3.05909 0.125302 -0.841363 -0.412408 -0.32608 0.169959 
8.47961 -3.4949 -3.00331 0.135651 -0.839407 -0.419321 -0.318063 0.168537 
8.54983 -3.45394 -3.03147 0.134908 -0.844634 -0.407135 -0.320367 0.169022 
8.62555 -3.40359 -3.02448 0.132413 -0.841213 -0.411362 -0.324976 0.167776 
8.69729 -3.41072 -3.08064 0.128039 -0.844902 -0.406788 -0.322911 0.166779 
8.74718 -3.35553 -3.1267 0.130731 -0.848191 -0.397652 -0.324584 0.164497 
8.75012 -3.30245 -3.19469 0.131758 -0.850677 -0.40031 -0.314229 0.161825 
8.80558 -3.24048 -3.22015 0.13522 -0.852545 -0.392549 -0.31747 0.158083 
8.86009 -3.19901 -3.27105 0.136158 -0.845295 -0.401618 -0.325023 0.158869 
8.89335 -3.18878 -3.25558 0.141208 -0.840718 -0.408421 -0.32626 0.156662 
8.92662 -3.17855 -3.24012 0.146246 -0.836062 -0.415185 -0.327466 0.154454 
8.95044 -3.15181 -3.26115 0.148536 -0.836808 -0.418332 -0.320451 0.154036 
8.97427 -3.12508 -3.28217 0.150816 -0.837499 -0.421451 -0.313415 0.153618 
9.04047 -3.07309 -3.31767 0.155297 -0.834183 -0.426511 -0.313223 0.152502 
9.08142 -3.07673 -3.32299 0.156231 -0.83623 -0.427894 -0.305316 0.152706 
9.12238 -3.08036 -3.32831 0.157154 -0.838218 -0.429248 -0.297388 0.152911 
9.16333 -3.084 -3.33363 0.158066 -0.840148 -0.430572 -0.289439 0.153115 
9.20429 -3.08763 -3.33895 0.158967 -0.842019 -0.431866 -0.28147 0.15332 
9.24525 -3.09127 -3.34427 0.159857 -0.843832 -0.43313 -0.273482 0.153524 
9.2862 -3.0949 -3.34959 0.160736 -0.845586 -0.434363 -0.265474 0.153728 
9.35181 -3.081 -3.30179 0.168065 -0.850569 -0.422045 -0.264886 0.151267 
9.3912 -3.09016 -3.30835 0.168901 -0.852191 -0.42358 -0.25656 0.151636 
9.43059 -3.09932 -3.3149 0.169724 -0.85375 -0.425083 -0.248214 0.152004 
9.51476 -3.10244 -3.31594 0.178768 -0.852758 -0.419474 -0.254728 0.148755 
9.56565 -3.16619 -3.27617 0.174942 -0.851492 -0.425658 -0.251339 0.147626 
9.64284 -3.14356 -3.23306 0.176366 -0.851352 -0.422382 -0.256298 0.145005 
9.66189 -3.14759 -3.19932 0.16712 -0.85545 -0.41901 -0.254376 0.145213 
9.68094 -3.15163 -3.16558 0.157854 -0.859448 -0.415588 -0.252424 0.145421 
9.69761 -3.08478 -3.11071 0.166939 -0.855281 -0.420098 -0.253267 0.14449 
9.71163 -3.07082 -3.02388 0.164261 -0.860745 -0.411923 -0.249911 0.144279 
9.78474 -3.02167 -2.99081 0.16524 -0.858068 -0.414794 -0.253694 0.144636 
9.85971 -2.9842 -2.97331 0.164761 -0.852539 -0.426153 -0.253821 0.142899 
9.91648 -2.92715 -3.00468 0.161416 -0.857637 -0.416016 -0.255606 0.141243 
9.95689 -2.93421 -3.01018 0.162122 -0.859226 -0.417293 -0.247617 0.141581 
9.99729 -2.94128 -3.01568 0.162817 -0.860756 -0.418541 -0.239612 0.14192 
10.0377 -2.94835 -3.02118 0.163501 -0.862226 -0.41976 -0.231591 0.142258 
10.0781 -2.95541 -3.02668 0.164173 -0.863638 -0.420951 -0.223553 0.142597 
10.1185 -2.96248 -3.03217 0.164835 -0.864991 -0.422113 -0.2155 0.142935 
10.1589 -2.96955 -3.03767 0.165485 -0.866285 -0.423246 -0.207433 0.143274 
10.1993 -2.97662 -3.04317 0.166124 -0.867519 -0.42435 -0.199351 0.143612 
10.2397 -2.98368 -3.04867 0.166751 -0.868694 -0.425425 -0.191255 0.143951 
10.2801 -2.99075 -3.05417 0.167367 -0.869809 -0.426471 -0.183147 0.144289 
10.3205 -2.99782 -3.05967 0.167972 -0.870865 -0.427488 -0.175026 0.144627 
10.361 -3.00489 -3.06517 0.168565 -0.871861 -0.428475 -0.166893 0.144966 
10.4014 -3.01195 -3.07067 0.169147 -0.872797 -0.429434 -0.158748 0.145304 
10.4418 -3.01902 -3.07617 0.169717 -0.873674 -0.430362 -0.150593 0.145643 
10.4822 -3.02609 -3.08167 0.170275 -0.874491 -0.431261 -0.142427 0.145981 
10.5226 -3.03316 -3.08717 0.170822 -0.875248 -0.432131 -0.134252 0.14632 
10.563 -3.04022 -3.09267 0.171357 -0.875945 -0.432971 -0.126067 0.146658 
10.6034 -3.04729 -3.09817 0.17188 -0.876582 -0.433782 -0.117874 0.146996 
10.6438 -3.05436 -3.10367 0.172391 -0.877159 -0.434563 -0.109673 0.147335 
10.6842 -3.06142 -3.10916 0.172891 -0.877676 -0.435314 -0.101464 0.147673 
10.7246 -3.06849 -3.11466 0.173379 -0.878133 -0.436035 -0.0932482 0.148012 
10.765 -3.07556 -3.12016 0.173855 -0.87853 -0.436726 -0.085026 0.14835 
10.8054 -3.08263 -3.12566 0.174319 -0.878867 -0.437388 -0.0767981 0.148689 
10.8458 -3.08969 -3.13116 0.174771 -0.879143 -0.438019 -0.0685648 0.149027 
10.8862 -3.09676 -3.13666 0.175211 -0.87936 -0.438621 -0.0603269 0.149365 
10.9266 -3.10383 -3.14216 0.17564 -0.879516 -0.439192 -0.0520849 0.149704 
10.9671 -3.1109 -3.14766 0.176056 -0.879612 -0.439734 -0.0438393 0.150042 
11.0375 -3.1067 -3.19514 0.186113 -0.879092 -0.435525 -0.0536432 0.150326 
11.1184 -3.08318 -3.20492 0.176965 -0.877108 -0.442306 -0.0610855 0.151785 
11.2039 -3.07085 -3.23394 0.173888 -0.880734 -0.43688 -0.0566202 0.151474 
11.2808 -3.08596 -3.19658 0.166945 -0.880523 -0.438606 -0.0665798 0.150529 
11.3204 -3.00849 -3.19803 0.161139 -0.882896 -0.434633 -0.074988 0.148765 
11.3381 -2.99488 -3.20211 0.16814 -0.878379 -0.440549 -0.0780709 0.148754 
11.3557 -2.98127 -3.2062 0.17512 -0.873763 -0.446415 -0.0811448 0.148743 
11.3733 -2.96765 -3.21028 0.182081 -0.869047 -0.452231 -0.0842095 0.148732 
11.4615 -2.95666 -3.20307 0.19067 -0.867163 -0.452515 -0.0830909 0.146782 
11.5382 -2.91924 -3.20017 0.18772 -0.865959 -0.453349 -0.0967029 0.146173 
11.5618 -2.90018 -3.18605 0.195653 -0.869381 -0.442655 -0.0997685 0.143691 
11.5853 -2.88112 -3.17192 0.203547 -0.87263 -0.431873 -0.102814 0.14121 
11.6059 -2.81295 -3.21707 0.193853 -0.878128 -0.426817 -0.0956041 0.13974 
11.6414 -2.74134 -3.24804 0.190194 -0.873279 -0.436572 -0.103029 0.139131 
11.7285 -2.7155 -3.23286 0.187086 -0.872378 -0.440344 -0.100261 0.136858 
11.7731 -2.64321 -3.22503 0.19674 -0.872917 -0.433466 -0.106853 0.135756 
11.85 -2.61632 -3.18317 0.197357 -0.872494 -0.432248 -0.113868 0.134537 
11.9227 -2.57183 -3.19314 0.186474 -0.876034 -0.428674 -0.118451 0.133181 
11.9949 -2.52273 -3.19335 0.195933 -0.871391 -0.433679 -0.119204 0.132159 
12.0213 -2.53536 -3.17154 0.192135 -0.868533 -0.439112 -0.126154 0.128682 
12.0477 -2.548 -3.14974 0.188319 -0.865588 -0.444501 -0.133091 0.125204 
12.1017 -2.54723 -3.08411 0.199062 -0.863864 -0.445083 -0.12655 0.122892 
12.1318 -2.55567 -3.06199 0.193222 -0.866816 -0.444366 -0.117618 0.122298 
12.1619 -2.56411 -3.03987 0.187359 -0.869662 -0.443594 -0.108671 0.121704 
12.2353 -2.50889 -3.02704 0.182118 -0.870362 -0.445157 -0.105534 0.122629 
12.2679 -2.5143 -3.007 0.190641 -0.870444 -0.442745 -0.0997987 0.123482 
12.3004 -2.5197 -2.98696 0.199142 -0.870429 -0.440284 -0.0940522 0.124336 
12.3356 -2.51848 -3.00131 0.205698 -0.86603 -0.446951 -0.0889664 0.124753 
12.3709 -2.51725 -3.01566 0.212226 -0.861516 -0.453559 -0.0838689 0.125171 
12.4042 -2.50913 -3.03445 0.21083 -0.865099 -0.447563 -0.0827139 0.121537 
12.4376 -2.501 -3.05323 0.209423 -0.868636 -0.441545 -0.0815547 0.117904 
12.5208 -2.52427 -3.02557 0.206395 -0.870466 -0.438621 -0.085449 0.114619 
12.5941 -2.517 -2.97982 0.216539 -0.870322 -0.434148 -0.0846501 0.112452 
12.632 -2.54584 -2.91289 0.222013 -0.866488 -0.440895 -0.0743011 0.108645 
12.7023 -2.48415 -2.90785 0.218483 -0.866992 -0.441995 -0.0723199 0.106513 
12.7754 -2.52843 -2.86492 0.217999 -0.866937 -0.442629 -0.0705368 0.104134 
12.8518 -2.52252 -2.82548 0.228986 -0.866209 -0.437628 -0.0756927 0.103472 
12.9187 -2.47581 -2.79201 0.231062 -0.86362 -0.440128 -0.0840118 0.100897 
12.9475 -2.45289 -2.77639 0.23476 -0.859512 -0.445593 -0.0870319 0.0992137 
12.9762 -2.42997 -2.76078 0.238441 -0.855343 -0.451027 -0.0900459 0.0975308 
12.9884 -2.40128 -2.73999 0.244489 -0.852374 -0.451928 -0.0971843 0.0948469 
13.0006 -2.3726 -2.71919 0.250513 -0.849322 -0.452784 -0.104313 0.0921629 
13.0655 -2.33744 -2.66531 0.248556 -0.849603 -0.455059 -0.0965173 0.0923915 
13.0819 -2.27572 -2.60352 0.2515 -0.845568 -0.462044 -0.0909786 0.0914696 
13.1466 -2.25788 -2.54445 0.254061 -0.84886 -0.455884 -0.0840183 0.0910737 
13.1599 -2.22404 -2.53045 0.258225 -0.844535 -0.460943 -0.0872443 0.0885149 
13.1731 -2.19019 -2.51645 0.262371 -0.840149 -0.465969 -0.0904639 0.0859562 
13.2509 -2.19439 -2.46471 0.264286 -0.840718 -0.462993 -0.0947804 0.0850835 
13.2575 -2.15426 -2.46881 0.260039 -0.843181 -0.459714 -0.100436 0.0841284 
13.2641 -2.11413 -2.47291 0.255775 -0.845588 -0.456405 -0.106085 0.0831734 
13.2858 -2.09511 -2.4484 0.2462 -0.850931 -0.452414 -0.103075 0.0831062 
13.3076 -2.07609 -2.42388 0.236588 -0.85615 -0.448357 -0.100049 0.0830391 
13.3529 -2.02968 -2.37033 0.245362 -0.849839 -0.453968 -0.107164 0.0812776 
13.4185 -1.99989 -2.32415 0.240105 -0.855007 -0.448771 -0.0995866 0.0786638 
13.4027 -1.98225 -2.24012 0.235833 -0.853265 -0.454869 -0.0970404 0.0740243 
13.4191 -2.0064 -2.21969 0.243871 -0.849292 -0.459131 -0.0918085 0.070847 
13.4354 -2.03055 -2.19927 0.251878 -0.845213 -0.463335 -0.0865651 0.0676697 
13.4945 -1.97916 -2.15695 0.245515 -0.843664 -0.469583 -0.0862924 0.0657342 
13.5514 -1.922 -2.12505 0.246064 -0.843684 -0.467294 -0.0963679 0.0628107 
13.6216 -1.89113 -2.06848 0.246647 -0.844524 -0.465492 -0.0962399 0.0601491 
13.7051 -1.89726 -2.01999 0.248531 -0.843173 -0.466979 -0.0960345 0.0596846 
13.7264 -1.88993 -1.98864 0.251668 -0.839054 -0.471832 -0.100132 0.0565036 
13.7478 -1.8826 -1.95729 0.254789 -0.834878 -0.476654 -0.104222 0.0533226 
13.7841 -1.88156 -1.88072 0.255354 -0.841555 -0.463971 -0.106353 0.0525865 
13.8228 -1.81265 -1.83828 0.261741 -0.841501 -0.459461 -0.110739 0.0512601 
13.8379 -1.80105 -1.80502 0.266805 -0.836765 -0.463363 -0.118041 0.0503824 
13.853 -1.78944 -1.77176 0.271838 -0.831932 -0.467212 -0.125329 0.0495046 
13.8631 -1.77948 -1.69269 0.257973 -0.837179 -0.466588 -0.121969 0.0450478 
13.8593 -1.69333 -1.68753 0.25095 -0.841097 -0.463388 -0.121864 0.0400901 
13.9168 -1.67133 -1.6166 0.249214 -0.842909 -0.460689 -0.123136 0.0378986 
13.9528 -1.61467 -1.564 0.243037 -0.840525 -0.464906 -0.135325 0.0381151 
14.0185 -1.57333 -1.51333 0.24003 -0.841718 -0.465545 -0.131016 0.0361958 
14.0147 -1.50347 -1.45884 0.237427 -0.847129 -0.458626 -0.125148 0.0357564 
14.0695 -1.44467 -1.42426 0.234556 -0.846361 -0.46334 -0.118207 0.0321227 
14.0755 -1.36429 -1.40695 0.228461 -0.846575 -0.462674 -0.13057 0.0283673 
14.126 -1.31708 -1.34535 0.22848 -0.845894 -0.462498 -0.135482 0.0259022 
14.1526 -1.25989 -1.28167 0.225599 -0.843869 -0.464729 -0.144971 0.025888 
14.1773 -1.18394 -1.24596 0.215233 -0.846255 -0.467034 -0.13931 0.0256595 
14.2493 -1.12984 -1.22429 0.220197 -0.846396 -0.465004 -0.137468 0.0239554 
14.2855 -1.06907 -1.16846 0.222641 -0.84742 -0.464391 -0.12904 0.0229045 
14.3021 -0.990488 -1.13498 0.228216 -0.850316 -0.456006 -0.130149 0.0204596 
14.3083 -0.918118 -1.08326 0.222786 -0.852929 -0.452715 -0.13389 0.0174458 
14.3499 -0.881945 -1.01331 0.219398 -0.854508 -0.453349 -0.127103 0.0142848 
14.4008 -0.845544 -0.948766 0.223828 -0.852666 -0.456226 -0.121323 0.0122712 
14.4204 -0.83316 -0.857334 0.222202 -0.853781 -0.45559 -0.118839 0.00983151 

