0 0 0 0 0 0 1 4.68624e-310 
0.0388564 -0.0170928 -0.0162718 0.013037 0.00559621 -0.00646995 0.999878 0.00288281 
0.0777129 -0.0341856 -0.0325435 0.0260709 0.0111911 -0.0129383 0.999514 0.00576561 
0.116569 -0.0512783 -0.0488153 0.0390984 0.0167832 -0.0194036 0.998906 0.00864842 
0.155426 -0.0683711 -0.065087 0.0521164 0.0223712 -0.0258641 0.998055 0.0115312 
0.194282 -0.0854639 -0.0813588 0.0651217 0.0279539 -0.0323183 0.996962 0.014414 
0.233139 -0.102557 -0.0976305 0.0781112 0.0335297 -0.0387646 0.995626 0.0172968 
0.271995 -0.119649 -0.113902 0.0910817 0.0390973 -0.0452016 0.994048 0.0201796 
0.310852 -0.136742 -0.130174 0.10403 0.0446555 -0.0516275 0.992229 0.0230624 
0.349708 -0.153835 -0.146446 0.116953 0.0502028 -0.0580409 0.990168 0.0259453 
0.388564 -0.170928 -0.162718 0.129848 0.0557379 -0.0644402 0.987867 0.0288281 
0.427421 -0.188021 -0.178989 0.142711 0.0612594 -0.0708238 0.985325 0.0317109 
0.466277 -0.205113 -0.195261 0.155539 0.066766 -0.0771902 0.982543 0.0345937 
0.505134 -0.222206 -0.211533 0.16833 0.0722564 -0.0835378 0.979523 0.0374765 
0.54399 -0.239299 -0.227805 0.181079 0.0777293 -0.0898651 0.976265 0.0403593 
0.582847 -0.256392 -0.244076 0.193785 0.0831832 -0.0961706 0.972769 0.0432421 
0.621703 -0.273484 -0.260348 0.206443 0.0886169 -0.102453 0.969036 0.0461249 
0.66056 -0.290577 -0.27662 0.219052 0.0940291 -0.10871 0.965068 0.0490077 
0.699416 -0.30767 -0.292892 0.231607 0.0994184 -0.114941 0.960866 0.0518905 
0.738272 -0.324763 -0.309163 0.244105 0.104784 -0.121143 0.956429 0.0547733 
0.777129 -0.341856 -0.325435 0.256545 0.110123 -0.127317 0.951761 0.0576561 
0.815985 -0.358948 -0.341707 0.268922 0.115436 -0.133459 0.94686 0.0605389 
0.854842 -0.376041 -0.357979 0.281233 0.120721 -0.139569 0.94173 0.0634217 
0.893698 -0.393134 -0.37425 0.293476 0.125976 -0.145645 0.93637 0.0663045 
0.932555 -0.410227 -0.390522 0.305648 0.131201 -0.151685 0.930783 0.0691873 
0.971411 -0.42732 -0.406794 0.317745 0.136394 -0.157689 0.92497 0.0720702 
1.01027 -0.444412 -0.423066 0.329766 0.141554 -0.163654 0.918931 0.074953 
1.04912 -0.461505 -0.439337 0.341706 0.146679 -0.16958 0.912669 0.0778358 
1.08798 -0.478598 -0.455609 0.353563 0.151769 -0.175464 0.906185 0.0807186 
1.12684 -0.495691 -0.471881 0.365334 0.156821 -0.181306 0.899481 0.0836014 
1.16569 -0.512783 -0.488153 0.377016 0.161836 -0.187103 0.892558 0.0864842 
1.20455 -0.529876 -0.504424 0.388606 0.166811 -0.192856 0.885418 0.089367 
1.24341 -0.546969 -0.520696 0.400102 0.171746 -0.198561 0.878063 0.0922498 
1.28226 -0.564062 -0.536968 0.411501 0.176639 -0.204218 0.870495 0.0951326 
1.32112 -0.581155 -0.55324 0.4228 0.181489 -0.209825 0.862714 0.0980154 
1.35998 -0.598247 -0.569511 0.433995 0.186295 -0.215381 0.854724 0.100898 
1.39883 -0.61534 -0.585783 0.445086 0.191055 -0.220885 0.846526 0.103781 
1.43769 -0.632433 -0.602055 0.456068 0.19577 -0.226335 0.838122 0.106664 
1.47654 -0.649526 -0.618327 0.466939 0.200436 -0.23173 0.829515 0.109547 
1.5154 -0.666618 -0.634598 0.477697 0.205054 -0.237069 0.820705 0.112429 
1.55426 -0.683711 -0.65087 0.488338 0.209622 -0.24235 0.811696 0.115312 
1.59311 -0.700804 -0.667142 0.498861 0.214139 -0.247572 0.80249 0.118195 
1.63197 -0.717897 -0.683414 0.509262 0.218604 -0.252734 0.793089 0.121078 
1.67083 -0.73499 -0.699685 0.51954 0.223015 -0.257835 0.783495 0.123961 
1.70968 -0.752082 -0.715957 0.529691 0.227373 -0.262872 0.77371 0.126843 
1.74854 -0.769175 -0.732229 0.539714 0.231675 -0.267846 0.763737 0.129726 
1.7874 -0.786268 -0.748501 0.549605 0.235921 -0.272755 0.753579 0.132609 
1.82625 -0.803361 -0.764772 0.559362 0.240109 -0.277598 0.743237 0.135492 
1.86511 -0.820453 -0.781044 0.568984 0.244239 -0.282372 0.732714 0.138375 
1.90397 -0.837546 -0.797316 0.578467 0.24831 -0.287079 0.722013 0.141257 
1.94282 -0.854639 -0.813588 0.58781 0.252321 -0.291715 0.711137 0.14414 
1.98168 -0.871732 -0.82986 0.597009 0.25627 -0.296281 0.700088 0.147023 
2.02053 -0.888825 -0.846131 0.606064 0.260156 -0.300774 0.688869 0.149906 
2.05939 -0.905917 -0.862403 0.614971 0.26398 -0.305195 0.677482 0.152789 
2.09825 -0.92301 -0.878675 0.623729 0.267739 -0.309541 0.66593 0.155672 
2.1371 -0.940103 -0.894947 0.632335 0.271433 -0.313812 0.654217 0.158554 
2.17596 -0.957196 -0.911218 0.640787 0.275061 -0.318006 0.642344 0.161437 
2.21482 -0.974288 -0.92749 0.649083 0.278622 -0.322124 0.630315 0.16432 
2.25367 -0.991381 -0.943762 0.657222 0.282116 -0.326163 0.618133 0.167203 
2.29253 -1.00847 -0.960034 0.6652 0.285541 -0.330122 0.605801 0.170086 
2.33139 -1.02557 -0.976305 0.673017 0.288896 -0.334002 0.593321 0.172968 
2.37024 -1.04266 -0.992577 0.680671 0.292182 -0.3378 0.580697 0.175851 
2.4091 -1.05975 -1.00885 0.688158 0.295396 -0.341516 0.567932 0.178734 
2.44796 -1.07685 -1.02512 0.695479 0.298538 -0.345149 0.555028 0.181617 
2.48681 -1.09394 -1.04139 0.70263 0.301608 -0.348698 0.54199 0.1845 
2.52567 -1.11103 -1.05766 0.709611 0.304604 -0.352162 0.52882 0.187382 
2.56453 -1.12812 -1.07394 0.716419 0.307527 -0.355541 0.515522 0.190265 
2.60338 -1.14522 -1.09021 0.723052 0.310374 -0.358833 0.502098 0.193148 
2.64224 -1.16231 -1.10648 0.72951 0.313146 -0.362038 0.488552 0.196031 
2.68109 -1.1794 -1.12275 0.735791 0.315842 -0.365155 0.474887 0.198914 
2.71995 -1.19649 -1.13902 0.741893 0.318461 -0.368183 0.461106 0.201796 
2.75881 -1.21359 -1.15529 0.747814 0.321003 -0.371121 0.447214 0.204679 
2.79766 -1.23068 -1.17157 0.753553 0.323467 -0.37397 0.433213 0.207562 
2.83652 -1.24777 -1.18784 0.759109 0.325852 -0.376727 0.419106 0.210445 
2.87538 -1.26487 -1.20411 0.764481 0.328158 -0.379393 0.404898 0.213328 
2.91423 -1.28196 -1.22038 0.769667 0.330384 -0.381966 0.390591 0.21621 
2.95309 -1.29905 -1.23665 0.774665 0.332529 -0.384447 0.376189 0.219093 
2.99195 -1.31614 -1.25293 0.779476 0.334594 -0.386834 0.361696 0.221976 
3.0308 -1.33324 -1.2692 0.784096 0.336578 -0.389127 0.347115 0.224859 
3.06966 -1.35033 -1.28547 0.788526 0.338479 -0.391326 0.332449 0.227742 
3.10852 -1.36742 -1.30174 0.792765 0.340298 -0.393429 0.317702 0.230624 
3.14737 -1.38452 -1.31801 0.79681 0.342035 -0.395437 0.302879 0.233507 
3.18623 -1.40161 -1.33428 0.800662 0.343688 -0.397348 0.287981 0.23639 
3.22508 -1.4187 -1.35056 0.804319 0.345258 -0.399163 0.273014 0.239273 
3.26394 -1.43579 -1.36683 0.80778 0.346744 -0.400881 0.25798 0.242156 
3.3028 -1.45289 -1.3831 0.811045 0.348146 -0.402502 0.242883 0.245039 
3.34165 -1.46998 -1.39937 0.814113 0.349463 -0.404024 0.227728 0.247921 
3.38051 -1.48707 -1.41564 0.816983 0.350695 -0.405448 0.212517 0.250804 
3.41937 -1.50416 -1.43191 0.819655 0.351841 -0.406774 0.197254 0.253687 
3.45822 -1.52126 -1.44819 0.822126 0.352902 -0.408001 0.181944 0.25657 
3.49708 -1.53835 -1.46446 0.824399 0.353878 -0.409128 0.166589 0.259453 
3.53594 -1.55544 -1.48073 0.82647 0.354767 -0.410156 0.151193 0.262335 
3.57479 -1.57254 -1.497 0.828341 0.35557 -0.411085 0.135761 0.265218 
3.61365 -1.58963 -1.51327 0.83001 0.356286 -0.411913 0.120296 0.268101 
3.65251 -1.60672 -1.52954 0.831477 0.356916 -0.412641 0.104802 0.270984 
3.69136 -1.62381 -1.54582 0.832743 0.357459 -0.413269 0.0892818 0.273867 
3.73022 -1.64091 -1.56209 0.833805 0.357915 -0.413797 0.0737402 0.276749 
3.76907 -1.658 -1.57836 0.834665 0.358285 -0.414223 0.0581806 0.279632 
3.80793 -1.67509 -1.59463 -0.835322 -0.358567 0.41455 -0.042607 0.282515 
3.79979 -1.62967 -1.62327 -0.830115 -0.35419 0.428548 -0.04249 0.281246 
3.79165 -1.58426 -1.65191 -0.824706 -0.349728 0.442442 -0.0423627 0.279978 
3.7835 -1.53884 -1.68054 -0.819098 -0.345181 0.456229 -0.0422252 0.278709 
3.77536 -1.49342 -1.70918 -0.813292 -0.340551 0.469906 -0.0420775 0.277441 
3.76722 -1.448 -1.73782 -0.807288 -0.335838 0.483468 -0.0419195 0.276172 
3.75908 -1.40258 -1.76646 -0.801089 -0.331044 0.496914 -0.0417514 0.274903 
3.75093 -1.35716 -1.79509 -0.794696 -0.326169 0.510239 -0.0415732 0.273635 
3.74279 -1.31175 -1.82373 -0.78811 -0.321216 0.523441 -0.0413849 0.272366 
3.73465 -1.26633 -1.85237 -0.781333 -0.316184 0.536516 -0.0411866 0.271098 
3.72651 -1.22091 -1.881 -0.774367 -0.311077 0.549461 -0.0409783 0.269829 
3.71836 -1.17549 -1.90964 -0.767214 -0.305893 0.562273 -0.0407601 0.26856 
3.71022 -1.13007 -1.93828 -0.759875 -0.300636 0.574948 -0.040532 0.267292 
3.70208 -1.08465 -1.96692 -0.752351 -0.295306 0.587485 -0.0402941 0.266023 
3.69394 -1.03924 -1.99555 -0.744646 -0.289904 0.599879 -0.0400465 0.264755 
3.68579 -0.993818 -2.02419 -0.73676 -0.284432 0.612127 -0.0397891 0.263486 
3.67765 -0.9484 -2.05283 -0.728695 -0.278891 0.624228 -0.0395221 0.262217 
3.66951 -0.902981 -2.08146 -0.720454 -0.273283 0.636177 -0.0392455 0.260949 
3.66137 -0.857563 -2.1101 -0.712039 -0.267609 0.647972 -0.0389595 0.25968 
3.65322 -0.812145 -2.13874 -0.703451 -0.261869 0.659611 -0.0386639 0.258412 
3.64508 -0.766726 -2.16738 -0.694693 -0.256066 0.671089 -0.0383591 0.257143 
3.63694 -0.721308 -2.19601 -0.685766 -0.250202 0.682405 -0.0380449 0.255874 
3.6288 -0.67589 -2.22465 -0.676673 -0.244276 0.693556 -0.0377215 0.254606 
3.62065 -0.630472 -2.25329 -0.667417 -0.238292 0.704538 -0.037389 0.253337 
3.61251 -0.585053 -2.28193 -0.657999 -0.232249 0.71535 -0.0370474 0.252068 
3.60437 -0.539635 -2.31056 -0.648421 -0.226151 0.725989 -0.0366968 0.2508 
3.59623 -0.494217 -2.3392 -0.638686 -0.219997 0.736452 -0.0363374 0.249531 
3.58808 -0.448798 -2.36784 -0.628797 -0.213791 0.746736 -0.0359691 0.248263 
3.57994 -0.40338 -2.39647 -0.618755 -0.207532 0.756839 -0.0355922 0.246994 
3.5718 -0.357962 -2.42511 -0.608563 -0.201223 0.76676 -0.0352066 0.245725 
3.56366 -0.312543 -2.45375 -0.598224 -0.194866 0.776494 -0.0348125 0.244457 
3.55551 -0.267125 -2.48239 -0.58774 -0.188461 0.786041 -0.0344099 0.243188 
3.54737 -0.221707 -2.51102 -0.577114 -0.182011 0.795397 -0.0339991 0.24192 
3.53923 -0.176289 -2.53966 -0.566348 -0.175517 0.80456 -0.0335799 0.240651 
3.53109 -0.13087 -2.5683 -0.555444 -0.16898 0.813528 -0.0331527 0.239382 
3.52294 -0.0854519 -2.59694 -0.544407 -0.162402 0.8223 -0.0327174 0.238114 
3.5148 -0.0400336 -2.62557 -0.533237 -0.155785 0.830872 -0.0322742 0.236845 
3.50666 0.00538468 -2.65421 -0.521938 -0.14913 0.839243 -0.0318232 0.235577 
3.49852 0.050803 -2.68285 -0.510513 -0.142439 0.84741 -0.0313645 0.234308 
3.49038 0.0962213 -2.71148 -0.498964 -0.135713 0.855373 -0.0308981 0.233039 
3.48223 0.14164 -2.74012 -0.487294 -0.128955 0.863128 -0.0304243 0.231771 
3.47409 0.187058 -2.76876 -0.475506 -0.122165 0.870674 -0.0299431 0.230502 
3.46595 0.232476 -2.7974 -0.463603 -0.115346 0.878009 -0.0294547 0.229234 
3.45781 0.277894 -2.82603 -0.451588 -0.108499 0.885132 -0.0289591 0.227965 
3.44966 0.323313 -2.85467 -0.439463 -0.101625 0.89204 -0.0284566 0.226696 
3.44152 0.368731 -2.88331 -0.427232 -0.0947271 0.898732 -0.0279471 0.225428 
3.43338 0.414149 -2.91194 -0.414897 -0.0878061 0.905206 -0.0274308 0.224159 
3.42524 0.459568 -2.94058 -0.402462 -0.0808638 0.911461 -0.0269079 0.222891 
3.41709 0.504986 -2.96922 -0.389929 -0.0739019 0.917496 -0.0263785 0.221622 
3.40895 0.550404 -2.99786 -0.377302 -0.0669221 0.923308 -0.0258427 0.220353 
3.40081 0.595823 -3.02649 -0.364583 -0.0599261 0.928896 -0.0253007 0.219085 
3.39267 0.641241 -3.05513 -0.351777 -0.0529156 0.934259 -0.0247525 0.217816 
3.38452 0.686659 -3.08377 -0.338885 -0.0458922 0.939396 -0.0241983 0.216548 
3.37638 0.732078 -3.11241 -0.32591 -0.0388578 0.944306 -0.0236383 0.215279 
3.36824 0.777496 -3.14104 -0.312857 -0.0318139 0.948987 -0.0230725 0.21401 
3.3601 0.822914 -3.16968 -0.299728 -0.0247624 0.953438 -0.0225011 0.212742 
3.35195 0.868332 -3.19832 -0.286527 -0.0177048 0.957658 -0.0219243 0.211473 
3.34381 0.913751 -3.22695 -0.273256 -0.0106429 0.961646 -0.0213422 0.210205 
3.33567 0.959169 -3.25559 -0.259919 -0.00357851 0.965401 -0.0207549 0.208936 
3.32753 1.00459 -3.28423 -0.246519 0.00348679 0.968922 -0.0201626 0.207667 
3.31938 1.05001 -3.31287 -0.233059 0.0105512 0.972208 -0.0195654 0.206399 
3.31124 1.09542 -3.3415 -0.219543 0.0176131 0.975259 -0.0189635 0.20513 
3.3031 1.14084 -3.37014 -0.205974 0.0246708 0.978074 -0.0183569 0.203862 
3.29496 1.18626 -3.39878 -0.192355 0.0317224 0.980652 -0.0177459 0.202593 
3.28681 1.23168 -3.42741 -0.178689 0.0387664 0.982992 -0.0171307 0.201324 
3.27867 1.2771 -3.45605 -0.16498 0.045801 0.985095 -0.0165112 0.200056 
3.27053 1.32252 -3.48469 -0.151231 0.0528245 0.986958 -0.0158878 0.198787 
3.26239 1.36793 -3.51333 -0.137445 0.0598352 0.988583 -0.0152605 0.197518 
3.25424 1.41335 -3.54196 -0.123626 0.0668314 0.989968 -0.0146296 0.19625 
3.2461 1.45877 -3.5706 -0.109777 0.0738114 0.991113 -0.013995 0.194981 
3.23796 1.50419 -3.59924 -0.0959012 0.0807735 0.992018 -0.0133571 0.193713 
3.22982 1.54961 -3.62788 -0.0820025 0.0877161 0.992683 -0.012716 0.192444 
3.22167 1.59503 -3.65651 -0.0680838 0.0946374 0.993108 -0.0120718 0.191175 
3.21353 1.64044 -3.68515 -0.0541487 0.101536 0.993291 -0.0114246 0.189907 
3.20539 1.68586 -3.71379 -0.0402004 0.10841 0.993235 -0.0107747 0.188638 
3.19725 1.73128 -3.74242 -0.0262424 0.115257 0.992937 -0.0101222 0.18737 
3.1891 1.7767 -3.77106 -0.0122781 0.122077 0.9924 -0.0094672 0.186101 
3.18096 1.82212 -3.7997 0.00168927 0.128867 0.991621 -0.00880993 0.184832 
3.17282 1.86754 -3.82834 0.0156562 0.135626 0.990603 -0.00815053 0.183564 
3.16468 1.91295 -3.85697 0.0296193 0.142352 0.989345 -0.00748915 0.182295 
3.22254 1.99308 -3.84757 0.0392761 0.150965 0.987628 -0.0160301 0.184955 
3.2804 2.07321 -3.83817 0.0489234 0.159542 0.985672 -0.0245672 0.187614 
3.33825 2.15334 -3.82877 0.0585588 0.16808 0.983476 -0.0330983 0.190273 
3.39611 2.23347 -3.81937 0.0681799 0.176577 0.98104 -0.0416213 0.192932 
3.45397 2.3136 -3.80997 0.0777844 0.185031 0.978366 -0.0501342 0.195592 
3.51183 2.39372 -3.80057 0.0873701 0.19344 0.975454 -0.0586349 0.198251 
3.56969 2.47385 -3.79118 0.0969344 0.201802 0.972304 -0.0671214 0.20091 
3.62755 2.55398 -3.78178 0.106475 0.210114 0.968917 -0.0755915 0.203569 
3.68541 2.63411 -3.77238 0.11599 0.218376 0.965295 -0.0840432 0.206229 
3.74327 2.71424 -3.76298 0.125477 0.226585 0.961438 -0.0924744 0.208888 
3.80113 2.79437 -3.75358 0.134933 0.234738 0.957347 -0.100883 0.211547 
3.85899 2.8745 -3.74418 0.144356 0.242834 0.953023 -0.109267 0.214207 
3.91685 2.95463 -3.73478 0.153744 0.250871 0.948468 -0.117625 0.216866 
3.97471 3.03475 -3.72538 0.163095 0.258848 0.943681 -0.125954 0.219525 
4.03257 3.11488 -3.71598 0.172406 0.266761 0.938665 -0.134252 0.222184 
4.09042 3.19501 -3.70658 0.181675 0.274609 0.93342 -0.142518 0.224844 
4.14828 3.27514 -3.69718 0.1909 0.28239 0.927948 -0.150749 0.227503 
4.20614 3.35527 -3.68778 0.200078 0.290103 0.92225 -0.158943 0.230162 
4.264 3.4354 -3.67838 0.209208 0.297745 0.916328 -0.167099 0.232822 
4.32186 3.51553 -3.66898 0.218287 0.305315 0.910183 -0.175214 0.235481 
4.37972 3.59565 -3.65958 0.227312 0.31281 0.903817 -0.183286 0.23814 
4.43758 3.67578 -3.65018 0.236283 0.320229 0.89723 -0.191314 0.240799 
4.49544 3.75591 -3.64078 0.245196 0.327571 0.890426 -0.199295 0.243459 
4.5533 3.83604 -3.63138 0.254049 0.334832 0.883404 -0.207228 0.246118 
4.61116 3.91617 -3.62198 0.26284 0.342013 0.876168 -0.21511 0.248777 
4.66902 3.9963 -3.61258 0.271568 0.349109 0.868718 -0.22294 0.251436 
4.72688 4.07643 -3.60318 0.280229 0.356121 0.861057 -0.230716 0.254096 
4.78474 4.15655 -3.59378 0.288822 0.363047 0.853187 -0.238435 0.256755 
4.84259 4.23668 -3.58438 0.297345 0.369884 0.845108 -0.246097 0.259414 
4.90045 4.31681 -3.57498 0.305796 0.376631 0.836825 -0.253698 0.262074 
4.95831 4.39694 -3.56558 0.314172 0.383286 0.828337 -0.261238 0.264733 
5.01617 4.47707 -3.55618 0.322472 0.389848 0.819648 -0.268715 0.267392 
5.07403 4.5572 -3.54678 0.330693 0.396315 0.81076 -0.276126 0.270051 
5.13189 4.63733 -3.53738 0.338833 0.402686 0.801674 -0.283469 0.272711 
5.18975 4.71745 -3.52798 0.346892 0.408959 0.792393 -0.290744 0.27537 
5.24761 4.79758 -3.51858 0.354866 0.415132 0.78292 -0.297948 0.278029 
5.30547 4.87771 -3.50918 0.362753 0.421204 0.773255 -0.30508 0.280689 
5.36333 4.95784 -3.49978 0.370552 0.427174 0.763403 -0.312137 0.283348 
5.42119 5.03797 -3.49038 0.378261 0.433039 0.753365 -0.319118 0.286007 
5.47905 5.1181 -3.48098 0.385878 0.4388 0.743144 -0.326022 0.288666 
5.53691 5.19823 -3.47158 0.393402 0.444453 0.732741 -0.332846 0.291326 
5.59476 5.27835 -3.46218 0.400829 0.449999 0.722161 -0.339589 0.293985 
5.65262 5.35848 -3.45278 0.408159 0.455435 0.711404 -0.34625 0.296644 
5.71048 5.43861 -3.44338 0.415389 0.46076 0.700475 -0.352827 0.299303 
5.76834 5.51874 -3.43398 0.422519 0.465973 0.689375 -0.359317 0.301963 
5.8262 5.59887 -3.42459 0.429545 0.471073 0.678108 -0.36572 0.304622 
5.88406 5.679 -3.41519 0.436468 0.476058 0.666675 -0.372034 0.307281 
5.94192 5.75913 -3.40579 0.443284 0.480927 0.65508 -0.378258 0.309941 
5.99978 5.83925 -3.39639 0.449992 0.485679 0.643326 -0.38439 0.3126 
6.05764 5.91938 -3.38699 0.45659 0.490313 0.631415 -0.390428 0.315259 
6.1155 5.99951 -3.37759 0.463078 0.494827 0.619351 -0.396371 0.317918 
6.17336 6.07964 -3.36819 0.469452 0.499222 0.607136 -0.402217 0.320578 
6.23122 6.15977 -3.35879 0.475713 0.503494 0.594773 -0.407966 0.323237 
6.28908 6.2399 -3.34939 0.481858 0.507645 0.582265 -0.413615 0.325896 
6.34694 6.32003 -3.33999 0.487885 0.511671 0.569616 -0.419164 0.328556 
6.40479 6.40015 -3.33059 0.493794 0.515573 0.556828 -0.424611 0.331215 
6.46265 6.48028 -3.32119 0.499582 0.51935 0.543904 -0.429954 0.333874 
6.52051 6.56041 -3.31179 0.505249 0.523 0.530849 -0.435193 0.336533 
6.62432 6.53611 -3.14164 0.505374 0.534899 0.526061 -0.42631 0.333017 
6.72813 6.51182 -2.97149 0.505376 0.546667 0.521145 -0.417322 0.3295 
6.83194 6.48752 -2.80134 0.505255 0.558302 0.516103 -0.408233 0.325983 
6.93575 6.46322 -2.63118 0.50501 0.569801 0.510934 -0.399045 0.322466 
7.03956 6.43893 -2.46103 0.504643 0.581162 0.505642 -0.389759 0.318949 
7.14336 6.41463 -2.29088 0.504153 0.592381 0.500226 -0.380379 0.315432 
7.24717 6.39033 -2.12073 0.50354 0.603456 0.494689 -0.370906 0.311916 
7.35098 6.36604 -1.95058 0.502805 0.614384 0.489031 -0.361343 0.308399 
7.45479 6.34174 -1.78043 0.501947 0.625162 0.483254 -0.351692 0.304882 
7.5586 6.31744 -1.61028 0.500967 0.635788 0.477359 -0.341955 0.301365 
7.66241 6.29314 -1.44013 0.499865 0.64626 0.471349 -0.332135 0.297848 
7.76622 6.26885 -1.26998 0.498642 0.656574 0.465223 -0.322234 0.294331 
7.87002 6.24455 -1.09983 0.497297 0.666728 0.458984 -0.312254 0.290815 
7.97383 6.22025 -0.929675 0.495831 0.67672 0.452634 -0.302199 0.287298 
8.07764 6.19596 -0.759524 0.494244 0.686547 0.446173 -0.29207 0.283781 
8.18145 6.17166 -0.589373 0.492537 0.696207 0.439604 -0.28187 0.280264 
8.28526 6.14736 -0.419222 0.49071 0.705698 0.432928 -0.271602 0.276747 
8.38907 6.12306 -0.249071 0.488764 0.715017 0.426146 -0.261267 0.27323 
8.49288 6.09877 -0.0789205 0.486698 0.724162 0.419261 -0.250868 0.269714 
8.59669 6.07447 0.0912304 0.484514 0.73313 0.412273 -0.240409 0.266197 
8.70049 6.05017 0.261381 0.482213 0.74192 0.405186 -0.229891 0.26268 
8.8043 6.02588 0.431532 0.479793 0.75053 0.397999 -0.219317 0.259163 
8.90811 6.00158 0.601683 0.477257 0.758957 0.390716 -0.20869 0.255646 
9.01192 5.97728 0.771834 0.474605 0.767199 0.383337 -0.198012 0.252129 
9.11573 5.95299 0.941985 0.471838 0.775254 0.375866 -0.187285 0.248613 
9.21954 5.92869 1.11214 0.468955 0.78312 0.368302 -0.176513 0.245096 
9.32335 5.90439 1.28229 0.465958 0.790796 0.360649 -0.165699 0.241579 
9.42715 5.88009 1.45244 0.462848 0.79828 0.352909 -0.154843 0.238062 
9.53096 5.8558 1.62259 0.459625 0.805569 0.345082 -0.143951 0.234545 
9.63477 5.8315 1.79274 0.456291 0.812662 0.337171 -0.133023 0.231028 
9.73858 5.8072 1.96289 0.452845 0.819557 0.329179 -0.122062 0.227512 
9.91994 5.76728 1.81529 0.461016 0.819964 0.316429 -0.122458 0.227387 
10.1013 5.72736 1.66769 0.46908 0.820183 0.303606 -0.122826 0.227261 
10.2826 5.68744 1.52008 0.477037 0.820214 0.290714 -0.123166 0.227136 
10.464 5.64752 1.37248 0.484885 0.820056 0.277755 -0.123477 0.227011 
10.6454 5.6076 1.22488 0.492621 0.81971 0.264732 -0.12376 0.226886 
10.8267 5.56768 1.07728 0.500244 0.819176 0.251648 -0.124015 0.226761 
11.0081 5.52776 0.929677 0.507752 0.818454 0.238506 -0.124241 0.226636 
11.1894 5.48784 0.782075 0.515144 0.817544 0.22531 -0.124439 0.226511 
11.3708 5.44792 0.634473 0.522417 0.816445 0.212062 -0.124608 0.226386 
11.5521 5.408 0.486871 0.52957 0.81516 0.198765 -0.124748 0.226261 
11.7335 5.36808 0.339269 0.536602 0.813687 0.185423 -0.12486 0.226136 
11.9148 5.32816 0.191667 0.54351 0.812028 0.172038 -0.124943 0.226011 
12.0962 5.28824 0.0440648 0.550294 0.810182 0.158613 -0.124997 0.225886 
12.2776 5.24832 -0.103537 0.556951 0.808149 0.145153 -0.125023 0.225761 
12.4589 5.20839 -0.251139 0.56348 0.805932 0.131658 -0.12502 0.225635 
12.6403 5.16847 -0.398741 0.56988 0.803529 0.118134 -0.124988 0.22551 
12.8216 5.12855 -0.546343 0.576149 0.800942 0.104582 -0.124928 0.225385 
13.003 5.08863 -0.693945 0.582286 0.79817 0.0910067 -0.124839 0.22526 
13.1843 5.04871 -0.841547 0.588289 0.795216 0.0774102 -0.124721 0.225135 
13.3657 5.00879 -0.989149 0.594157 0.792079 0.0637959 -0.124574 0.22501 
13.547 4.96887 -1.13675 0.599889 0.78876 0.0501669 -0.124399 0.224885 
13.7284 4.92895 -1.28435 0.605482 0.785259 0.0365265 -0.124196 0.22476 
13.9098 4.88903 -1.43196 0.610937 0.781579 0.0228776 -0.123964 0.224635 
14.0911 4.84911 -1.57956 0.616251 0.777719 0.00922354 -0.123703 0.22451 
14.2725 4.80919 -1.72716 0.621424 0.77368 -0.00443267 -0.123414 0.224385 
14.4538 4.76927 -1.87476 0.626454 0.769464 -0.0180879 -0.123097 0.22426 
14.6352 4.72935 -2.02236 0.631341 0.765071 -0.0317389 -0.122751 0.224135 
14.6269 4.59739 -1.96819 0.62682 0.769274 -0.0387023 -0.117546 0.219143 
14.6186 4.46543 -1.91401 0.622227 0.773389 -0.0456612 -0.112328 0.214151 
14.6103 4.33347 -1.85984 0.617564 0.777417 -0.0526149 -0.107098 0.20916 
14.6021 4.20151 -1.80566 0.612831 0.781356 -0.0595627 -0.101855 0.204168 
14.5938 4.06955 -1.75148 0.608028 0.785206 -0.0665037 -0.0965999 0.199177 
14.5855 3.93759 -1.69731 0.603155 0.788967 -0.0734371 -0.0913343 0.194185 
14.5772 3.80563 -1.64313 0.598215 0.792638 -0.0803622 -0.0860584 0.189193 
14.5689 3.67367 -1.58896 0.593206 0.796219 -0.0872782 -0.0807726 0.184202 
14.5607 3.54171 -1.53478 0.58813 0.79971 -0.0941842 -0.0754777 0.17921 
14.5524 3.40975 -1.48061 0.582987 0.80311 -0.10108 -0.0701742 0.174219 
14.5441 3.27779 -1.42643 0.577778 0.806418 -0.107963 -0.0648627 0.169227 
14.5358 3.14583 -1.37225 0.572503 0.809635 -0.114835 -0.0595438 0.164235 
14.5276 3.01387 -1.31808 0.567162 0.812759 -0.121693 -0.0542182 0.159244 
14.5193 2.88191 -1.2639 0.561758 0.815792 -0.128538 -0.0488864 0.154252 
14.511 2.74995 -1.20973 0.55629 0.818731 -0.135368 -0.0435491 0.149261 
14.5027 2.61799 -1.15555 0.550758 0.821578 -0.142183 -0.0382068 0.144269 
14.4944 2.48604 -1.10137 0.545164 0.824331 -0.148981 -0.0328601 0.139277 
14.4862 2.35408 -1.0472 0.539507 0.82699 -0.155763 -0.0275097 0.134286 
14.4779 2.22212 -0.993023 0.53379 0.829556 -0.162527 -0.0221562 0.129294 
14.4696 2.09016 -0.938847 0.528012 0.832027 -0.169272 -0.0168002 0.124302 
14.4613 1.9582 -0.884672 0.522173 0.834403 -0.175998 -0.0114423 0.119311 
14.453 1.82624 -0.830496 0.516276 0.836685 -0.182704 -0.00608303 0.114319 
14.4448 1.69428 -0.77632 0.510319 0.838871 -0.18939 -0.000723106 0.109328 
14.4365 1.56232 -0.722144 0.504305 0.840962 -0.196054 0.0046369 0.104336 
14.4282 1.43036 -0.667968 0.498233 0.842958 -0.202695 0.00999639 0.0993445 
14.4199 1.2984 -0.613793 0.492105 0.844858 -0.209314 0.0153547 0.0943529 
14.4116 1.16644 -0.559617 0.485921 0.846661 -0.215908 0.0207113 0.0893612 
14.4034 1.03448 -0.505441 0.479681 0.848369 -0.222479 0.0260656 0.0843696 
14.3951 0.902521 -0.451265 0.473387 0.84998 -0.229023 0.0314169 0.079378 
14.3868 0.770561 -0.39709 0.46704 0.851494 -0.235542 0.0367646 0.0743864 
14.3785 0.638602 -0.342914 0.460639 0.852912 -0.242034 0.0421081 0.0693948 
14.3702 0.506642 -0.288738 0.454185 0.854232 -0.248499 0.0474469 0.0644032 
14.362 0.374682 -0.234562 0.447681 0.855456 -0.254935 0.0527802 0.0594116 
14.3537 0.242723 -0.180386 0.441125 0.856582 -0.261342 0.0581076 0.05442 
14.3454 0.110763 -0.126211 0.434519 0.857611 -0.26772 0.0634283 0.0494284 
14.3371 -0.0211962 -0.0720349 0.427863 0.858542 -0.274067 0.0687418 0.0444368 
14.3288 -0.153156 -0.0178592 0.421159 0.859376 -0.280383 0.0740476 0.0394452 
14.3206 -0.285115 0.0363166 0.414408 0.860112 -0.286667 0.0793449 0.0344536 
14.3123 -0.417075 0.0904924 0.407609 0.86075 -0.292919 0.0846331 0.029462 
14.304 -0.549034 0.144668 0.400763 0.861291 -0.299137 0.0899118 0.0244704 
14.2957 -0.680994 0.198844 0.393872 0.861733 -0.305321 0.0951803 0.0194788 
14.2875 -0.812954 0.25302 0.386937 0.862078 -0.311471 0.100438 0.0144872 
14.2792 -0.944913 0.307196 0.379957 0.862324 -0.317585 0.105684 0.00949556 

