0 0 0 0 0 0 1 4.65339e-310 
0.0751446 0.0485344 0.0109477 0.00363008 0.00340383 -0.00712576 0.999962 0.00118556 
0.136385 -0.0161577 0.0277938 0.0119238 0.00124153 -0.00684845 0.999905 0.00194973 
0.226291 -0.0174012 0.028507 0.0193437 -2.21497e-05 -0.000191448 0.999813 0.00198397 
0.316196 -0.0186447 0.0292202 0.0267616 -0.00128582 0.00646558 0.99962 0.00201821 
0.406102 -0.0198882 0.0299334 0.0341769 -0.00254937 0.013122 0.999326 0.00205245 
0.496008 -0.0211317 0.0306467 0.0415887 -0.00381266 0.019777 0.998932 0.00208669 
0.585913 -0.0223752 0.0313599 0.0489963 -0.00507556 0.0264301 0.998436 0.00212093 
0.675819 -0.0236187 0.0320731 0.0563989 -0.00633795 0.0330804 0.99784 0.00215516 
0.765724 -0.0248622 0.0327863 0.0637959 -0.0075997 0.0397275 0.997143 0.0021894 
0.85563 -0.0261057 0.0334995 0.0711864 -0.00886068 0.0463705 0.996345 0.00222364 
0.945536 -0.0273493 0.0342127 0.0785697 -0.0101208 0.0530089 0.995447 0.00225788 
1.03544 -0.0285928 0.0349259 0.0859451 -0.0113798 0.0596418 0.994448 0.00229212 
1.12535 -0.0298363 0.0356391 0.0933118 -0.0126378 0.0662688 0.993349 0.00232636 
1.21525 -0.0310798 0.0363524 0.100669 -0.0138944 0.0728891 0.992149 0.0023606 
1.30516 -0.0323233 0.0370656 0.108016 -0.0151496 0.079502 0.990849 0.00239484 
1.39506 -0.0335668 0.0377788 0.115352 -0.0164033 0.0861069 0.98945 0.00242908 
1.48497 -0.0348103 0.038492 0.122677 -0.0176554 0.0927031 0.98795 0.00246332 
1.57487 -0.0360538 0.0392052 0.129989 -0.0189057 0.09929 0.98635 0.00249756 
1.66478 -0.0372973 0.0399184 0.137288 -0.020154 0.105867 0.984651 0.0025318 
1.75469 -0.0385408 0.0406316 0.144573 -0.0214003 0.112433 0.982853 0.00256604 
1.84459 -0.0397843 0.0413448 0.151844 -0.0226445 0.118988 0.980955 0.00260028 
1.9345 -0.0410278 0.0420581 0.159099 -0.0238864 0.12553 0.978958 0.00263452 
2.0244 -0.0422714 0.0427713 0.166338 -0.0251259 0.13206 0.976862 0.00266876 
2.11431 -0.0435149 0.0434845 0.173561 -0.0263628 0.138577 0.974668 0.002703 
2.20421 -0.0447584 0.0441977 0.180766 -0.0275971 0.14508 0.972375 0.00273724 
2.29412 -0.0460019 0.0449109 0.187952 -0.0288285 0.151568 0.969985 0.00277148 
2.38403 -0.0472454 0.0456241 0.19512 -0.0300571 0.158041 0.967496 0.00280572 
2.47393 -0.0484889 0.0463373 0.202268 -0.0312826 0.164498 0.964909 0.00283996 
2.56384 -0.0497324 0.0470506 0.209395 -0.032505 0.170938 0.962225 0.0028742 
2.65374 -0.0509759 0.0477638 0.216502 -0.0337241 0.177361 0.959444 0.00290844 
2.74365 -0.0522194 0.048477 0.223586 -0.0349398 0.183766 0.956566 0.00294268 
2.73365 -0.124465 -0.00123098 0.230316 -0.0344658 0.18795 0.954171 0.00638838 
2.75283 -0.170828 -0.0725594 0.224845 -0.03917 0.181513 0.956537 0.00922638 
2.74383 -0.178664 -0.15743 0.222947 -0.0515169 0.175626 0.957495 0.00967726 
2.74874 -0.23599 -0.229784 0.224097 -0.0553828 0.169497 0.958115 0.00987233 
2.76186 -0.179228 -0.290299 0.215342 -0.067261 0.168543 0.95953 0.0110169 
2.79598 -0.234316 -0.349345 0.20651 -0.0704578 0.167371 0.961445 0.0136946 
2.81918 -0.303809 -0.40259 0.209703 -0.0762056 0.172909 0.959333 0.0142751 
2.82193 -0.377507 -0.448994 0.214132 -0.0772018 0.183295 0.956342 0.0154186 
2.85699 -0.405281 -0.511999 0.197138 -0.0668841 0.181678 0.96107 0.017654 
2.88835 -0.467469 -0.569702 0.197588 -0.057916 0.179089 0.962046 0.0178115 
2.87486 -0.555739 -0.55739 0.189072 -0.0623161 0.17979 0.96335 0.0179725 
2.8278 -0.564829 -0.612767 0.200134 -0.0782719 0.191162 0.957746 0.021549 
2.87022 -0.63028 -0.649343 0.203328 -0.0858821 0.200069 0.954596 0.0228597 
2.85703 -0.670327 -0.722446 0.199347 -0.0774769 0.194198 0.957364 0.0271273 
2.87993 -0.647287 -0.800624 0.19701 -0.0737717 0.183023 0.960337 0.0301016 
2.83744 -0.687356 -0.844823 0.210132 -0.0610771 0.170401 0.960769 0.0346605 
2.87486 -0.720771 -0.9145 0.218186 -0.0646344 0.164574 0.959756 0.0381946 
2.94663 -0.768582 -0.955732 0.218347 -0.0612724 0.16572 0.959743 0.0390537 
3.0116 -0.802766 -0.970674 0.212793 -0.042787 0.171592 0.96096 0.0439199 
2.9949 -0.871066 -1.01659 0.209177 -0.041863 0.157365 0.964224 0.0448791 
2.97237 -0.898952 -1.09157 0.208596 -0.0274877 0.159115 0.96458 0.0472727 
3.02615 -0.952353 -1.12103 0.218864 -0.0143906 0.160413 0.962372 0.049123 
3.00053 -1.01847 -1.08814 0.206547 -0.0194502 0.173377 0.962757 0.0523772 
2.98342 -1.09242 -1.13364 0.200073 -0.0141007 0.169601 0.964887 0.0544274 
2.99122 -1.1767 -1.10571 0.20302 -0.00562393 0.167669 0.964696 0.0561092 
2.93281 -1.19592 -1.15523 0.212466 -0.0102411 0.157093 0.964404 0.0622426 
2.91455 -1.28125 -1.14004 0.213702 -0.00452847 0.165503 0.962767 0.0632991 
2.96255 -1.35212 -1.12009 0.222773 -0.00829664 0.162007 0.961279 0.0648767 
2.9803 -1.41185 -1.12418 0.228729 0.0161878 0.171259 0.958171 0.0754079 
3.05297 -1.46912 -1.11738 0.232812 0.0134076 0.171716 0.957148 0.077571 
3.11903 -1.51189 -1.15485 0.222772 0.00642071 0.169267 0.960042 0.0775923 
3.18258 -1.55519 -1.19897 0.218733 0.000932473 0.161057 0.962401 0.0771732 
3.25317 -1.60857 -1.17965 0.216134 0.003685 0.166917 0.961983 0.0795969 
3.29556 -1.63991 -1.23716 0.202053 -0.00461989 0.165967 0.965199 0.0848946 
3.36006 -1.66635 -1.29301 0.197723 0.00415259 0.162948 0.966611 0.0852439 
3.36173 -1.74516 -1.32761 0.191752 0.00193732 0.157432 0.968733 0.0904741 
3.3861 -1.81855 -1.36445 0.203299 0.00485856 0.151307 0.967343 0.0913432 
3.36992 -1.89171 -1.36056 0.217297 0.0176379 0.161642 0.962467 0.0941891 
3.35758 -1.96968 -1.39414 0.210149 0.024135 0.157795 0.96455 0.0977974 
3.32174 -2.03934 -1.41314 0.198208 0.0353586 0.150507 0.96789 0.096656 
3.30516 -2.11347 -1.40403 0.180123 0.0303924 0.155806 0.97075 0.100454 
3.29896 -2.20355 -1.41001 0.175681 0.0339577 0.160018 0.970761 0.102881 
3.26026 -2.2233 -1.47966 0.182255 0.047198 0.151879 0.970303 0.101857 
3.25181 -2.30442 -1.51683 0.181898 0.0487107 0.159158 0.969128 0.104692 
3.22628 -2.3484 -1.54318 0.172201 0.0339328 0.132323 0.975544 0.114643 
3.19832 -2.36791 -1.62114 0.17766 0.0231198 0.137018 0.974232 0.116497 
3.17038 -2.36647 -1.70881 0.173062 0.0282215 0.13434 0.975298 0.117025 
3.15296 -2.43838 -1.7621 0.179228 0.0226009 0.134664 0.974285 0.117425 
3.12363 -2.45451 -1.83527 0.16871 0.0342588 0.125912 0.97699 0.116062 
3.10777 -2.51102 -1.9109 0.165601 0.032714 0.124847 0.977711 0.115495 
3.05402 -2.51037 -1.93322 0.19321 0.0189149 0.149938 0.969449 0.114323 
3.05148 -2.58272 -1.93084 0.20769 0.00264602 0.151502 0.966388 0.119841 
3.08803 -2.62774 -1.99085 0.210165 0.00091239 0.138731 0.967773 0.123191 
3.07092 -2.70812 -1.96742 0.2123 -0.00399093 0.127423 0.968853 0.12518 
3.07004 -2.77149 -1.91045 0.209037 -0.0123381 0.11693 0.970813 0.126027 
3.05463 -2.85098 -1.90324 0.216831 -0.0235949 0.118006 0.968763 0.130848 
3.05048 -2.93112 -1.91129 0.21091 -0.00772255 0.115335 0.970647 0.13294 
3.01653 -3.01095 -1.9079 0.213213 -9.32301e-05 0.111122 0.970666 0.137111 
3.08547 -3.04565 -1.9407 0.211406 -0.0115651 0.105614 0.971607 0.140367 
3.10461 -3.07925 -2.01465 0.208474 -0.011497 0.119417 0.970642 0.14277 
3.1786 -3.105 -2.05716 0.209872 -0.0203134 0.117053 0.970484 0.144405 
3.14947 -3.16617 -2.0724 0.205932 -0.0469976 0.114257 0.970736 0.140966 
3.16443 -3.22187 -2.0181 0.197287 -0.0610911 0.124743 0.970456 0.139757 
3.24666 -3.25392 -2.04379 0.199584 -0.0670297 0.123165 0.969796 0.141245 
3.31883 -3.29788 -2.07108 0.190006 -0.068315 0.12596 0.97127 0.142279 
3.39238 -3.33713 -2.10261 0.192585 -0.058427 0.126596 0.971324 0.141654 
3.40072 -3.37658 -2.04338 0.207983 -0.0413178 0.131836 0.968326 0.146201 
3.47408 -3.41661 -2.01266 0.209982 -0.0509389 0.13457 0.967059 0.146885 
3.54139 -3.46523 -2.0309 0.212162 -0.0597356 0.12389 0.967507 0.145907 
3.62526 -3.48705 -2.05504 0.208045 -0.0675707 0.126713 0.96752 0.146656 
3.71142 -3.51037 -2.0354 0.214117 -0.0677859 0.129398 0.965824 0.148402 
3.77569 -3.57217 -2.04294 0.219573 -0.0755755 0.12681 0.964363 0.148956 
3.86646 -3.56504 -2.0475 0.226925 -0.0787485 0.124022 0.962768 0.149165 
3.92847 -3.61524 -2.00218 0.22742 -0.086248 0.121134 0.962376 0.149341 
4.0053 -3.61651 -2.0463 0.217627 -0.0874083 0.118082 0.964912 0.150106 
4.063 -3.66319 -2.09778 0.225127 -0.0913929 0.117914 0.96284 0.151034 
4.13422 -3.70531 -2.05578 0.219319 -0.0939853 0.118656 0.96384 0.151761 
4.12943 -3.75478 -1.99936 0.200385 -0.0935324 0.127086 0.966926 0.155611 
4.15353 -3.82169 -1.95989 0.192283 -0.0857849 0.139894 0.967521 0.157243 
4.20098 -3.8893 -1.96706 0.207138 -0.0906397 0.144903 0.963266 0.157372 
4.26979 -3.9333 -1.92889 0.202559 -0.0937361 0.152608 0.962753 0.157018 
4.24947 -3.99051 -1.92417 0.188762 -0.128222 0.155508 0.961117 0.155206 
4.30659 -4.02132 -1.87622 0.174017 -0.126107 0.146141 0.965638 0.154059 
4.37718 -4.06421 -1.88859 0.175356 -0.121893 0.131465 0.968044 0.15502 
4.45168 -4.07838 -1.84466 0.167153 -0.128471 0.127456 0.96918 0.153971 
4.52568 -4.128 -1.83877 0.160723 -0.134485 0.131921 0.968854 0.15314 
4.59921 -4.12006 -1.89444 0.155429 -0.135311 0.12864 0.970044 0.154181 
4.65266 -4.13461 -1.95833 0.152474 -0.146803 0.119396 0.970023 0.153788 
4.65299 -4.20729 -2.0033 0.15739 -0.140997 0.130132 0.968718 0.152477 
4.6651 -4.28232 -1.99769 0.147297 -0.15062 0.144142 0.966871 0.156415 
4.69944 -4.34811 -2.00684 0.154727 -0.131642 0.134122 0.969918 0.158725 
4.69673 -4.41873 -2.03094 0.1554 -0.129239 0.110896 0.973062 0.160485 
4.68704 -4.47394 -2.02029 0.131986 -0.138546 0.133027 0.972465 0.169887 
4.66458 -4.5339 -2.02735 0.108476 -0.139482 0.115844 0.977424 0.175915 
4.67888 -4.60311 -1.98995 0.112203 -0.147171 0.101892 0.97743 0.179596 
4.68491 -4.66461 -1.94526 0.102312 -0.166985 0.100755 0.975447 0.178116 
4.63791 -4.7058 -1.94116 0.0954564 -0.186552 0.077659 0.974708 0.184439 
4.67931 -4.74233 -1.99696 0.0780753 -0.192327 0.0852393 0.974499 0.186118 
4.69261 -4.80953 -1.94687 0.0687417 -0.197462 0.0910145 0.973653 0.189107 
4.64107 -4.87339 -1.91546 0.0787124 -0.193308 0.0940866 0.973439 0.190007 
4.70855 -4.85423 -1.91082 -0.07745 0.191858 -0.0913289 -0.97409 0.189227 
4.79912 -4.82852 -1.90459 -0.0757542 0.189908 -0.0876259 -0.974945 0.18818 
4.88969 -4.80281 -1.89836 -0.0740567 0.187954 -0.083921 -0.97578 0.187133 
4.98027 -4.7771 -1.89212 -0.0723577 0.185996 -0.0802143 -0.976594 0.186086 
5.07084 -4.75139 -1.88589 -0.0706572 0.184034 -0.076506 -0.977387 0.18504 
5.16141 -4.72568 -1.87966 -0.0689552 0.182068 -0.072796 -0.97816 0.183993 
5.25198 -4.69997 -1.87343 -0.0672517 0.180099 -0.0690845 -0.978912 0.182946 
5.34256 -4.67426 -1.8672 -0.0655469 0.178125 -0.0653716 -0.979644 0.181899 
5.43313 -4.64855 -1.86096 -0.0638406 0.176148 -0.0616572 -0.980354 0.180852 
5.5237 -4.62284 -1.85473 -0.062133 0.174167 -0.0579416 -0.981044 0.179806 
5.61428 -4.59713 -1.8485 -0.060424 0.172182 -0.0542247 -0.981714 0.178759 
5.70485 -4.57142 -1.84227 -0.0587138 0.170194 -0.0505067 -0.982362 0.177712 
5.79542 -4.54571 -1.83604 -0.0570024 0.168202 -0.0467877 -0.98299 0.176665 
5.88599 -4.52 -1.8298 -0.0552897 0.166206 -0.0430676 -0.983597 0.175618 
5.97657 -4.49429 -1.82357 -0.0535759 0.164207 -0.0393466 -0.984184 0.174571 
6.06714 -4.46858 -1.81734 -0.0518609 0.162205 -0.0356248 -0.984749 0.173525 
6.15771 -4.44287 -1.81111 -0.0501449 0.160199 -0.0319023 -0.985294 0.172478 
6.24829 -4.41716 -1.80488 -0.0484278 0.15819 -0.028179 -0.985818 0.171431 
6.33886 -4.39144 -1.79864 -0.0467096 0.156177 -0.0244552 -0.986321 0.170384 
6.42943 -4.36573 -1.79241 -0.0449905 0.154161 -0.0207309 -0.986803 0.169337 
6.52 -4.34002 -1.78618 -0.0432705 0.152142 -0.0170061 -0.987264 0.168291 
6.61058 -4.31431 -1.77995 -0.0415495 0.15012 -0.0132809 -0.987705 0.167244 
6.70115 -4.2886 -1.77372 -0.0398276 0.148094 -0.00955551 -0.988125 0.166197 
6.79172 -4.26289 -1.76748 -0.0381049 0.146066 -0.00582989 -0.988524 0.16515 
6.8823 -4.23718 -1.76125 -0.0363814 0.144034 -0.00210414 -0.988901 0.164103 
6.97287 -4.21147 -1.75502 -0.0346571 0.141999 0.00162165 -0.989259 0.163057 
7.06344 -4.18576 -1.74879 -0.0329321 0.139962 0.0053474 -0.989595 0.16201 
7.15401 -4.16005 -1.74256 -0.0312064 0.137921 0.00907305 -0.98991 0.160963 
7.24459 -4.13434 -1.73632 -0.0294801 0.135877 0.0127985 -0.990204 0.159916 
7.33516 -4.10863 -1.73009 -0.0277531 0.133831 0.0165237 -0.990478 0.158869 
7.42573 -4.08292 -1.72386 -0.0260255 0.131781 0.0202485 -0.99073 0.157823 
7.51631 -4.05721 -1.71763 -0.0242974 0.129729 0.0239729 -0.990962 0.156776 
7.60688 -4.0315 -1.7114 -0.0225687 0.127674 0.0276968 -0.991172 0.155729 
7.69745 -4.00579 -1.70516 -0.0208396 0.125617 0.0314201 -0.991362 0.154682 
7.78802 -3.98008 -1.69893 -0.0191101 0.123556 0.0351428 -0.991531 0.153635 
7.8786 -3.95437 -1.6927 -0.0173801 0.121494 0.0388647 -0.991679 0.152588 
7.96917 -3.92866 -1.68647 -0.0156498 0.119428 0.0425858 -0.991806 0.151542 
8.05974 -3.90295 -1.68024 -0.0139192 0.11736 0.046306 -0.991912 0.150495 
8.15032 -3.87724 -1.674 -0.0121882 0.11529 0.0500252 -0.991997 0.149448 
8.24089 -3.85153 -1.66777 -0.010457 0.113217 0.0537433 -0.992061 0.148401 
8.33146 -3.82582 -1.66154 -0.00872559 0.111142 0.0574603 -0.992104 0.147354 
8.42203 -3.80011 -1.65531 -0.00699398 0.109064 0.0611761 -0.992126 0.146308 
8.51261 -3.7744 -1.64908 -0.00526223 0.106984 0.0648906 -0.992127 0.145261 
8.60318 -3.74869 -1.64284 -0.00353036 0.104902 0.0686038 -0.992107 0.144214 
8.69375 -3.72298 -1.63661 -0.00179842 0.102818 0.0723155 -0.992066 0.143167 
8.78433 -3.69727 -1.63038 -6.64373e-05 0.100731 0.0760256 -0.992005 0.14212 
8.8749 -3.67156 -1.62415 0.00166554 0.0986428 0.0797342 -0.991922 0.141074 
8.96547 -3.64585 -1.61792 0.00339749 0.0965521 0.0834411 -0.991818 0.140027 
9.05604 -3.62014 -1.61168 0.00512936 0.0944593 0.0871462 -0.991694 0.13898 
9.14662 -3.59443 -1.60545 0.00686113 0.0923645 0.0908494 -0.991548 0.137933 
9.23719 -3.56872 -1.59922 0.00859275 0.0902678 0.0945508 -0.991382 0.136886 
9.32776 -3.54301 -1.59299 0.0103242 0.0881692 0.0982502 -0.991194 0.135839 
9.41834 -3.51729 -1.58676 0.0120554 0.0860687 0.101947 -0.990986 0.134793 
9.50891 -3.49158 -1.58052 0.0137864 0.0839664 0.105643 -0.990757 0.133746 
9.59948 -3.46587 -1.57429 0.0155171 0.0818623 0.109335 -0.990507 0.132699 
9.69005 -3.44016 -1.56806 0.0172474 0.0797565 0.113026 -0.990236 0.131652 
9.78063 -3.41445 -1.56183 0.0189774 0.077649 0.116714 -0.989944 0.130605 
9.8712 -3.38874 -1.5556 0.020707 0.0755399 0.1204 -0.989631 0.129559 
9.96177 -3.36303 -1.54936 0.0224361 0.0734292 0.124083 -0.989297 0.128512 
10.0523 -3.33732 -1.54313 0.0241648 0.0713169 0.127764 -0.988942 0.127465 
10.1429 -3.31161 -1.5369 0.0258929 0.0692031 0.131442 -0.988566 0.126418 
10.2335 -3.2859 -1.53067 0.0276206 0.0670879 0.135117 -0.98817 0.125371 
10.3241 -3.26019 -1.52444 0.0293476 0.0649712 0.138789 -0.987753 0.124325 
10.4146 -3.23448 -1.5182 0.031074 0.0628532 0.142458 -0.987314 0.123278 
10.5052 -3.20877 -1.51197 0.0327998 0.0607338 0.146125 -0.986855 0.122231 
10.5958 -3.18306 -1.50574 0.0345248 0.0586132 0.149788 -0.986375 0.121184 
10.6864 -3.15735 -1.49951 0.0362491 0.0564913 0.153448 -0.985874 0.120137 
10.7769 -3.13164 -1.49327 0.0379727 0.0543682 0.157105 -0.985353 0.119091 
10.8675 -3.10593 -1.48704 0.0396955 0.052244 0.160758 -0.98481 0.118044 
10.9581 -3.08022 -1.48081 0.0414174 0.0501186 0.164408 -0.984247 0.116997 
11.0164 -3.01983 -1.46565 0.0318175 0.0565315 0.161259 -0.984778 0.11432 
11.0337 -2.9472 -1.45431 0.0229262 0.0388578 0.172683 -0.983944 0.115952 
11.0483 -2.87276 -1.48735 0.0351992 0.0429475 0.181642 -0.981796 0.114575 
11.0676 -2.83855 -1.44244 0.00540575 0.0434835 0.188462 -0.981102 0.10483 
11.1478 -2.80979 -1.46475 0.00551946 0.0408444 0.198496 -0.979235 0.103423 
11.228 -2.78103 -1.48706 0.00563255 0.0382007 0.208508 -0.977258 0.102017 
11.3081 -2.75227 -1.50937 0.00574501 0.0355528 0.218497 -0.975173 0.10061 
11.3883 -2.72351 -1.53169 0.00585684 0.032901 0.228461 -0.972979 0.0992031 
11.4685 -2.69475 -1.554 0.00596802 0.0302455 0.2384 -0.970678 0.0977964 
11.5487 -2.66599 -1.57631 0.00607853 0.0275866 0.248313 -0.968268 0.0963897 
11.6288 -2.63723 -1.59862 0.00618837 0.0249247 0.258197 -0.965751 0.094983 
11.709 -2.60847 -1.62093 0.00629752 0.02226 0.268054 -0.963126 0.0935763 
11.7892 -2.57971 -1.64325 0.00640597 0.0195928 0.27788 -0.960395 0.0921696 
11.8694 -2.55095 -1.66556 0.00651371 0.0169234 0.287676 -0.957556 0.0907629 
11.9495 -2.52219 -1.68787 0.00662072 0.0142522 0.297439 -0.954611 0.0893562 
12.0297 -2.49343 -1.71018 0.006727 0.0115794 0.30717 -0.95156 0.0879495 
12.1099 -2.46467 -1.7325 0.00683253 0.00890525 0.316866 -0.948404 0.0865428 
12.1901 -2.43591 -1.75481 0.0069373 0.00623016 0.326527 -0.945142 0.0851361 
12.2702 -2.40715 -1.77712 0.0070413 0.00355437 0.336152 -0.941775 0.0837294 
12.3504 -2.37839 -1.79943 0.00714452 0.000878183 0.34574 -0.938303 0.0823227 
12.4306 -2.34963 -1.82175 0.00724694 -0.0017981 0.355289 -0.934727 0.080916 
12.5108 -2.32088 -1.84406 0.00734856 -0.00447418 0.364798 -0.931047 0.0795093 
12.5909 -2.29212 -1.86637 0.00744936 -0.00714977 0.374267 -0.927263 0.0781026 
12.6711 -2.26336 -1.88868 0.00754933 -0.00982456 0.383695 -0.923377 0.0766958 
12.7513 -2.2346 -1.91099 0.00764846 -0.0124983 0.39308 -0.919388 0.0752891 
12.8315 -2.20584 -1.93331 0.00774675 -0.0151706 0.402421 -0.915296 0.0738824 
12.9116 -2.17708 -1.95562 0.00784417 -0.0178412 0.411717 -0.911103 0.0724757 
12.9918 -2.14832 -1.97793 0.00794072 -0.0205098 0.420968 -0.906809 0.071069 
13.072 -2.11956 -2.00024 0.00803639 -0.0231762 0.430172 -0.902414 0.0696623 
13.1522 -2.0908 -2.02256 0.00813116 -0.02584 0.439328 -0.897918 0.0682556 
13.2323 -2.06204 -2.04487 0.00822504 -0.0285009 0.448435 -0.893323 0.0668489 
13.3125 -2.03328 -2.06718 0.00831799 -0.0311586 0.457492 -0.888629 0.0654422 
13.3927 -2.00452 -2.08949 0.00841003 -0.0338129 0.466499 -0.883835 0.0640355 
13.4729 -1.97576 -2.1118 0.00850112 -0.0364634 0.475453 -0.878944 0.0626288 
13.5026 -1.93797 -2.03506 0.0119736 -0.0449173 0.476096 -0.878164 0.0623847 
13.5065 -1.94696 -1.95064 0.00302453 -0.0398591 0.473202 -0.880047 0.0582102 
13.5474 -1.88035 -1.89792 0.00124462 -0.0376316 0.472437 -0.88056 0.0554834 
13.5607 -1.7968 -1.8626 0.00453679 -0.0356178 0.466089 -0.884009 0.0556099 
13.5735 -1.80184 -1.79588 0.0256644 -0.0554316 0.465171 -0.883111 0.0527334 
13.5693 -1.80919 -1.70971 0.0331758 -0.0575095 0.458561 -0.886179 0.0499887 
13.5673 -1.7919 -1.62998 0.0249454 -0.0481676 0.46331 -0.884535 0.0450295 
13.5953 -1.72583 -1.56367 0.0237146 -0.0492711 0.4625 -0.884931 0.0446119 
13.6376 -1.6738 -1.57708 0.014153 -0.0676213 0.472915 -0.878396 0.0370859 
13.6917 -1.63579 -1.51634 0.0206147 -0.0658705 0.479406 -0.874875 0.0368236 
13.7342 -1.58892 -1.47807 0.0357547 -0.060368 0.462487 -0.883846 0.0357916 
13.7267 -1.54364 -1.41151 0.0218119 -0.0636006 0.468959 -0.880657 0.0326697 
13.766 -1.47902 -1.36217 0.0197178 -0.0613881 0.463747 -0.883618 0.0296986 
13.7901 -1.43747 -1.28914 0.0125089 -0.0692988 0.463432 -0.88333 0.0278205 
13.8076 -1.38603 -1.22169 0.0227909 -0.0646478 0.46557 -0.882353 0.0259577 
13.8363 -1.32123 -1.16346 0.0255079 -0.0618834 0.462226 -0.884232 0.0231413 
13.8799 -1.27928 -1.09693 0.0242545 -0.0564927 0.46461 -0.883379 0.0191676 
13.9419 -1.21717 -1.06491 0.0221374 -0.0516996 0.464004 -0.884046 0.0179277 
13.9823 -1.14322 -1.02119 0.023876 -0.0521784 0.463774 -0.884093 0.0146704 
13.9939 -1.09747 -0.940624 0.0276825 -0.0491374 0.465139 -0.883439 0.0131507 
13.9896 -1.03669 -0.86969 0.0237531 -0.0507099 0.464128 -0.883996 0.0110446 
14.0178 -0.975394 -0.806547 0.0245953 -0.0465972 0.465006 -0.883738 0.00775 

