0 0 0 0 0 0 1 4.65435e-310 
0.00920346 0.0395018 -0.0405148 -0.0101858 0.00468925 -0.00883805 0.999898 0.00491985 
0.0184069 0.0790037 -0.0810296 -0.0203695 0.00937754 -0.0176743 0.999592 0.00983969 
0.0276104 0.118506 -0.121544 -0.030549 0.0140639 -0.0265069 0.999083 0.0147595 
0.0368138 0.158007 -0.162059 -0.0407223 0.0187474 -0.0353342 0.99837 0.0196794 
0.0460173 0.197509 -0.202574 -0.0508873 0.0234271 -0.0441542 0.997453 0.0245992 
0.0552207 0.237011 -0.243089 -0.061042 0.028102 -0.0529653 0.996333 0.0295191 
0.0644242 0.276513 -0.283603 -0.0711842 0.0327712 -0.0617655 0.995009 0.0344389 
0.0736277 0.316015 -0.324118 -0.0813118 0.0374337 -0.0705531 0.993483 0.0393588 
0.0828311 0.355517 -0.364633 -0.0914229 0.0420886 -0.0793264 0.991755 0.0442786 
0.0920346 0.395018 -0.405148 -0.101515 0.0467349 -0.0880835 0.989824 0.0491985 
0.101238 0.43452 -0.445663 -0.111587 0.0513717 -0.0968226 0.987692 0.0541183 
0.110441 0.474022 -0.486177 -0.121636 0.055998 -0.105542 0.985358 0.0590382 
0.119645 0.513524 -0.526692 -0.13166 0.0606128 -0.11424 0.982823 0.063958 
0.128848 0.553026 -0.567207 -0.141658 0.0652154 -0.122915 0.980088 0.0688778 
0.138052 0.592528 -0.607722 -0.151626 0.0698046 -0.131564 0.977153 0.0737977 
0.147255 0.632029 -0.648237 -0.161564 0.0743796 -0.140187 0.974019 0.0787175 
0.156459 0.671531 -0.688751 -0.171469 0.0789394 -0.148781 0.970686 0.0836374 
0.165662 0.711033 -0.729266 -0.181338 0.0834832 -0.157345 0.967155 0.0885572 
0.174866 0.750535 -0.769781 -0.191171 0.0880099 -0.165876 0.963428 0.0934771 
0.184069 0.790037 -0.810296 -0.200965 0.0925187 -0.174374 0.959504 0.0983969 
0.193273 0.829539 -0.85081 -0.210718 0.0970086 -0.182837 0.955384 0.103317 
0.202476 0.86904 -0.891325 -0.220427 0.101479 -0.191262 0.951069 0.108237 
0.21168 0.908542 -0.93184 -0.230092 0.105928 -0.199648 0.946561 0.113156 
0.220883 0.948044 -0.972355 -0.23971 0.110356 -0.207993 0.941859 0.118076 
0.230086 0.987546 -1.01287 -0.249279 0.114761 -0.216296 0.936966 0.122996 
0.23929 1.02705 -1.05338 -0.258798 0.119143 -0.224555 0.931882 0.127916 
0.248493 1.06655 -1.0939 -0.268263 0.123501 -0.232768 0.926607 0.132836 
0.257697 1.10605 -1.13441 -0.277674 0.127834 -0.240934 0.921144 0.137756 
0.2669 1.14555 -1.17493 -0.287028 0.13214 -0.249051 0.915493 0.142676 
0.276104 1.18506 -1.21544 -0.296324 0.13642 -0.257116 0.909655 0.147595 
0.285307 1.22456 -1.25596 -0.30556 0.140671 -0.26513 0.903632 0.152515 
0.294511 1.26406 -1.29647 -0.314733 0.144894 -0.273089 0.897425 0.157435 
0.303714 1.30356 -1.33699 -0.323841 0.149088 -0.280993 0.891035 0.162355 
0.312918 1.34306 -1.3775 -0.332884 0.153251 -0.288839 0.884463 0.167275 
0.322121 1.38256 -1.41802 -0.341859 0.157383 -0.296627 0.87771 0.172195 
0.331324 1.42207 -1.45853 -0.350765 0.161482 -0.304354 0.870779 0.177114 
0.340528 1.46157 -1.49905 -0.359598 0.165549 -0.312019 0.863671 0.182034 
0.349731 1.50107 -1.53956 -0.368359 0.169582 -0.31962 0.856386 0.186954 
0.358935 1.54057 -1.58008 -0.377044 0.173581 -0.327156 0.848926 0.191874 
0.368138 1.58007 -1.62059 -0.385653 0.177544 -0.334626 0.841294 0.196794 
0.377342 1.61958 -1.66111 -0.394183 0.181471 -0.342027 0.83349 0.201714 
0.386545 1.65908 -1.70162 -0.402632 0.185361 -0.349358 0.825516 0.206634 
0.395749 1.69858 -1.74214 -0.411 0.189213 -0.356619 0.817374 0.211553 
0.404952 1.73808 -1.78265 -0.419284 0.193027 -0.363806 0.809065 0.216473 
0.414156 1.77758 -1.82317 -0.427482 0.196801 -0.37092 0.800592 0.221393 
0.423359 1.81708 -1.86368 -0.435593 0.200535 -0.377958 0.791955 0.226313 
0.432562 1.85659 -1.90419 -0.443615 0.204228 -0.384919 0.783157 0.231233 
0.441766 1.89609 -1.94471 -0.451547 0.20788 -0.391801 0.774199 0.236153 
0.450969 1.93559 -1.98522 -0.459387 0.211489 -0.398603 0.765083 0.241072 
0.460173 1.97509 -2.02574 -0.467133 0.215055 -0.405325 0.755811 0.245992 
0.469376 2.01459 -2.06625 -0.474784 0.218577 -0.411963 0.746385 0.250912 
0.47858 2.0541 -2.10677 -0.482338 0.222055 -0.418518 0.736807 0.255832 
0.487783 2.0936 -2.14728 -0.489794 0.225488 -0.424987 0.727079 0.260752 
0.496987 2.1331 -2.1878 -0.49715 0.228874 -0.43137 0.717202 0.265672 
0.50619 2.1726 -2.22831 -0.504404 0.232214 -0.437664 0.70718 0.270592 
0.515394 2.2121 -2.26883 -0.511556 0.235506 -0.44387 0.697013 0.275511 
0.524597 2.2516 -2.30934 -0.518603 0.238751 -0.449985 0.686704 0.280431 
0.5338 2.29111 -2.34986 -0.525545 0.241947 -0.456008 0.676255 0.285351 
0.543004 2.33061 -2.39037 0.53238 -0.245093 0.461938 -0.665668 0.290271 
0.818995 2.3153 -2.45492 0.53491 -0.244673 0.455237 -0.668405 0.285401 
1.09499 2.29999 -2.51948 0.537409 -0.244239 0.448508 -0.671103 0.28053 
1.37098 2.28468 -2.58403 0.539876 -0.24379 0.441753 -0.673761 0.27566 
1.64697 2.26937 -2.64858 0.542311 -0.243327 0.434972 -0.67638 0.270789 
1.92296 2.25405 -2.71314 0.544715 -0.24285 0.428165 -0.678958 0.265919 
2.19895 2.23874 -2.77769 0.547086 -0.242358 0.421333 -0.681497 0.261049 
2.47494 2.22343 -2.84224 0.549425 -0.241852 0.414477 -0.683995 0.256178 
2.75093 2.20812 -2.90679 0.551731 -0.241332 0.407595 -0.686453 0.251308 
3.02692 2.19281 -2.97135 0.554005 -0.240798 0.40069 -0.68887 0.246437 
3.30292 2.1775 -3.0359 0.556246 -0.240249 0.393761 -0.691247 0.241567 
3.57891 2.16219 -3.10045 0.558455 -0.239686 0.386809 -0.693583 0.236697 
3.8549 2.14688 -3.165 0.56063 -0.239109 0.379834 -0.695878 0.231826 
4.13089 2.13157 -3.22956 0.562773 -0.238518 0.372837 -0.698133 0.226956 
4.40688 2.11626 -3.29411 0.564882 -0.237913 0.365817 -0.700345 0.222085 
4.68287 2.10095 -3.35866 0.566958 -0.237294 0.358776 -0.702517 0.217215 
4.95886 2.08564 -3.42322 0.569 -0.236661 0.351714 -0.704647 0.212344 
5.23485 2.07032 -3.48777 0.571009 -0.236013 0.344631 -0.706736 0.207474 
5.51084 2.05501 -3.55232 0.572984 -0.235352 0.337528 -0.708783 0.202604 
5.78684 2.0397 -3.61687 0.574926 -0.234677 0.330405 -0.710788 0.197733 
6.06283 2.02439 -3.68143 0.576833 -0.233989 0.323262 -0.712751 0.192863 
6.33882 2.00908 -3.74598 0.578707 -0.233286 0.316101 -0.714672 0.187992 
6.61481 1.99377 -3.81053 0.580546 -0.23257 0.30892 -0.716551 0.183122 
6.8908 1.97846 -3.87508 0.582351 -0.23184 0.301722 -0.718388 0.178252 
7.15334 1.9639 -3.93649 0.584037 -0.231132 0.294858 -0.720096 0.173619 
7.41588 1.94933 -3.9979 0.585691 -0.230413 0.287978 -0.721765 0.168986 
7.67842 1.93477 -4.0593 0.587314 -0.229681 0.281082 -0.723396 0.164353 
7.94096 1.9202 -4.12071 0.588905 -0.228937 0.274172 -0.724989 0.15972 
8.2035 1.90564 -4.18212 0.590465 -0.228181 0.267247 -0.726542 0.155087 
8.46604 1.89107 -4.24352 0.591994 -0.227412 0.260308 -0.728057 0.150453 
8.72858 1.87651 -4.30493 0.593491 -0.226632 0.253355 -0.729533 0.14582 
8.99112 1.86194 -4.36634 0.594956 -0.225839 0.246388 -0.73097 0.141187 
9.25366 1.84738 -4.42774 0.596389 -0.225034 0.239408 -0.732368 0.136554 
9.44174 1.77441 -4.28339 0.597911 -0.216107 0.241063 -0.733273 0.131667 
9.62982 1.70143 -4.13904 0.599381 -0.207161 0.242697 -0.734115 0.126779 
9.8179 1.62846 -3.99469 0.6008 -0.198198 0.24431 -0.734894 0.121892 
10.006 1.55549 -3.85034 0.602167 -0.189217 0.245903 -0.735611 0.117004 
10.1941 1.48251 -3.70599 0.603483 -0.18022 0.247474 -0.736264 0.112117 
10.3821 1.40954 -3.56164 0.604747 -0.171208 0.249024 -0.736855 0.107229 
10.5702 1.33657 -3.41729 0.60596 -0.162182 0.250553 -0.737382 0.102342 
10.7583 1.26359 -3.27293 0.607121 -0.153141 0.25206 -0.737847 0.0974542 
10.9464 1.19062 -3.12858 0.60823 -0.144087 0.253546 -0.738248 0.0925666 
11.1345 1.11765 -2.98423 0.609286 -0.135021 0.25501 -0.738586 0.0876791 
11.3225 1.04468 -2.83988 0.610291 -0.125943 0.256453 -0.738861 0.0827916 
11.5106 0.971703 -2.69553 0.611243 -0.116855 0.257873 -0.739072 0.0779041 
11.6987 0.89873 -2.55118 0.612143 -0.107757 0.259271 -0.739221 0.0730165 
11.8868 0.825757 -2.40683 0.612991 -0.098649 0.260648 -0.739306 0.068129 
12.0749 0.752784 -2.26248 0.613786 -0.089533 0.262001 -0.739328 0.0632415 
12.2629 0.679811 -2.11813 0.614529 -0.0804093 0.263333 -0.739286 0.058354 
12.451 0.606838 -1.97377 0.615219 -0.0712787 0.264642 -0.739182 0.0534664 
12.6391 0.533865 -1.82942 0.615856 -0.062142 0.265928 -0.739014 0.0485789 
12.8272 0.460892 -1.68507 0.616441 -0.0529999 0.267191 -0.738783 0.0436914 
13.0153 0.387919 -1.54072 0.616973 -0.0438534 0.268432 -0.738488 0.0388038 
13.2033 0.314946 -1.39637 0.617452 -0.0347031 0.26965 -0.738131 0.0339163 
13.3914 0.241973 -1.25202 0.617879 -0.0255498 0.270844 -0.73771 0.0290288 
13.5795 0.169 -1.10767 0.618252 -0.0163943 0.272016 -0.737226 0.0241413 
13.7676 0.0960268 -0.963316 0.618573 -0.00723748 0.273164 -0.736679 0.0192537 
13.9557 0.0230538 -0.818965 0.618841 0.00192001 0.274289 -0.736069 0.0143662 
14.1437 -0.0499192 -0.674613 0.619055 0.0110773 0.27539 -0.735397 0.00947869 

