0 0 0 0 0 0 1 4.6573e-310 
0.0738354 -0.0816344 0.0431433 -0.00754094 -0.0133961 0.00126023 0.999881 0.00269556 
0.147671 -0.163269 0.0862866 -0.0150801 -0.0267891 0.00252016 0.999524 0.00539113 
0.221506 -0.244903 0.12943 -0.0226157 -0.0401756 0.00377949 0.99893 0.00808669 
0.295341 -0.326538 0.172573 -0.0301458 -0.0535527 0.00503792 0.998097 0.0107823 
0.369177 -0.408172 0.215717 -0.0376688 -0.0669169 0.00629516 0.997027 0.0134778 
0.443012 -0.489807 0.25886 -0.0451829 -0.0802653 0.00755089 0.99572 0.0161734 
0.516848 -0.571441 0.302003 -0.0526862 -0.0935945 0.00880483 0.994176 0.018869 
0.590683 -0.653075 0.345147 -0.0601769 -0.106902 0.0100567 0.992396 0.0215645 
0.664518 -0.73471 0.38829 -0.0676534 -0.120183 0.0113061 0.990379 0.0242601 
0.738354 -0.816344 0.431433 -0.0751137 -0.133436 0.0125529 0.988127 0.0269556 
0.812189 -0.897979 0.474577 -0.0825562 -0.146657 0.0137967 0.98564 0.0296512 
0.886024 -0.979613 0.51772 -0.089979 -0.159844 0.0150372 0.982918 0.0323468 
0.95986 -1.06125 0.560863 -0.0973805 -0.172992 0.0162741 0.979962 0.0350423 
1.0337 -1.14288 0.604006 -0.104759 -0.186099 0.0175071 0.976773 0.0377379 
1.10753 -1.22452 0.64715 -0.112112 -0.199162 0.018736 0.973352 0.0404335 
1.18137 -1.30615 0.690293 -0.119439 -0.212177 0.0199604 0.969699 0.043129 
1.2552 -1.38779 0.733436 -0.126737 -0.225142 0.0211801 0.965816 0.0458246 
1.32904 -1.46942 0.77658 -0.134005 -0.238054 0.0223947 0.961702 0.0485202 
1.40287 -1.55105 0.819723 -0.141241 -0.250908 0.023604 0.95736 0.0512157 
1.47671 -1.63269 0.862866 -0.148444 -0.263703 0.0248077 0.95279 0.0539113 
1.55054 -1.71432 0.90601 -0.155611 -0.276436 0.0260055 0.947994 0.0566069 
1.62438 -1.79596 0.949153 -0.162741 -0.289102 0.0271971 0.942972 0.0593024 
1.69821 -1.87759 0.992296 -0.169833 -0.3017 0.0283822 0.937725 0.061998 
1.77205 -1.95923 1.03544 -0.176884 -0.314226 0.0295606 0.932255 0.0646936 
1.84588 -2.04086 1.07858 -0.183893 -0.326677 0.0307319 0.926564 0.0673891 
1.91972 -2.1225 1.12173 -0.190858 -0.339051 0.0318959 0.920652 0.0700847 
1.99355 -2.20413 1.16487 -0.197778 -0.351344 0.0330524 0.914521 0.0727802 
2.06739 -2.28576 1.20801 -0.204651 -0.363553 0.034201 0.908173 0.0754758 
2.14123 -2.3674 1.25116 -0.211475 -0.375676 0.0353414 0.901608 0.0781714 
2.21506 -2.44903 1.2943 -0.218249 -0.387709 0.0364734 0.894829 0.0808669 
2.2889 -2.53067 1.33744 -0.224971 -0.39965 0.0375968 0.887837 0.0835625 
2.36273 -2.6123 1.38059 -0.231639 -0.411496 0.0387112 0.880634 0.0862581 
2.43657 -2.69394 1.42373 -0.238253 -0.423244 0.0398164 0.873221 0.0889536 
2.5104 -2.77557 1.46687 -0.244809 -0.434892 0.0409121 0.8656 0.0916492 
2.58424 -2.8572 1.51002 -0.251307 -0.446436 0.0419981 0.857774 0.0943448 
2.65807 -2.93884 1.55316 -0.257746 -0.457874 0.0430741 0.849743 0.0970403 
2.73191 -3.02047 1.5963 -0.264123 -0.469202 0.0441398 0.84151 0.0997359 
2.80574 -3.10211 1.63945 -0.270437 -0.480419 0.0451951 0.833077 0.102431 
2.87958 -3.18374 1.68259 -0.276688 -0.491522 0.0462396 0.824446 0.105127 
2.95341 -3.26538 1.72573 -0.282872 -0.502508 0.0472731 0.815619 0.107823 
3.02725 -3.34701 1.76888 -0.288989 -0.513375 0.0482953 0.806598 0.110518 
3.10109 -3.42865 1.81202 -0.295037 -0.524119 0.0493061 0.797384 0.113214 
3.17492 -3.51028 1.85516 -0.301015 -0.534738 0.0503051 0.787981 0.115909 
3.24876 -3.59191 1.89831 -0.306921 -0.545231 0.0512921 0.778391 0.118605 
3.32259 -3.67355 1.94145 -0.312754 -0.555593 0.052267 0.768615 0.1213 
3.39643 -3.75518 1.98459 -0.318513 -0.565824 0.0532294 0.758657 0.123996 
3.47026 -3.83682 2.02774 -0.324196 -0.575919 0.0541792 0.748517 0.126692 
3.5441 -3.91845 2.07088 -0.329802 -0.585878 0.055116 0.7382 0.129387 
3.61793 -4.00009 2.11402 -0.33533 -0.595697 0.0560398 0.727707 0.132083 
3.69177 -4.08172 2.15717 -0.340777 -0.605375 0.0569502 0.717042 0.134778 
3.76518 -4.16288 2.20006 -0.346113 -0.614854 0.0578419 0.706268 0.137458 
3.83858 -4.24404 2.24295 -0.351367 -0.624188 0.05872 0.695329 0.140138 
3.91199 -4.3252 2.28585 -0.356539 -0.633375 0.0595843 0.684226 0.142818 
3.9854 -4.40637 2.32874 -0.361627 -0.642414 0.0604345 0.672962 0.145498 
4.0588 -4.48753 2.37163 -0.36663 -0.651301 0.0612706 0.66154 0.148178 
4.13221 -4.56869 2.41452 -0.371546 -0.660035 0.0620923 0.649963 0.150858 
4.20562 -4.64985 2.45742 -0.376376 -0.668614 0.0628993 0.638232 0.153538 
4.27903 -4.73101 2.50031 -0.381116 -0.677035 0.0636916 0.626352 0.156218 
4.35243 -4.81217 2.5432 -0.385768 -0.685298 0.0644689 0.614324 0.158898 
4.42584 -4.89333 2.5861 -0.390328 -0.693399 0.065231 0.602152 0.161578 
4.49925 -4.97449 2.62899 -0.394796 -0.701337 0.0659778 0.589838 0.164258 
4.57266 -5.05565 2.67188 -0.399172 -0.709111 0.066709 0.577385 0.166937 
4.64606 -5.13682 2.71478 -0.403454 -0.716717 0.0674246 0.564797 0.169617 
4.71947 -5.21798 2.75767 -0.407641 -0.724155 0.0681243 0.552075 0.172297 
4.79288 -5.29914 2.80056 -0.411732 -0.731423 0.068808 0.539224 0.174977 
4.86628 -5.3803 2.84346 -0.415726 -0.738518 0.0694755 0.526246 0.177657 
4.93969 -5.46146 2.88635 -0.419623 -0.74544 0.0701267 0.513145 0.180337 
5.0131 -5.54262 2.92924 -0.423421 -0.752187 0.0707614 0.499922 0.183017 
5.08651 -5.62378 2.97214 -0.427119 -0.758757 0.0713794 0.486583 0.185697 
5.15991 -5.70494 3.01503 -0.430717 -0.765148 0.0719807 0.473128 0.188377 
5.23332 -5.7861 3.05792 -0.434213 -0.771359 0.072565 0.459563 0.191057 
5.30673 -5.86727 3.10082 -0.437608 -0.777389 0.0731323 0.445889 0.193737 
5.38014 -5.94843 3.14371 -0.440899 -0.783237 0.0736824 0.43211 0.196417 
5.45354 -6.02959 3.1866 -0.444087 -0.788899 0.0742151 0.41823 0.199097 
5.52695 -6.11075 3.2295 -0.44717 -0.794377 0.0747304 0.404252 0.201777 
5.60036 -6.19191 3.27239 -0.450148 -0.799668 0.0752281 0.390178 0.204457 
5.67376 -6.27307 3.31528 -0.453021 -0.80477 0.0757081 0.376013 0.207137 
5.74717 -6.35423 3.35817 -0.455787 -0.809683 0.0761703 0.361759 0.209816 
5.82058 -6.43539 3.40107 -0.458445 -0.814406 0.0766146 0.34742 0.212496 
5.89399 -6.51655 3.44396 -0.460996 -0.818938 0.0770409 0.333 0.215176 
5.96739 -6.59772 3.48685 -0.463438 -0.823276 0.0774491 0.318501 0.217856 
6.0408 -6.67888 3.52975 -0.465772 -0.827421 0.077839 0.303927 0.220536 
6.11421 -6.76004 3.57264 -0.467995 -0.831372 0.0782107 0.289282 0.223216 
6.18761 -6.8412 3.61553 -0.470109 -0.835127 0.0785639 0.274569 0.225896 
6.26102 -6.92236 3.65843 -0.472112 -0.838686 0.0788987 0.259791 0.228576 
6.33443 -7.00352 3.70132 -0.474005 -0.842047 0.0792149 0.244952 0.231256 
6.38878 -6.91504 3.68389 -0.469489 -0.839966 0.0812974 0.259669 0.228268 
6.44313 -6.82657 3.66646 -0.464859 -0.837678 0.0833599 0.274322 0.225281 
6.49748 -6.73809 3.64903 -0.460114 -0.835185 0.0854019 0.288908 0.222293 
6.55183 -6.64961 3.63161 -0.455256 -0.832487 0.0874229 0.303423 0.219306 
6.60618 -6.56114 3.61418 -0.450286 -0.829584 0.0894225 0.317863 0.216318 
6.66054 -6.47266 3.59675 -0.445206 -0.826477 0.0914001 0.332225 0.21333 
6.71489 -6.38418 3.57932 -0.440016 -0.823167 0.0933553 0.346506 0.210343 
6.76924 -6.29571 3.56189 -0.434718 -0.819655 0.0952875 0.360701 0.207355 
6.82359 -6.20723 3.54446 -0.429314 -0.815942 0.0971963 0.374808 0.204368 
6.87794 -6.11875 3.52703 -0.423804 -0.812028 0.0990812 0.388823 0.20138 
6.93229 -6.03028 3.50961 -0.418189 -0.807915 0.100942 0.402742 0.198392 
6.98664 -5.9418 3.49218 -0.412473 -0.803604 0.102778 0.416562 0.195405 
7.04099 -5.85332 3.47475 -0.406654 -0.799095 0.104588 0.430281 0.192417 
7.09534 -5.76485 3.45732 -0.400736 -0.794389 0.106373 0.443893 0.18943 
7.14969 -5.67637 3.43989 -0.39472 -0.789489 0.108132 0.457396 0.186442 
7.20404 -5.58789 3.42246 -0.388606 -0.784394 0.109864 0.470787 0.183454 
7.2584 -5.49941 3.40503 -0.382397 -0.779107 0.111569 0.484062 0.180467 
7.31275 -5.41094 3.3876 -0.376094 -0.773629 0.113247 0.497219 0.177479 
7.3671 -5.32246 3.37018 -0.369699 -0.76796 0.114897 0.510253 0.174492 
7.42145 -5.23398 3.35275 -0.363213 -0.762103 0.116519 0.523162 0.171504 
7.4758 -5.14551 3.33532 -0.356638 -0.756059 0.118112 0.535942 0.168516 
7.53015 -5.05703 3.31789 -0.349975 -0.749829 0.119676 0.548591 0.165529 
7.5845 -4.96855 3.30046 -0.343226 -0.743414 0.121211 0.561105 0.162541 
7.63885 -4.88008 3.28303 -0.336393 -0.736818 0.122715 0.573481 0.159554 
7.6932 -4.7916 3.2656 -0.329477 -0.73004 0.12419 0.585717 0.156566 
7.74755 -4.70312 3.24818 -0.32248 -0.723082 0.125635 0.597808 0.153578 
7.80191 -4.61465 3.23075 -0.315404 -0.715948 0.127048 0.609752 0.150591 
7.85626 -4.52617 3.21332 -0.308251 -0.708637 0.12843 0.621547 0.147603 
7.91061 -4.43769 3.19589 -0.301021 -0.701152 0.129781 0.633189 0.144616 
7.96496 -4.34922 3.17846 -0.293718 -0.693495 0.1311 0.644676 0.141628 
8.01931 -4.26074 3.16103 -0.286343 -0.685668 0.132386 0.656004 0.138641 
8.07366 -4.17226 3.1436 -0.278897 -0.677672 0.13364 0.667171 0.135653 
8.12801 -4.08379 3.12618 -0.271383 -0.66951 0.134861 0.678174 0.132665 
8.18236 -3.99531 3.10875 -0.263803 -0.661183 0.13605 0.689011 0.129678 
8.23671 -3.90683 3.09132 -0.256157 -0.652694 0.137204 0.699678 0.12669 
8.29106 -3.81835 3.07389 -0.248448 -0.644044 0.138325 0.710174 0.123703 
8.34541 -3.72988 3.05646 -0.240679 -0.635237 0.139412 0.720495 0.120715 
8.39977 -3.6414 3.03903 -0.23285 -0.626273 0.140465 0.730639 0.117727 
8.45412 -3.55292 3.0216 -0.224964 -0.617155 0.141483 0.740603 0.11474 
8.50847 -3.46445 3.00417 -0.217023 -0.607886 0.142467 0.750386 0.111752 
8.56282 -3.37597 2.98675 -0.209029 -0.598468 0.143415 0.759984 0.108765 
8.61717 -3.28749 2.96932 -0.200983 -0.588902 0.144328 0.769396 0.105777 
8.67152 -3.19902 2.95189 -0.192888 -0.579192 0.145206 0.778618 0.102789 
8.72587 -3.11054 2.93446 -0.184745 -0.569339 0.146048 0.787649 0.0998018 
8.78022 -3.02206 2.91703 -0.176557 -0.559347 0.146855 0.796487 0.0968142 
8.83457 -2.93359 2.8996 -0.168326 -0.549217 0.147625 0.805129 0.0938266 
8.88892 -2.84511 2.88217 -0.160053 -0.538953 0.148359 0.813574 0.090839 
8.94328 -2.75663 2.86475 -0.151742 -0.528556 0.149056 0.821818 0.0878514 
8.99763 -2.66816 2.84732 -0.143392 -0.518029 0.149717 0.829861 0.0848638 
9.05198 -2.57968 2.82989 -0.135008 -0.507375 0.150341 0.8377 0.0818762 
9.10633 -2.4912 2.81246 -0.12659 -0.496596 0.150928 0.845333 0.0788886 
9.16068 -2.40273 2.79503 -0.118141 -0.485695 0.151478 0.852758 0.075901 
9.21503 -2.31425 2.7776 -0.109664 -0.474675 0.151991 0.859974 0.0729135 
9.26938 -2.22577 2.76017 -0.101159 -0.463539 0.152467 0.866979 0.0699259 
9.32373 -2.13729 2.74274 -0.0926296 -0.452288 0.152905 0.873771 0.0669383 
9.51464 -2.01436 2.62671 -0.106881 -0.452351 0.147088 0.873109 0.0646486 
9.70555 -1.89143 2.51068 -0.121108 -0.452306 0.141236 0.872241 0.0623589 
9.89646 -1.7685 2.39465 -0.135305 -0.452155 0.13535 0.871165 0.0600692 
10.0874 -1.64557 2.27861 -0.149471 -0.451895 0.129433 0.869883 0.0577794 
10.2783 -1.52263 2.16258 -0.163601 -0.451529 0.123484 0.868394 0.0554897 
10.4692 -1.3997 2.04655 -0.177692 -0.451055 0.117507 0.866699 0.0532 
10.6601 -1.27677 1.93052 -0.191741 -0.450474 0.111501 0.864798 0.0509103 
10.851 -1.15384 1.81449 -0.205744 -0.449786 0.105469 0.862692 0.0486206 
11.0419 -1.03091 1.69845 -0.219699 -0.448992 0.099412 0.860381 0.0463309 
11.2328 -0.907974 1.58242 -0.233601 -0.448091 0.0933313 0.857866 0.0440412 
11.4237 -0.785042 1.46639 -0.247449 -0.447083 0.0872284 0.855147 0.0417515 
11.6146 -0.66211 1.35036 -0.261237 -0.445969 0.0811049 0.852226 0.0394618 
11.8055 -0.539178 1.23432 -0.274963 -0.44475 0.0749621 0.849102 0.0371721 
11.9965 -0.416246 1.11829 -0.288624 -0.443425 0.0688015 0.845776 0.0348824 
12.1874 -0.293314 1.00226 -0.302217 -0.441994 0.0626246 0.84225 0.0325927 
12.3783 -0.170382 0.886225 -0.315737 -0.440459 0.0564328 0.838523 0.030303 
12.5692 -0.0474496 0.770193 -0.329183 -0.438819 0.0502276 0.834598 0.0280133 
12.7601 0.0754824 0.65416 -0.342551 -0.437075 0.0440105 0.830474 0.0257236 
12.951 0.198414 0.538128 -0.355837 -0.435227 0.0377829 0.826153 0.0234339 
13.1419 0.321347 0.422095 -0.369039 -0.433276 0.0315464 0.821637 0.0211442 
13.3328 0.444279 0.306063 -0.382153 -0.431222 0.0253024 0.816925 0.0188545 
13.5237 0.567211 0.19003 -0.395177 -0.429066 0.0190524 0.812019 0.0165648 
13.7146 0.690143 0.0739976 -0.408106 -0.426808 0.0127978 0.80692 0.0142751 
13.9055 0.813075 -0.0420349 -0.420939 -0.424448 0.00654022 0.80163 0.0119854 
14.0964 0.936007 -0.158067 -0.433672 -0.421988 0.000281085 0.79615 0.00969565 

