0 0 0 0 0 0 1 4.67407e-310 
0.0692312 0.0360191 0.0359881 0.00691778 -0.00525294 0.0102054 0.99991 0.0006593 
0.133719 0.0143686 0.00173977 0.00286307 -0.0177222 -0.0051234 0.999826 0.00432686 
0.227748 0.00934816 0.000836282 0.00536204 -0.0226622 -0.00330135 0.999723 0.004323 
0.321777 0.00432775 -6.72066e-05 0.00786084 -0.0276014 -0.0014792 0.999587 0.00431913 
0.415805 -0.000692654 -0.000970695 0.0103594 -0.0325396 0.000343008 0.999417 0.00431527 
0.509834 -0.00571306 -0.00187418 0.0128575 -0.0374768 0.0021652 0.999212 0.0043114 
0.603863 -0.0107335 -0.00277767 0.0153553 -0.0424127 0.00398732 0.998974 0.00430754 
0.697892 -0.0157539 -0.00368116 0.0178525 -0.0473471 0.00580931 0.998702 0.00430367 
0.79192 -0.0207743 -0.00458465 0.0203491 -0.0522799 0.0076311 0.998396 0.00429981 
0.885949 -0.0257947 -0.00548814 0.022845 -0.057211 0.00945262 0.998056 0.00429594 
0.979978 -0.0308151 -0.00639163 0.0253402 -0.0621401 0.0112738 0.997682 0.00429208 
1.07401 -0.0358355 -0.00729511 0.0278345 -0.067067 0.0130947 0.997274 0.00428821 
1.16804 -0.0408559 -0.0081986 0.0303278 -0.0719918 0.014915 0.996832 0.00428434 
1.26206 -0.0458763 -0.00910209 0.0328201 -0.076914 0.0167349 0.996357 0.00428048 
1.35609 -0.0508967 -0.0100056 0.0353113 -0.0818337 0.0185542 0.995847 0.00427661 
1.45012 -0.0559171 -0.0109091 0.0378013 -0.0867506 0.0203729 0.995304 0.00427275 
1.54415 -0.0609375 -0.0118126 0.04029 -0.0916645 0.0221909 0.994727 0.00426888 
1.54306 -0.0417849 0.0697287 0.039447 -0.0978532 0.0370962 0.993727 0.00430929 
1.54128 -0.0863202 0.146066 0.0342618 -0.0897295 0.0379908 0.994651 0.00618977 
1.53751 -0.164892 0.177796 0.0310926 -0.100872 0.0390853 0.993645 0.00968983 
1.52743 -0.200945 0.244937 0.0405209 -0.100682 0.0250325 0.993778 0.0158923 
1.51472 -0.200237 0.326123 0.0535162 -0.105933 0.0231275 0.992663 0.0195256 
1.50929 -0.265564 0.387182 0.0495633 -0.105419 0.0309186 0.992711 0.0211905 
1.5097 -0.340212 0.439483 0.0450424 -0.106853 0.0287574 0.992838 0.0248287 
1.51505 -0.285774 0.506469 0.0382698 -0.105663 0.0239756 0.993376 0.0299531 
1.52642 -0.219517 0.56097 0.0319995 -0.109459 0.0326703 0.992939 0.0320311 
1.53186 -0.160206 0.626058 0.0232216 -0.11361 0.0332512 0.992697 0.0340739 
1.53811 -0.0793562 0.645092 0.0266306 -0.114691 0.0487696 0.991846 0.0348313 
1.54693 -0.031799 0.715022 0.0372209 -0.109187 0.0475152 0.992187 0.0377984 
1.5445 0.0372659 0.771902 0.0354978 -0.112821 0.038921 0.992218 0.0388044 
1.57484 0.0973344 0.827474 0.0354592 -0.114606 0.0291255 0.992351 0.041571 
1.5739 0.184087 0.844368 0.0285208 -0.120316 0.0248208 0.992015 0.0432144 
1.56778 0.241803 0.912229 0.0289319 -0.122166 0.0317376 0.99158 0.046733 
1.5603 0.254676 0.983418 0.032225 -0.104222 0.0443926 0.99304 0.0517526 
1.58067 0.327036 1.03313 0.0260506 -0.107286 0.0443112 0.992899 0.054735 
1.59509 0.391957 1.06362 0.0128853 -0.127341 0.0469456 0.990664 0.0573379 
1.63509 0.424282 1.13167 0.0264795 -0.122742 0.0468291 0.990979 0.0576842 
1.62762 0.454366 1.20187 0.00955329 -0.107936 0.045114 0.993088 0.0582954 
1.66617 0.455984 1.28154 0.011173 -0.0968697 0.0453316 0.994201 0.0585258 
1.65883 0.493287 1.36286 0.0028345 -0.0910586 0.0456001 0.994797 0.0584751 
1.68077 0.544338 1.43328 -0.00363251 -0.0908847 0.0425886 0.994944 0.0616338 
1.71157 0.58445 1.49794 0.00717133 -0.0888954 0.035634 0.995378 0.0665393 
1.69662 0.647988 1.55271 0.0130038 -0.0784267 0.043398 0.99589 0.0660364 
1.73696 0.695494 1.61606 0.0138152 -0.0710326 0.0387684 0.996625 0.0683805 
1.76332 0.721653 1.69411 0.0101212 -0.0793713 0.0398507 0.995997 0.0727361 
1.7264 0.714206 1.76959 0.0140123 -0.088713 0.0415492 0.995092 0.0780786 
1.77121 0.779645 1.81877 0.0178409 -0.0912611 0.0420291 0.99478 0.0801236 
1.80792 0.803291 1.89788 0.0170762 -0.0888226 0.0494632 0.994672 0.0819062 
1.83408 0.858605 1.95885 0.00640014 -0.0860379 0.0508664 0.994972 0.0843956 
1.85446 0.862808 1.96121 -0.00527408 0.0858077 -0.050464 -0.995019 0.0845021 
1.94599 0.881675 1.9718 -0.000218075 0.0847727 -0.0486565 -0.995212 0.0849803 
2.03752 0.900543 1.98238 0.00483794 0.0837351 -0.0468476 -0.995374 0.0854585 
2.12905 0.919411 1.99296 0.00989381 0.0826949 -0.0450372 -0.995508 0.0859367 
2.22058 0.938279 2.00355 0.0149494 0.0816524 -0.0432255 -0.995611 0.0864149 
2.3121 0.957146 2.01413 0.0200045 0.0806073 -0.0414125 -0.995684 0.0868931 
2.40363 0.976014 2.02472 0.025059 0.0795599 -0.0395983 -0.995728 0.0873713 
2.49516 0.994882 2.0353 0.0301128 0.07851 -0.0377829 -0.995742 0.0878495 
2.58669 1.01375 2.04589 0.0351657 0.0774579 -0.0359664 -0.995726 0.0883277 
2.67822 1.03262 2.05647 0.0402175 0.0764034 -0.0341487 -0.99568 0.0888059 
2.76975 1.05149 2.06706 0.0452681 0.0753466 -0.0323301 -0.995605 0.0892841 
2.86127 1.07035 2.07764 0.0503174 0.0742875 -0.0305105 -0.995499 0.0897623 
2.9528 1.08922 2.08823 0.0553652 0.0732263 -0.0286899 -0.995364 0.0902405 
3.04433 1.10809 2.09881 0.0604112 0.0721628 -0.0268686 -0.995199 0.0907187 
3.13586 1.12696 2.10939 0.0654555 0.0710972 -0.0250464 -0.995004 0.0911969 
3.22739 1.14582 2.11998 0.0704979 0.0700294 -0.0232234 -0.99478 0.0916751 
3.31891 1.16469 2.13056 0.0755381 0.0689596 -0.0213998 -0.994525 0.0921533 
3.41044 1.18356 2.14115 0.0805761 0.0678877 -0.0195755 -0.994241 0.0926315 
3.50197 1.20243 2.15173 0.0856116 0.0668138 -0.0177506 -0.993927 0.0931097 
3.5935 1.2213 2.16232 0.0906446 0.0657378 -0.0159253 -0.993584 0.0935879 
3.68503 1.24016 2.1729 0.0956749 0.0646599 -0.0140994 -0.99321 0.0940661 
3.77656 1.25903 2.18349 0.100702 0.0635801 -0.0122731 -0.992807 0.0945443 
3.86808 1.2779 2.19407 0.105727 0.0624983 -0.0104464 -0.992374 0.0950225 
3.95961 1.29677 2.20466 0.110748 0.0614147 -0.00861945 -0.991912 0.0955007 
4.05114 1.31563 2.21524 0.115766 0.0603292 -0.00679222 -0.991419 0.0959789 
4.14267 1.3345 2.22582 0.12078 0.059242 -0.00496479 -0.990898 0.0964571 
4.2342 1.35337 2.23641 0.125791 0.0581529 -0.0031372 -0.990346 0.0969353 
4.32572 1.37224 2.24699 0.130798 0.0570621 -0.00130953 -0.989765 0.0974135 
4.41725 1.39111 2.25758 0.135801 0.0559697 0.00051819 -0.989154 0.0978917 
4.50878 1.40997 2.26816 0.1408 0.0548755 0.00234589 -0.988513 0.0983699 
4.60031 1.42884 2.27875 0.145795 0.0537797 0.00417352 -0.987843 0.0988481 
4.69184 1.44771 2.28933 0.150786 0.0526823 0.00600103 -0.987143 0.0993263 
4.78337 1.46658 2.29992 0.155772 0.0515833 0.00782835 -0.986414 0.0998045 
4.87489 1.48544 2.3105 0.160753 0.0504827 0.00965545 -0.985655 0.100283 
4.96642 1.50431 2.32109 0.16573 0.0493807 0.0114822 -0.984867 0.100761 
5.05795 1.52318 2.33167 0.170701 0.0482772 0.0133087 -0.984049 0.101239 
5.14948 1.54205 2.34225 0.175668 0.0471722 0.0151348 -0.983202 0.101717 
5.24101 1.56092 2.35284 0.180629 0.0460658 0.0169604 -0.982326 0.102195 
5.33253 1.57978 2.36342 0.185584 0.044958 0.0187855 -0.98142 0.102674 
5.42406 1.59865 2.37401 0.190535 0.0438489 0.02061 -0.980484 0.103152 
5.51559 1.61752 2.38459 0.195479 0.0427385 0.0224339 -0.979519 0.10363 
5.60712 1.63639 2.39518 0.200418 0.0416268 0.0242572 -0.978525 0.104108 
5.69865 1.65525 2.40576 0.20535 0.0405138 0.0260797 -0.977502 0.104586 
5.79018 1.67412 2.41635 0.210277 0.0393997 0.0279014 -0.976449 0.105065 
5.8817 1.69299 2.42693 0.215197 0.0382843 0.0297224 -0.975367 0.105543 
5.97323 1.71186 2.43752 0.220111 0.0371679 0.0315424 -0.974256 0.106021 
6.06476 1.73073 2.4481 0.225018 0.0360502 0.0333614 -0.973116 0.106499 
6.15629 1.74959 2.45868 0.229919 0.0349316 0.0351795 -0.971946 0.106977 
6.24782 1.76846 2.46927 0.234812 0.0338118 0.0369965 -0.970748 0.107456 
6.33934 1.78733 2.47985 0.239699 0.0326911 0.0388124 -0.96952 0.107934 
6.43087 1.8062 2.49044 0.244578 0.0315694 0.0406272 -0.968264 0.108412 
6.5224 1.82506 2.50102 0.24945 0.0304467 0.0424407 -0.966978 0.10889 
6.61393 1.84393 2.51161 0.254315 0.0293232 0.044253 -0.965663 0.109368 
6.70546 1.8628 2.52219 0.259172 0.0281987 0.0460639 -0.96432 0.109847 
6.79698 1.88167 2.53278 0.264021 0.0270734 0.0478735 -0.962948 0.110325 
6.88851 1.90054 2.54336 0.268862 0.0259473 0.0496816 -0.961546 0.110803 
6.98004 1.9194 2.55395 0.273695 0.0248204 0.0514883 -0.960117 0.111281 
7.07157 1.93827 2.56453 0.27852 0.0236928 0.0532934 -0.958658 0.111759 
7.1631 1.95714 2.57511 0.283337 0.0225645 0.0550969 -0.95717 0.112238 
7.25463 1.97601 2.5857 0.288145 0.0214354 0.0568987 -0.955654 0.112716 
7.34615 1.99487 2.59628 0.292945 0.0203058 0.0586989 -0.95411 0.113194 
7.43768 2.01374 2.60687 0.297736 0.0191755 0.0604973 -0.952537 0.113672 
7.52921 2.03261 2.61745 0.302518 0.0180447 0.0622938 -0.950935 0.11415 
7.62074 2.05148 2.62804 0.30729 0.0169133 0.0640885 -0.949305 0.114629 
7.71227 2.07035 2.63862 0.312054 0.0157814 0.0658813 -0.947646 0.115107 
7.80379 2.08921 2.64921 0.316808 0.0146491 0.0676722 -0.945959 0.115585 
7.89532 2.10808 2.65979 0.321553 0.0135163 0.069461 -0.944244 0.116063 
7.98685 2.12695 2.67037 0.326288 0.0123831 0.0712477 -0.9425 0.116541 
8.07838 2.14582 2.68096 0.331014 0.0112495 0.0730323 -0.940728 0.11702 
8.16991 2.16468 2.69154 0.335729 0.0101156 0.0748147 -0.938928 0.117498 
8.26144 2.18355 2.70213 0.340435 0.00898141 0.0765948 -0.9371 0.117976 
8.35296 2.20242 2.71271 0.34513 0.00784693 0.0783727 -0.935244 0.118454 
8.44449 2.22129 2.7233 0.349815 0.00671222 0.0801482 -0.93336 0.118932 
8.53602 2.24016 2.73388 0.35449 0.00557731 0.0819213 -0.931448 0.119411 
8.62755 2.25902 2.74447 0.359153 0.00444223 0.083692 -0.929508 0.119889 
8.71908 2.27789 2.75505 0.363807 0.00330702 0.0854602 -0.92754 0.120367 
8.8106 2.29676 2.76564 0.368449 0.0021717 0.0872258 -0.925544 0.120845 
8.90213 2.31563 2.77622 0.37308 0.00103633 0.0889888 -0.923521 0.121323 
8.99366 2.33449 2.7868 0.3777 -9.90795e-05 0.0907491 -0.92147 0.121802 
9.08519 2.35336 2.79739 0.382309 -0.00123448 0.0925067 -0.919392 0.12228 
9.17672 2.37223 2.80797 0.386906 -0.00236985 0.0942615 -0.917286 0.122758 
9.26825 2.3911 2.81856 0.391492 -0.00350515 0.0960136 -0.915152 0.123236 
9.35977 2.40997 2.82914 0.396066 -0.00464034 0.0977627 -0.912991 0.123714 
9.4513 2.42883 2.83973 0.400628 -0.00577539 0.0995089 -0.910803 0.124193 
9.54283 2.4477 2.85031 0.405178 -0.00691027 0.101252 -0.908588 0.124671 
9.63436 2.46657 2.8609 0.409716 -0.00804495 0.102992 -0.906345 0.125149 
9.72589 2.48544 2.87148 0.414241 -0.00917938 0.104729 -0.904075 0.125627 
9.81741 2.5043 2.88207 0.418755 -0.0103135 0.106463 -0.901778 0.126105 
9.90894 2.52317 2.89265 0.423255 -0.0114474 0.108194 -0.899454 0.126584 
10.0005 2.54204 2.90323 0.427744 -0.0125809 0.109922 -0.897103 0.127062 
10.092 2.56091 2.91382 0.432219 -0.013714 0.111646 -0.894726 0.12754 
10.1835 2.57978 2.9244 0.436681 -0.0148467 0.113367 -0.892321 0.128018 
10.2751 2.59864 2.93499 0.44113 -0.015979 0.115085 -0.88989 0.128496 
10.3666 2.61751 2.94557 0.445567 -0.0171108 0.116799 -0.887432 0.128975 
10.4581 2.63638 2.95616 0.449989 -0.0182421 0.118509 -0.884948 0.129453 
10.5496 2.65525 2.96674 0.454399 -0.0193728 0.120216 -0.882437 0.129931 
10.6412 2.67411 2.97733 0.458794 -0.020503 0.12192 -0.879899 0.130409 
10.7327 2.69298 2.98791 0.463176 -0.0216325 0.12362 -0.877336 0.130887 
10.8242 2.71185 2.9985 0.467544 -0.0227614 0.125316 -0.874746 0.131366 
10.9158 2.73072 3.00908 0.471898 -0.0238896 0.127008 -0.87213 0.131844 
11.0073 2.74959 3.01966 0.476238 -0.0250171 0.128697 -0.869488 0.132322 
11.0988 2.76845 3.03025 0.480564 -0.0261439 0.130381 -0.866819 0.1328 
11.1903 2.78732 3.04083 0.484875 -0.0272699 0.132062 -0.864125 0.133278 
11.2819 2.80619 3.05142 0.489172 -0.028395 0.133739 -0.861405 0.133757 
11.3683 2.82565 3.05281 0.482396 -0.0336789 0.12781 -0.865924 0.133805 
11.371 2.77621 3.028 0.480609 -0.0370726 0.0850653 -0.872012 0.135071 
11.4112 2.71809 3.06954 0.486659 -0.0342842 0.0737025 -0.869802 0.130407 
11.4964 2.71679 3.05766 0.47667 -0.0309666 0.0794295 -0.874939 0.129482 
11.5666 2.66844 3.09905 0.479166 -0.034062 0.079789 -0.873426 0.130446 
11.641 2.70562 3.06611 0.477125 -0.0381216 0.0714746 -0.875094 0.129484 
11.6937 2.75117 3.05702 0.467229 -0.0404833 0.0455857 -0.882032 0.130563 
11.7079 2.76849 2.99373 0.466137 -0.0480288 0.0696322 -0.88066 0.122979 
11.776 2.7253 2.94894 0.47096 -0.0481599 0.0683143 -0.878186 0.120799 
11.8509 2.71548 2.91096 0.468552 -0.0462832 0.0816723 -0.878434 0.119048 
11.8615 2.69431 2.83414 0.455397 -0.0427307 0.0861757 -0.885077 0.115236 
11.9262 2.75157 2.79328 0.452582 -0.0413389 0.089026 -0.886304 0.115233 
11.9731 2.79578 2.79296 0.455992 -0.0104799 0.0802745 -0.886294 0.111929 
12.0373 2.74622 2.83172 0.458556 -0.00611746 0.074157 -0.885545 0.109861 
12.1181 2.74353 2.80224 0.45561 0.00492015 0.0795424 -0.886605 0.108586 
12.2017 2.73416 2.78599 0.457472 0.0180703 0.0795586 -0.885473 0.107508 
12.2735 2.68484 2.80668 0.463014 0.0227634 0.0844703 -0.882023 0.108485 
12.3206 2.61815 2.83037 0.459096 0.0362658 0.084522 -0.883613 0.107623 
12.4114 2.61242 2.81311 0.45542 0.0352652 0.0868488 -0.885328 0.104972 
12.4644 2.55474 2.79392 0.449663 0.0437018 0.0712946 -0.889275 0.105254 
12.476 2.47807 2.81848 0.440244 0.0369191 0.0591149 -0.895169 0.104411 
12.5343 2.43226 2.77799 0.45053 0.0340581 0.0623083 -0.889933 0.101232 
12.6102 2.41505 2.74341 0.441866 0.0275427 0.0698507 -0.893933 0.102271 
12.6655 2.36144 2.71528 0.433361 0.027694 0.0830016 -0.896963 0.100241 
12.7324 2.37138 2.65278 0.436846 0.0249385 0.0807061 -0.895561 0.0974782 
12.737 2.34349 2.57858 0.449128 0.0230947 0.082341 -0.889365 0.090848 
12.7838 2.28845 2.52847 0.453031 0.0240547 0.0929528 -0.886309 0.0911541 
12.8425 2.23574 2.5011 0.443792 0.0249753 0.0997917 -0.890206 0.0868084 
12.8542 2.18371 2.46161 0.431976 0.0551962 0.0976506 -0.894883 0.0860403 
12.9201 2.18493 2.41724 0.439685 0.0604537 0.0797097 -0.892563 0.0858295 
12.9238 2.12835 2.34295 0.441481 0.0618393 0.0753594 -0.891959 0.0842221 
12.9966 2.11168 2.29057 0.445852 0.0572717 0.0786017 -0.889808 0.0829245 
13.0665 2.062 2.27549 0.452245 0.0499457 0.0794022 -0.886947 0.0801352 
13.1284 2.01079 2.28041 0.439186 0.0574677 0.0786949 -0.893096 0.0769221 
13.1827 2.0036 2.20725 0.434794 0.0541097 0.0756508 -0.895714 0.0751448 
13.2086 2.02125 2.13444 0.421051 0.0663344 0.0697951 -0.901911 0.0746919 
13.2477 2.07488 2.07639 0.412026 0.0682517 0.0762867 -0.905404 0.0746852 
13.3247 2.0426 2.03738 0.413443 0.0648791 0.0809249 -0.904603 0.0728039 
13.3485 1.98923 1.97461 0.417793 0.0696894 0.0904014 -0.901343 0.0704964 
13.4036 2.01244 1.91358 0.414803 0.059165 0.0985659 -0.90262 0.0696375 
13.4682 2.03573 1.85865 0.417128 0.0676408 0.0983904 -0.900971 0.0665137 
13.5043 2.03407 1.79726 0.393354 0.0665003 0.100593 -0.911444 0.0638475 
13.5795 2.01143 1.75926 0.388574 0.0694161 0.111385 -0.912023 0.0632439 
13.6396 1.99684 1.70505 0.381056 0.079385 0.103002 -0.915361 0.0609096 
13.7182 1.95089 1.6961 0.382097 0.084246 0.0982762 -0.915012 0.0592452 
13.77 1.92146 1.63298 0.3884 0.082524 0.0878692 -0.913572 0.0583895 
13.7825 1.84078 1.61296 0.379905 0.0763352 0.0904872 -0.917419 0.0539552 
13.8441 1.80592 1.56255 0.371159 0.0753025 0.0865352 -0.921457 0.0513186 
13.8815 1.75789 1.50148 0.369585 0.0781961 0.0960069 -0.92091 0.0475712 
13.8828 1.75488 1.41844 0.368357 0.0847953 0.106728 -0.919637 0.0433833 
13.9439 1.69721 1.38925 0.360952 0.0837565 0.112601 -0.921965 0.0421347 
13.9378 1.61696 1.40251 0.362326 0.0728403 0.103172 -0.923455 0.0382753 
13.9718 1.6051 1.32103 0.359777 0.0642027 0.0986974 -0.925579 0.0376454 
14.0312 1.55508 1.2779 0.354508 0.0592725 0.10376 -0.927386 0.0355079 
14.068 1.49083 1.23236 0.355972 0.0485872 0.105289 -0.927274 0.033303 
14.1401 1.44742 1.18919 0.353743 0.0474574 0.108565 -0.927808 0.0320768 
14.213 1.39158 1.18606 0.35072 0.0529942 0.109815 -0.928508 0.0304067 
14.2435 1.33295 1.12786 0.347169 0.0594166 0.115585 -0.928754 0.0277945 
14.2475 1.30597 1.05088 0.360357 0.0615012 0.113979 -0.92378 0.0238015 
14.2408 1.22865 1.03172 0.358369 0.077481 0.115187 -0.923201 0.019905 
14.2402 1.14184 1.03539 0.353384 0.0753554 0.122083 -0.924412 0.0156523 
14.2895 1.1035 0.967709 0.352819 0.0706216 0.12244 -0.924954 0.0125371 
14.3363 1.0438 0.917951 0.34886 0.0722946 0.117874 -0.926917 0.00980948 
14.3581 0.970423 0.882759 0.352038 0.0829853 0.109708 -0.925822 0.00794103 

