0 0 0 0 0 0 1 4.64511e-310 
0.0412757 -0.0254714 0.0791752 -0.00103342 0.00374219 0.00316013 0.999987 0.00214382 
0.135603 -0.023801 0.0734551 -0.00303298 0.00850369 0.00486199 0.999947 0.00219121 
0.229929 -0.0221306 0.067735 -0.00503244 0.013265 0.0065637 0.999878 0.0022386 
0.324256 -0.0204602 0.0620148 -0.00703176 0.0180258 0.00826522 0.999779 0.00228598 
0.418583 -0.0187898 0.0562947 -0.00903086 0.0227861 0.0099665 0.99965 0.00233337 
0.51291 -0.0171194 0.0505746 -0.0110297 0.0275458 0.0116675 0.999492 0.00238076 
0.607237 -0.015449 0.0448545 -0.0130282 0.0323047 0.0133681 0.999304 0.00242814 
0.701564 -0.0137786 0.0391343 -0.0150263 0.0370625 0.0150684 0.999086 0.00247553 
0.795891 -0.0121082 0.0334142 -0.017024 0.0418193 0.0167682 0.998839 0.00252292 
0.890218 -0.0104378 0.0276941 -0.0190212 0.0465749 0.0184675 0.998563 0.0025703 
0.984545 -0.00876744 0.021974 -0.0210178 0.0513291 0.0201662 0.998257 0.00261769 
1.07887 -0.00709704 0.0162538 -0.0230138 0.0560817 0.0218644 0.997921 0.00266508 
1.1732 -0.00542665 0.0105337 -0.0250092 0.0608327 0.0235619 0.997556 0.00271246 
1.26753 -0.00375626 0.00481358 -0.0270037 0.0655819 0.0252587 0.997162 0.00275985 
1.36185 -0.00208586 -0.000906543 -0.0289975 0.0703292 0.0269548 0.996738 0.00280724 
1.45618 -0.00041547 -0.00662667 -0.0309904 0.0750744 0.02865 0.996284 0.00285462 
1.55051 0.00125492 -0.0123468 -0.0329824 0.0798174 0.0303445 0.995801 0.00290201 
1.64483 0.00292532 -0.0180669 -0.0349735 0.084558 0.032038 0.995289 0.0029494 
1.73916 0.00459571 -0.023787 -0.0369635 0.0892961 0.0337306 0.994747 0.00299678 
1.83349 0.0062661 -0.0295072 -0.0389524 0.0940315 0.0354222 0.994176 0.00304417 
1.92781 0.0079365 -0.0352273 -0.0409401 0.0987642 0.0371127 0.993575 0.00309156 
2.02214 0.00960689 -0.0409474 -0.0429267 0.103494 0.0388021 0.992945 0.00313894 
2.11647 0.0112773 -0.0466675 -0.0449119 0.108221 0.0404904 0.992286 0.00318633 
2.21079 0.0129477 -0.0523877 -0.0468959 0.112944 0.0421775 0.991597 0.00323372 
2.30512 0.0146181 -0.0581078 -0.0488784 0.117664 0.0438634 0.990879 0.0032811 
2.39945 0.0162885 -0.0638279 -0.0508595 0.122381 0.0455479 0.990132 0.00332849 
2.49378 0.0179589 -0.069548 -0.0528392 0.127094 0.0472311 0.989356 0.00337588 
2.5881 0.0196292 -0.0752682 -0.0548172 0.131803 0.0489129 0.98855 0.00342326 
2.68243 0.0212996 -0.0809883 -0.0567936 0.136509 0.0505933 0.987715 0.00347065 
2.77676 0.02297 -0.0867084 -0.0587684 0.14121 0.0522721 0.98685 0.00351804 
2.87108 0.0246404 -0.0924285 -0.0607414 0.145907 0.0539495 0.985957 0.00356542 
2.96541 0.0263108 -0.0981487 -0.0627126 0.1506 0.0556252 0.985034 0.00361281 
3.05974 0.0279812 -0.103869 -0.0646819 0.155289 0.0572993 0.984083 0.0036602 
3.15406 0.0296516 -0.109589 -0.0666494 0.159973 0.0589716 0.983102 0.00370759 
3.24839 0.031322 -0.115309 -0.0686149 0.164652 0.0606423 0.982092 0.00375497 
3.32887 0.0468888 -0.140058 -0.0773554 0.161465 0.05195 0.98247 0.00539455 
3.32868 0.0942971 -0.216729 -0.0726119 0.157739 0.0582647 0.983083 0.00649608 
3.33537 0.160348 -0.269534 -0.0703779 0.156597 0.0448739 0.984129 0.00800302 
3.34973 0.222015 -0.326443 -0.0725636 0.151466 0.0339312 0.985211 0.0105402 
3.34933 0.28824 -0.389971 -0.0681385 0.147552 0.0298926 0.986252 0.0115386 
3.33627 0.312892 -0.419428 -0.0730754 0.150718 0.0244398 0.985569 0.0129305 
3.32321 0.337544 -0.448885 -0.0780076 0.153874 0.0189855 0.984823 0.0143224 
3.37198 0.413159 -0.462663 -0.073994 0.15105 0.0135893 0.985659 0.0159539 
3.36378 0.449195 -0.480968 -0.0672347 0.155142 0.0122282 0.985526 0.0166921 
3.35557 0.48523 -0.499273 -0.060471 0.159225 0.0108663 0.985329 0.0174304 
3.34371 0.491343 -0.513344 -0.0603553 0.14942 0.0178392 0.986769 0.0192536 
3.33185 0.497456 -0.527415 -0.0602308 0.139593 0.0248095 0.988064 0.0210768 
3.31999 0.503568 -0.541486 -0.0600975 0.129745 0.0317761 0.989214 0.0229 
3.3088 0.545703 -0.609811 -0.0719355 0.135226 0.0383553 0.987455 0.027136 
3.28316 0.558965 -0.694266 -0.0797998 0.137277 0.0341487 0.986722 0.0287055 
3.34336 0.551599 -0.756944 -0.0879993 0.131936 0.0337116 0.986769 0.0316951 
3.33791 0.548129 -0.797298 -0.0922231 0.138489 0.0343159 0.985463 0.0328993 
3.33245 0.544659 -0.837652 -0.0964412 0.145032 0.0349179 0.984096 0.0341034 
3.32198 0.571135 -0.86324 -0.0894484 0.13916 0.0282344 0.985818 0.0338305 
3.3115 0.597611 -0.888828 -0.0824439 0.133269 0.0215472 0.98741 0.0335576 
3.30822 0.611611 -0.92438 -0.0856035 0.14133 0.0225091 0.985998 0.0363818 
3.30493 0.625612 -0.959932 -0.0887564 0.149381 0.0234693 0.984508 0.0392059 
3.35906 0.663593 -1.01826 -0.0865723 0.157997 0.0174349 0.983483 0.0402395 
3.41662 0.731242 -1.0149 -0.0863122 0.149626 0.011666 0.984899 0.0410883 
3.46689 0.747048 -1.08099 -0.0972559 0.150548 0.0130489 0.983721 0.0454257 
3.51829 0.814642 -1.06495 -0.0850484 0.151053 0.0178745 0.984698 0.0450156 
3.56335 0.856594 -1.1319 -0.0889181 0.144491 0.0130726 0.985416 0.0450253 
3.62822 0.91973 -1.13402 -0.0866132 0.136536 0.0128616 0.986758 0.0460861 
3.70249 0.962695 -1.16807 -0.0824228 0.139882 0.0148967 0.986619 0.0480397 
3.78993 0.943601 -1.16849 -0.0859498 0.149144 0.0122827 0.984996 0.047925 
3.87738 0.924506 -1.16892 -0.0894675 0.15839 0.00966734 0.983267 0.0478103 
3.96483 0.905412 -1.16934 -0.0929756 0.167618 0.00705095 0.981433 0.0476956 
4.05227 0.886317 -1.16976 -0.0964736 0.176828 0.0044338 0.979492 0.0475809 
4.13972 0.867222 -1.17019 -0.0999613 0.18602 0.00181618 0.977446 0.0474663 
4.22717 0.848128 -1.17061 -0.103438 0.195191 -0.000801642 0.975295 0.0473516 
4.31461 0.829033 -1.17104 -0.106904 0.204341 -0.00341938 0.973039 0.0472369 
4.40206 0.809939 -1.17146 -0.110358 0.21347 -0.00603674 0.970678 0.0471222 
4.48951 0.790844 -1.17188 -0.113801 0.222575 -0.00865346 0.968212 0.0470075 
4.51224 0.850902 -1.23176 -0.122556 0.218646 -0.0030829 0.968072 0.0481097 
4.54406 0.827154 -1.30499 -0.10875 0.218244 -0.00932505 0.969771 0.0495587 
4.62238 0.838433 -1.27136 -0.0984425 0.210148 -0.00578096 0.972684 0.0496907 
4.70071 0.849713 -1.23773 -0.0881162 0.202011 -0.00223575 0.975409 0.0498227 
4.77215 0.900386 -1.23657 -0.0876923 0.193146 -0.000444161 0.977243 0.052986 
4.83606 0.887048 -1.29904 -0.0873392 0.186788 0.00626869 0.97849 0.053291 
4.8846 0.950477 -1.34595 -0.0843952 0.182678 0.00560406 0.979528 0.0554576 
4.96178 0.962914 -1.3107 -0.0737705 0.174422 0.00885043 0.981864 0.0556631 
5.0152 1.01471 -1.36216 -0.0675356 0.177842 0.00437286 0.981729 0.056793 
5.02826 1.09922 -1.37165 -0.0627689 0.170626 -0.00548988 0.983319 0.0575441 
5.11429 1.09766 -1.36719 -0.0515799 0.177961 -0.00617279 0.982665 0.0571196 
5.20032 1.0961 -1.36274 -0.0403817 0.185264 -0.0068546 0.981835 0.0566951 
5.25735 1.15501 -1.40108 -0.0456853 0.181726 -0.00917575 0.982245 0.0593842 
5.33272 1.18067 -1.43514 -0.0486482 0.169846 -0.00789819 0.984237 0.0603134 
5.41416 1.15257 -1.40601 -0.0509806 0.161457 -0.00702821 0.985537 0.060109 
5.49561 1.12447 -1.37688 -0.0533091 0.153055 -0.00615767 0.986759 0.0599047 
5.57706 1.09637 -1.34775 -0.0556333 0.144642 -0.00528666 0.987905 0.0597004 
5.6585 1.06826 -1.31862 -0.0579533 0.136217 -0.00441523 0.988973 0.059496 
5.73331 1.08119 -1.28051 -0.0467615 0.127411 -0.00084262 0.990747 0.0597568 
5.81285 1.11935 -1.28487 -0.0410635 0.123936 0.00783622 0.991409 0.0604628 
5.88664 1.13218 -1.24544 -0.029629 0.114906 0.0113089 0.99287 0.0607676 
5.97679 1.13302 -1.24092 -0.0212768 0.111981 0.0140184 0.993384 0.0602995 
6.06693 1.13385 -1.2364 -0.0129228 0.109047 0.0167266 0.993812 0.0598315 
6.15708 1.13469 -1.23189 -0.00456767 0.106104 0.0194335 0.994155 0.0593634 
6.24722 1.13553 -1.22737 0.00378786 0.103151 0.0221387 0.994412 0.0588953 
6.33737 1.13637 -1.22285 0.0121431 0.100189 0.024842 0.994584 0.0584272 
6.42752 1.13721 -1.21834 0.0204972 0.0972191 0.0275431 0.994671 0.0579592 
6.51766 1.13805 -1.21382 0.0288496 0.0942406 0.0302419 0.994672 0.0574911 
6.60781 1.13889 -1.2093 0.0371995 0.091254 0.0329381 0.994587 0.057023 
6.69795 1.13973 -1.20479 0.0455463 0.0882595 0.0356314 0.994418 0.0565549 
6.7881 1.14057 -1.20027 0.0538891 0.0852574 0.0383217 0.994162 0.0560869 
6.87824 1.14141 -1.19575 0.0622272 0.082248 0.0410087 0.993822 0.0556188 
6.96839 1.14225 -1.19124 0.0705601 0.0792316 0.0436922 0.993396 0.0551507 
7.05854 1.14309 -1.18672 0.0788869 0.0762083 0.0463719 0.992884 0.0546826 
7.14868 1.14393 -1.1822 0.0872068 0.0731785 0.0490477 0.992287 0.0542146 
7.23883 1.14477 -1.17769 0.0955193 0.0701424 0.0517192 0.991605 0.0537465 
7.32897 1.14561 -1.17317 0.103824 0.0671003 0.0543863 0.990838 0.0532784 
7.41912 1.14645 -1.16865 0.112119 0.0640524 0.0570487 0.989986 0.0528103 
7.50926 1.14729 -1.16414 0.120405 0.060999 0.0597062 0.989049 0.0523423 
7.59941 1.14813 -1.15962 0.12868 0.0579403 0.0623586 0.988026 0.0518742 
7.68956 1.14897 -1.1551 0.136944 0.0548767 0.0650056 0.986919 0.0514061 
7.7797 1.14981 -1.15059 0.145197 0.0518084 0.067647 0.985727 0.050938 
7.86985 1.15065 -1.14607 0.153437 0.0487356 0.0702827 0.98445 0.05047 
7.95999 1.15149 -1.14155 0.161664 0.0456587 0.0729123 0.983089 0.0500019 
8.05014 1.15233 -1.13704 0.169877 0.0425778 0.0755356 0.981643 0.0495338 
8.14028 1.15316 -1.13252 0.178076 0.0394932 0.0781524 0.980113 0.0490657 
8.23043 1.154 -1.128 0.186259 0.0364053 0.0807625 0.978499 0.0485977 
8.32058 1.15484 -1.12349 0.194426 0.0333142 0.0833657 0.9768 0.0481296 
8.41072 1.15568 -1.11897 0.202576 0.0302203 0.0859617 0.975018 0.0476615 
8.50087 1.15652 -1.11445 0.210709 0.0271238 0.0885503 0.973152 0.0471934 
8.59101 1.15736 -1.10994 0.218824 0.0240249 0.0911314 0.971202 0.0467254 
8.68116 1.1582 -1.10542 0.22692 0.020924 0.0937046 0.969169 0.0462573 
8.7713 1.15904 -1.1009 0.234997 0.0178213 0.0962697 0.967053 0.0457892 
8.86145 1.15988 -1.09639 0.243053 0.014717 0.0988266 0.964853 0.0453211 
8.9516 1.16072 -1.09187 0.251089 0.0116115 0.101375 0.962571 0.0448531 
9.04174 1.16156 -1.08735 0.259103 0.00850499 0.103915 0.960206 0.044385 
9.13189 1.1624 -1.08284 0.267095 0.00539775 0.106445 0.957758 0.0439169 
9.22203 1.16324 -1.07832 0.275063 0.00229004 0.108967 0.955228 0.0434488 
9.26479 1.19561 -1.00268 0.275142 0.00275422 0.115687 0.954414 0.0439398 
9.26351 1.2116 -0.964889 0.274995 -0.00105268 0.107758 0.955387 0.0440369 
9.26223 1.22758 -0.927096 0.274827 -0.0048595 0.099821 0.956286 0.044134 
9.32441 1.18213 -0.887383 0.267256 -0.0156133 0.099871 0.958309 0.0440975 
9.35009 1.19239 -0.857771 0.273562 -0.0213745 0.102033 0.956188 0.0445163 
9.37577 1.20266 -0.828158 0.279845 -0.0271339 0.104187 0.953989 0.0449351 
9.40145 1.21293 -0.798546 0.286106 -0.0328912 0.106332 0.951712 0.0453539 
9.42713 1.2232 -0.768934 0.292343 -0.0386457 0.108468 0.949356 0.0457727 
9.45281 1.23346 -0.739322 0.298556 -0.044397 0.110595 0.946922 0.0461915 
9.47849 1.24373 -0.709709 0.304745 -0.0501447 0.112714 0.944411 0.0466103 
9.50417 1.254 -0.680097 0.310908 -0.0558883 0.114823 0.941822 0.0470291 
9.52985 1.26427 -0.650485 0.317046 -0.0616273 0.116922 0.939155 0.0474479 
9.55553 1.27454 -0.620873 0.323158 -0.0673613 0.119012 0.936412 0.0478667 
9.58121 1.2848 -0.59126 0.329244 -0.0730897 0.121092 0.933591 0.0482855 
9.60689 1.29507 -0.561648 0.335302 -0.0788121 0.123163 0.930694 0.0487043 
9.63257 1.30534 -0.532036 0.341333 -0.084528 0.125223 0.927721 0.0491231 
9.65825 1.31561 -0.502424 0.347336 -0.090237 0.127273 0.924671 0.0495418 
9.68393 1.32587 -0.472811 0.35331 -0.0959386 0.129312 0.921545 0.0499606 
9.7096 1.33614 -0.443199 0.359256 -0.101632 0.131341 0.918344 0.0503794 
9.73528 1.34641 -0.413587 0.365172 -0.107318 0.133359 0.915067 0.0507982 
9.76096 1.35668 -0.383975 0.371057 -0.112994 0.135366 0.911715 0.051217 
9.78664 1.36695 -0.354362 0.376913 -0.118661 0.137362 0.908288 0.0516358 
9.81232 1.37721 -0.32475 0.382737 -0.124319 0.139347 0.904787 0.0520546 
9.838 1.38748 -0.295138 0.38853 -0.129966 0.14132 0.901211 0.0524734 
9.86368 1.39775 -0.265526 0.394291 -0.135603 0.143282 0.897562 0.0528922 
9.88936 1.40802 -0.235914 0.40002 -0.141228 0.145231 0.893838 0.053311 
9.91504 1.41828 -0.206301 0.405716 -0.146842 0.147169 0.890041 0.0537298 
9.94072 1.42855 -0.176689 0.411378 -0.152444 0.149095 0.886171 0.0541486 
9.9664 1.43882 -0.147077 0.417007 -0.158033 0.151009 0.882229 0.0545674 
9.99208 1.44909 -0.117465 0.422601 -0.16361 0.15291 0.878213 0.0549862 
10.0178 1.45936 -0.0878523 0.428161 -0.169173 0.154799 0.874126 0.055405 
10.0434 1.46962 -0.0582401 0.433685 -0.174722 0.156675 0.869967 0.0558238 
10.0691 1.47989 -0.0286278 0.439174 -0.180256 0.158538 0.865736 0.0562426 
10.0948 1.49016 0.000984437 0.444627 -0.185776 0.160388 0.861435 0.0566614 
10.1205 1.50043 0.0305967 0.450044 -0.191281 0.162225 0.857062 0.0570802 
10.1462 1.51069 0.0602089 0.455423 -0.19677 0.164048 0.852619 0.057499 
10.1718 1.52096 0.0898212 0.460765 -0.202242 0.165858 0.848107 0.0579177 
10.1975 1.53123 0.119433 0.466069 -0.207698 0.167655 0.843524 0.0583365 
10.2232 1.5415 0.149046 0.471335 -0.213137 0.169437 0.838872 0.0587553 
10.2489 1.55177 0.178658 0.476562 -0.218559 0.171206 0.834152 0.0591741 
10.2746 1.56203 0.20827 0.48175 -0.223963 0.172961 0.829362 0.0595929 
10.3002 1.5723 0.237882 0.486899 -0.229348 0.174701 0.824505 0.0600117 
10.3259 1.58257 0.267495 0.492007 -0.234714 0.176427 0.81958 0.0604305 
10.3516 1.59284 0.297107 0.497075 -0.240061 0.178139 0.814588 0.0608493 
10.3773 1.6031 0.326719 0.502103 -0.245389 0.179836 0.809529 0.0612681 
10.403 1.61337 0.356331 0.507089 -0.250696 0.181518 0.804403 0.0616869 
10.4286 1.62364 0.385944 0.512033 -0.255982 0.183186 0.799211 0.0621057 
10.4543 1.63391 0.415556 0.516935 -0.261248 0.184838 0.793954 0.0625245 
10.48 1.64418 0.445168 0.521795 -0.266492 0.186475 0.788631 0.0629433 
10.5057 1.65444 0.47478 0.526612 -0.271714 0.188097 0.783244 0.0633621 
10.5314 1.66471 0.504393 0.531386 -0.276914 0.189703 0.777792 0.0637809 
10.557 1.67498 0.534005 0.536116 -0.282092 0.191294 0.772276 0.0641997 
10.5827 1.68525 0.563617 0.540802 -0.287246 0.192869 0.766697 0.0646185 
10.6084 1.69551 0.593229 0.545444 -0.292376 0.194428 0.761055 0.0650373 
10.6341 1.70578 0.622842 0.550041 -0.297482 0.195971 0.755351 0.0654561 
10.6598 1.71605 0.652454 0.554592 -0.302564 0.197499 0.749584 0.0658748 
10.6854 1.72632 0.682066 0.559098 -0.307622 0.19901 0.743756 0.0662936 
10.7111 1.73658 0.711678 0.563559 -0.312653 0.200504 0.737867 0.0667124 
10.7368 1.74685 0.741291 0.567973 -0.31766 0.201982 0.731917 0.0671312 
10.7625 1.75712 0.770903 0.57234 -0.32264 0.203444 0.725907 0.06755 
10.7882 1.76739 0.800515 0.57666 -0.327593 0.204889 0.719838 0.0679688 
10.8138 1.77766 0.830127 0.580933 -0.33252 0.206317 0.713709 0.0683876 
10.8395 1.78792 0.85974 0.585158 -0.337419 0.207728 0.707522 0.0688064 
10.8652 1.79819 0.889352 0.589335 -0.342291 0.209122 0.701276 0.0692252 
10.8909 1.80846 0.918964 0.593464 -0.347135 0.210499 0.694974 0.069644 
10.9166 1.81873 0.948576 0.597544 -0.35195 0.211858 0.688613 0.0700628 
10.9422 1.82899 0.978189 0.601575 -0.356736 0.2132 0.682197 0.0704816 
10.9679 1.83926 1.0078 0.605557 -0.361493 0.214525 0.675724 0.0709004 
10.9936 1.84953 1.03741 0.609488 -0.36622 0.215832 0.669196 0.0713192 
11.0193 1.8598 1.06703 0.61337 -0.370917 0.217121 0.662613 0.071738 
11.0449 1.87007 1.09664 0.617201 -0.375584 0.218393 0.655976 0.0721568 
11.0706 1.88033 1.12625 0.620982 -0.38022 0.219646 0.649284 0.0725756 
11.0963 1.8906 1.15586 0.624712 -0.384824 0.220882 0.64254 0.0729944 
11.122 1.90087 1.18547 0.62839 -0.389397 0.222099 0.635742 0.0734132 
11.1477 1.91114 1.21509 0.632017 -0.393938 0.223298 0.628892 0.073832 
11.1733 1.9214 1.2447 0.635592 -0.398447 0.224479 0.621991 0.0742507 
11.199 1.93167 1.27431 0.639114 -0.402923 0.225641 0.615039 0.0746695 
11.2247 1.94194 1.30392 0.642584 -0.407365 0.226785 0.608036 0.0750883 
11.2504 1.95221 1.33354 0.646002 -0.411775 0.22791 0.600983 0.0755071 
11.2761 1.96248 1.36315 0.649366 -0.41615 0.229016 0.593881 0.0759259 
11.3017 1.97274 1.39276 0.652677 -0.420492 0.230104 0.58673 0.0763447 
11.3274 1.98301 1.42237 0.655934 -0.424798 0.231173 0.57953 0.0767635 
11.3531 1.99328 1.45198 0.659138 -0.42907 0.232222 0.572284 0.0771823 
11.3788 2.00355 1.4816 0.662287 -0.433307 0.233253 0.56499 0.0776011 
11.4045 2.01381 1.51121 0.665382 -0.437508 0.234265 0.55765 0.0780199 
11.4301 2.02408 1.54082 0.668423 -0.441673 0.235257 0.550264 0.0784387 
11.4558 2.03435 1.57043 0.671408 -0.445802 0.23623 0.542832 0.0788575 
11.4815 2.04462 1.60005 0.674338 -0.449894 0.237183 0.535357 0.0792763 
11.5072 2.05489 1.62966 0.677213 -0.45395 0.238118 0.527837 0.0796951 
11.5329 2.06515 1.65927 0.680033 -0.457968 0.239032 0.520274 0.0801139 
11.5585 2.07542 1.68888 0.682796 -0.461948 0.239927 0.512668 0.0805327 
11.5842 2.08569 1.71849 0.685503 -0.465891 0.240802 0.50502 0.0809515 
11.6099 2.09596 1.74811 0.688154 -0.469795 0.241657 0.497331 0.0813703 
11.6356 2.10622 1.77772 0.690749 -0.473661 0.242493 0.4896 0.0817891 
11.6613 2.11649 1.80733 0.693287 -0.477487 0.243309 0.48183 0.0822078 
11.6869 2.12676 1.83694 0.695768 -0.481275 0.244104 0.47402 0.0826266 
11.7126 2.13703 1.86656 0.698191 -0.485023 0.24488 0.466171 0.0830454 
11.7383 2.1473 1.89617 0.700558 -0.488731 0.245635 0.458284 0.0834642 
11.764 2.15756 1.92578 0.702867 -0.492399 0.246371 0.450359 0.083883 
11.7897 2.16783 1.95539 0.705118 -0.496027 0.247086 0.442397 0.0843018 
11.8153 2.1781 1.985 0.707311 -0.499613 0.247781 0.434399 0.0847206 
11.841 2.18837 2.01462 0.709446 -0.503159 0.248455 0.426365 0.0851394 
11.8667 2.19863 2.04423 0.711523 -0.506664 0.249109 0.418296 0.0855582 
11.8924 2.2089 2.07384 0.713541 -0.510127 0.249743 0.410193 0.085977 
11.9181 2.21917 2.10345 0.715501 -0.513548 0.250356 0.402056 0.0863958 
11.9437 2.22944 2.13307 0.717402 -0.516926 0.250948 0.393886 0.0868146 
11.9694 2.23971 2.16268 0.719244 -0.520263 0.25152 0.385684 0.0872334 
11.9951 2.24997 2.19229 0.721027 -0.523556 0.252071 0.37745 0.0876522 
12.0208 2.26024 2.2219 0.722751 -0.526807 0.252602 0.369185 0.088071 
12.0465 2.27051 2.25152 0.724416 -0.530014 0.253112 0.360889 0.0884898 
12.0721 2.28078 2.28113 0.726021 -0.533178 0.253601 0.352564 0.0889086 
12.0978 2.29104 2.31074 0.727566 -0.536298 0.254069 0.34421 0.0893274 
12.1155 2.29812 2.33115 -0.728597 0.538423 -0.254379 -0.338435 0.0896161 
12.185 2.31887 2.28782 -0.729187 0.545506 -0.241568 -0.335193 0.0891198 
12.2582 2.28454 2.24692 -0.726022 0.54709 -0.23705 -0.342625 0.0890952 
12.305 2.24731 2.18476 -0.726476 0.550696 -0.225739 -0.343524 0.0872784 
12.3788 2.28415 2.14116 -0.726682 0.548592 -0.229457 -0.34399 0.0849022 
12.462 2.24412 2.14781 -0.724184 0.548849 -0.234427 -0.345494 0.0832079 
12.5007 2.24756 2.13632 -0.728317 0.542881 -0.237503 -0.344131 0.0817518 
12.5395 2.25099 2.12483 -0.732404 0.536879 -0.240564 -0.342745 0.0802957 
12.5552 2.22002 2.1445 -0.731494 0.5418 -0.234706 -0.341004 0.0781089 
12.5709 2.18905 2.16417 -0.730537 0.546687 -0.228833 -0.339241 0.075922 
12.6319 2.12623 2.18142 -0.724801 0.552013 -0.230304 -0.341913 0.073576 
12.6626 2.10607 2.19278 -0.721366 0.553419 -0.238076 -0.341582 0.0706708 
12.6934 2.08592 2.20415 -0.717877 0.554784 -0.245831 -0.341225 0.0677655 
12.7044 2.00234 2.19897 -0.722382 0.550057 -0.252051 -0.334771 0.0633124 
12.7695 1.9649 2.15208 -0.716191 0.554236 -0.251619 -0.341439 0.0618867 
12.8082 1.9649 2.13874 -0.718581 0.550507 -0.248482 -0.344733 0.0591776 
12.8469 1.96491 2.1254 -0.720941 0.546756 -0.245335 -0.348013 0.0564685 
12.9254 1.9775 2.08111 -0.716451 0.552334 -0.249009 -0.34586 0.0557819 
13.0039 1.95614 2.03151 -0.71891 0.549419 -0.250844 -0.344071 0.0556892 
13.0822 1.91227 2.01437 -0.722321 0.544991 -0.245414 -0.347863 0.0556917 
13.1566 1.86621 1.97924 -0.724899 0.541885 -0.246039 -0.34691 0.0542445 
13.2427 1.84157 1.96062 -0.720129 0.547571 -0.244561 -0.348957 0.053485 
13.2659 1.8163 1.97356 -0.716454 0.557202 -0.244478 -0.341248 0.0539344 
13.2891 1.79104 1.9865 -0.712661 0.566739 -0.244356 -0.333482 0.0543839 
13.3088 1.73415 1.92378 -0.714678 0.571181 -0.241828 -0.323276 0.0529081 
13.3417 1.73994 1.90134 -0.711369 0.571594 -0.250829 -0.322985 0.0527491 
13.3746 1.74572 1.8789 -0.707994 0.571955 -0.259806 -0.322665 0.0525902 
13.4084 1.72874 1.80467 -0.706059 0.569305 -0.255508 -0.334795 0.0491721 
13.4364 1.67733 1.73725 -0.710203 0.56209 -0.260602 -0.334296 0.0482389 
13.5207 1.65787 1.7077 -0.709851 0.56001 -0.266899 -0.333563 0.0463339 
13.5817 1.60137 1.69197 -0.70175 0.568199 -0.272322 -0.332473 0.0437244 
13.6019 1.58138 1.66328 -0.701599 0.567792 -0.279041 -0.327882 0.0422608 
13.6221 1.5614 1.63459 -0.701402 0.567348 -0.285742 -0.32327 0.0407972 
13.643 1.50369 1.57587 -0.707897 0.555882 -0.285593 -0.329111 0.0401461 
13.6502 1.47051 1.56125 -0.715072 0.548109 -0.281404 -0.330242 0.0385527 
13.6575 1.43733 1.54664 -0.722154 0.540266 -0.277179 -0.331329 0.0369593 
13.653 1.34997 1.5481 -0.71696 0.546262 -0.275119 -0.334479 0.0332292 
13.6753 1.31266 1.47304 -0.710441 0.549626 -0.277555 -0.340804 0.0299613 
13.7564 1.28474 1.43728 -0.706772 0.552977 -0.279193 -0.341673 0.0281559 
13.7847 1.20291 1.43821 -0.706701 0.547714 -0.288551 -0.342522 0.0255203 
13.8123 1.12745 1.40711 -0.706906 0.540756 -0.298229 -0.344856 0.0238165 
13.8067 1.04999 1.35468 -0.703771 0.542686 -0.300759 -0.346038 0.022149 
13.8078 1.08426 1.27238 -0.708429 0.537983 -0.294443 -0.349293 0.0210142 
13.8833 1.07317 1.22017 -0.711305 0.53721 -0.290476 -0.347958 0.0186427 
13.9343 1.02343 1.1649 -0.71201 0.532861 -0.298225 -0.346645 0.0177818 
13.9515 1.01863 1.15244 -0.713944 0.529587 -0.306078 -0.34079 0.016748 
13.9687 1.01383 1.13997 -0.715798 0.526255 -0.313897 -0.334898 0.0157143 
13.9859 1.00903 1.1275 -0.717574 0.522865 -0.321682 -0.328969 0.0146805 
14.0545 1.00372 1.07099 -0.717694 0.526505 -0.316243 -0.328174 0.0102978 
14.1086 0.948496 1.02341 -0.714184 0.531268 -0.319427 -0.325057 0.00846017 
14.1657 0.910188 0.965697 -0.716933 0.528959 -0.322316 -0.319878 0.005207 
14.1819 0.860586 0.891034 -0.71535 0.535707 -0.318899 -0.315589 0.00512505 

