0 0 0 0 0 0 1 4.66745e-310 
0.149209 -0.0761511 -0.102108 -0.0131519 0.00258374 -0.00745106 0.999882 0.00151985 
0.298418 -0.152302 -0.204216 -0.0263008 0.00516688 -0.0149004 0.99953 0.0030397 
0.447627 -0.228453 -0.306323 -0.0394435 0.0077488 -0.0223462 0.998942 0.00455954 
0.596837 -0.304604 -0.408431 -0.0525768 0.0103289 -0.0297867 0.998119 0.00607939 
0.746046 -0.380755 -0.510539 -0.0656979 0.0129066 -0.0372203 0.997062 0.00759924 
0.895255 -0.456906 -0.612647 -0.0788034 0.0154812 -0.0446451 0.99577 0.00911909 
1.04446 -0.533057 -0.714754 -0.0918905 0.0180522 -0.0520593 0.994243 0.0106389 
1.19367 -0.609209 -0.816862 -0.104956 0.0206189 -0.0594614 0.992483 0.0121588 
1.34288 -0.68536 -0.91897 -0.117997 0.0231808 -0.0668495 0.99049 0.0136786 
1.49209 -0.761511 -1.02108 -0.13101 0.0257373 -0.0742218 0.988264 0.0151985 
1.6413 -0.837662 -1.12319 -0.143992 0.0282877 -0.0815767 0.985805 0.0167183 
1.79051 -0.913813 -1.22529 -0.15694 0.0308314 -0.0889124 0.983114 0.0182382 
1.93972 -0.989964 -1.3274 -0.169852 0.0333679 -0.0962272 0.980193 0.019758 
2.08893 -1.06611 -1.42951 -0.182723 0.0358965 -0.103519 0.97704 0.0212779 
2.23814 -1.14227 -1.53162 -0.195551 0.0384167 -0.110787 0.973658 0.0227977 
2.38735 -1.21842 -1.63372 -0.208334 0.0409279 -0.118029 0.970047 0.0243176 
2.53656 -1.29457 -1.73583 -0.221067 0.0434295 -0.125243 0.966208 0.0258374 
2.68576 -1.37072 -1.83794 -0.233749 0.0459208 -0.132427 0.962141 0.0273573 
2.83497 -1.44687 -1.94005 -0.246376 0.0484013 -0.139581 0.957848 0.0288771 
2.98418 -1.52302 -2.04216 -0.258944 0.0508704 -0.146701 0.95333 0.030397 
3.13339 -1.59917 -2.14426 -0.271452 0.0533276 -0.153787 0.948588 0.0319168 
3.2826 -1.67532 -2.24637 -0.283896 0.0557723 -0.160837 0.943623 0.0334367 
3.43181 -1.75147 -2.34848 -0.296273 0.0582038 -0.167849 0.938436 0.0349565 
3.58102 -1.82763 -2.45059 -0.30858 0.0606216 -0.174822 0.933028 0.0364764 
3.73023 -1.90378 -2.55269 -0.320815 0.0630252 -0.181754 0.9274 0.0379962 
3.87944 -1.97993 -2.6548 -0.332974 0.0654139 -0.188642 0.921555 0.039516 
4.02865 -2.05608 -2.75691 -0.345055 0.0677873 -0.195487 0.915493 0.0410359 
4.17786 -2.13223 -2.85902 -0.357055 0.0701447 -0.202285 0.909215 0.0425557 
4.32707 -2.20838 -2.96112 -0.368971 0.0724857 -0.209036 0.902724 0.0440756 
4.47627 -2.28453 -3.06323 -0.380801 0.0748095 -0.215738 0.89602 0.0455954 
4.62548 -2.36068 -3.16534 -0.39254 0.0771158 -0.222389 0.889106 0.0471153 
4.77469 -2.43683 -3.26745 -0.404187 0.079404 -0.228987 0.881982 0.0486351 
4.80223 -2.46894 -3.29341 -0.417504 0.0841056 -0.225951 0.876107 0.0523897 
4.82977 -2.50104 -3.31936 -0.430718 0.0887867 -0.22286 0.870019 0.0561443 
4.85731 -2.53315 -3.34532 -0.443828 0.0934462 -0.219714 0.863719 0.0598989 
4.88485 -2.56525 -3.37128 -0.45683 0.098083 -0.216515 0.857209 0.0636534 
4.91239 -2.59736 -3.39724 -0.469721 0.102696 -0.213264 0.850491 0.067408 
4.93993 -2.62946 -3.4232 -0.482498 0.107284 -0.20996 0.843566 0.0711626 
4.96747 -2.66156 -3.44915 -0.495157 0.111846 -0.206606 0.836435 0.0749172 
4.995 -2.69367 -3.47511 -0.507696 0.116381 -0.203201 0.829102 0.0786718 
5.02254 -2.72577 -3.50107 -0.520111 0.120887 -0.199747 0.821566 0.0824263 
5.05008 -2.75788 -3.52703 -0.5324 0.125364 -0.196245 0.813831 0.0861809 
5.07762 -2.78998 -3.55299 -0.54456 0.129811 -0.192694 0.805899 0.0899355 
5.10516 -2.82208 -3.57895 -0.556587 0.134226 -0.189097 0.79777 0.0936901 
5.1327 -2.85419 -3.6049 -0.568479 0.138608 -0.185454 0.789447 0.0974446 
5.16024 -2.88629 -3.63086 -0.580232 0.142956 -0.181766 0.780932 0.101199 
5.18778 -2.9184 -3.65682 -0.591845 0.14727 -0.178033 0.772227 0.104954 
5.21532 -2.9505 -3.68278 -0.603313 0.151548 -0.174257 0.763335 0.108708 
5.24285 -2.98261 -3.70874 -0.614635 0.15579 -0.170439 0.754257 0.112463 
5.27039 -3.01471 -3.73469 -0.625808 0.159993 -0.16658 0.744995 0.116218 
5.29793 -3.04681 -3.76065 -0.636828 0.164157 -0.16268 0.735553 0.119972 
5.32547 -3.07892 -3.78661 -0.647693 0.168282 -0.15874 0.725931 0.123727 
5.35301 -3.11102 -3.81257 -0.658401 0.172365 -0.154762 0.716133 0.127481 
5.38055 -3.14313 -3.83853 -0.668949 0.176407 -0.150746 0.706161 0.131236 
5.40809 -3.17523 -3.86448 -0.679334 0.180406 -0.146693 0.696017 0.13499 
5.43563 -3.20734 -3.89044 -0.689554 0.184361 -0.142605 0.685704 0.138745 
5.46317 -3.23944 -3.9164 -0.699606 0.188271 -0.138482 0.675224 0.1425 
5.4907 -3.27154 -3.94236 -0.709488 0.192135 -0.134326 0.66458 0.146254 
5.51824 -3.30365 -3.96832 -0.719198 0.195953 -0.130136 0.653775 0.150009 
5.54578 -3.33575 -3.99428 -0.728733 0.199723 -0.125915 0.64281 0.153763 
5.57332 -3.36786 -4.02023 -0.73809 0.203444 -0.121664 0.631689 0.157518 
5.60086 -3.39996 -4.04619 -0.747268 0.207116 -0.117383 0.620415 0.161272 
5.6284 -3.43206 -4.07215 -0.756265 0.210737 -0.113073 0.608989 0.165027 
5.65594 -3.46417 -4.09811 -0.765077 0.214308 -0.108736 0.597416 0.168782 
5.68348 -3.49627 -4.12407 -0.773704 0.217826 -0.104373 0.585697 0.172536 
5.71102 -3.52838 -4.15002 -0.782142 0.221291 -0.0999837 0.573836 0.176291 
5.73855 -3.56048 -4.17598 -0.79039 0.224702 -0.0955705 0.561835 0.180045 
5.76609 -3.59259 -4.20194 -0.798446 0.228059 -0.091134 0.549698 0.1838 
5.79363 -3.62469 -4.2279 -0.806308 0.23136 -0.0866753 0.537427 0.187555 
5.82117 -3.65679 -4.25386 -0.813973 0.234605 -0.0821956 0.525025 0.191309 
5.84871 -3.6889 -4.27981 -0.821441 0.237793 -0.0776959 0.512496 0.195064 
5.87625 -3.721 -4.30577 -0.828709 0.240924 -0.0731773 0.499842 0.198818 
5.90379 -3.75311 -4.33173 -0.835776 0.243995 -0.0686409 0.487067 0.202573 
5.93133 -3.78521 -4.35769 -0.842639 0.247007 -0.0640878 0.474173 0.206327 
5.95887 -3.81732 -4.38365 -0.849297 0.24996 -0.0595192 0.461163 0.210082 
5.9864 -3.84942 -4.4096 -0.855749 0.252851 -0.054936 0.448042 0.213837 
6.01394 -3.88152 -4.43556 -0.861993 0.255681 -0.0503395 0.434812 0.217591 
6.04148 -3.91363 -4.46152 -0.868027 0.258449 -0.0457308 0.421476 0.221346 
6.06902 -3.94573 -4.48748 -0.87385 0.261154 -0.0411109 0.408037 0.2251 
6.09656 -3.97784 -4.51344 -0.879461 0.263795 -0.0364811 0.3945 0.228855 
6.1241 -4.00994 -4.5394 -0.884858 0.266372 -0.0318424 0.380866 0.232609 
6.15164 -4.04204 -4.56535 -0.890039 0.268885 -0.0271959 0.36714 0.236364 
6.17918 -4.07415 -4.59131 -0.895004 0.271332 -0.0225428 0.353324 0.240119 
6.20672 -4.10625 -4.61727 -0.899752 0.273713 -0.0178842 0.339423 0.243873 
6.23425 -4.13836 -4.64323 -0.904281 0.276028 -0.0132213 0.325439 0.247628 
6.26179 -4.17046 -4.66919 -0.90859 0.278275 -0.00855521 0.311375 0.251382 
6.28933 -4.20257 -4.69514 -0.912678 0.280455 -0.003887 0.297237 0.255137 
6.31687 -4.23467 -4.7211 -0.916544 0.282566 0.00078215 0.283025 0.258891 
6.34441 -4.26677 -4.74706 -0.920187 0.284609 0.00545111 0.268746 0.262646 
6.37195 -4.29888 -4.77302 -0.923606 0.286583 0.0101187 0.2544 0.266401 
6.39949 -4.33098 -4.79898 -0.926801 0.288487 0.0147839 0.239993 0.270155 
6.42703 -4.36309 -4.82493 -0.92977 0.290321 0.0194455 0.225528 0.27391 
6.45457 -4.39519 -4.85089 -0.932514 0.292084 0.0241024 0.211007 0.277664 
6.4821 -4.4273 -4.87685 -0.93503 0.293776 0.0287533 0.196436 0.281419 
6.50964 -4.4594 -4.90281 -0.93732 0.295397 0.0333973 0.181816 0.285174 
6.53718 -4.4915 -4.92877 -0.939381 0.296946 0.0380332 0.167153 0.288928 
6.56472 -4.52361 -4.95473 -0.941214 0.298423 0.0426599 0.152448 0.292683 
6.59226 -4.55571 -4.98068 -0.942818 0.299827 0.0472761 0.137707 0.296437 
6.6198 -4.58782 -5.00664 -0.944193 0.301158 0.0518809 0.122932 0.300192 
6.64734 -4.61992 -5.0326 -0.945338 0.302416 0.056473 0.108127 0.303946 
6.67488 -4.65202 -5.05856 -0.946253 0.303601 0.0610514 0.0932963 0.307701 
6.70242 -4.68413 -5.08452 -0.946938 0.304712 0.065615 0.0784426 0.311456 
6.72995 -4.71623 -5.11047 -0.947393 0.305748 0.0701626 0.0635698 0.31521 
6.75749 -4.74834 -5.13643 -0.947618 0.30671 0.0746932 0.0486816 0.318965 
6.78503 -4.78044 -5.16239 -0.947612 0.307598 0.0792056 0.0337815 0.322719 
6.81257 -4.81255 -5.18835 -0.947376 0.308411 0.0836987 0.0188732 0.326474 
6.84011 -4.84465 -5.21431 -0.946909 0.309149 0.0881715 0.00396035 0.330228 
6.86765 -4.87675 -5.24026 -0.946212 0.309812 0.0926228 -0.0109535 0.333983 
6.89519 -4.90886 -5.26622 -0.945285 0.310399 0.0970516 -0.0258647 0.337738 
6.92273 -4.94096 -5.29218 -0.944129 0.310911 0.101457 -0.0407696 0.341492 
6.95026 -4.97307 -5.31814 -0.942742 0.311347 0.105837 -0.0556645 0.345247 
6.9778 -5.00517 -5.3441 -0.941127 0.311708 0.110192 -0.070546 0.349001 
7.00534 -5.03728 -5.37005 -0.939282 0.311993 0.11452 -0.0854103 0.352756 
7.03288 -5.06938 -5.39601 -0.937209 0.312201 0.11882 -0.100254 0.35651 
7.06042 -5.10148 -5.42197 -0.934908 0.312334 0.123092 -0.115073 0.360265 
7.08796 -5.13359 -5.44793 -0.93238 0.312392 0.127333 -0.129864 0.36402 
7.1155 -5.16569 -5.47389 -0.929626 0.312373 0.131543 -0.144624 0.367774 
7.14304 -5.1978 -5.49985 0.926645 -0.312278 -0.135722 0.159348 0.371529 
7.18161 -5.18477 -5.52076 0.926672 -0.305887 -0.133052 0.173232 0.371631 
7.22018 -5.17175 -5.54168 0.926477 -0.299422 -0.13035 0.187074 0.371733 
7.25876 -5.15873 -5.56259 0.926058 -0.292885 -0.127617 0.200871 0.371834 
7.29733 -5.14571 -5.58351 0.925416 -0.286277 -0.124853 0.214619 0.371936 
7.3359 -5.13268 -5.60442 0.924552 -0.279601 -0.122059 0.228316 0.372038 
7.37448 -5.11966 -5.62534 0.923465 -0.272857 -0.119235 0.241958 0.37214 
7.41305 -5.10664 -5.64625 0.922156 -0.266048 -0.116383 0.255542 0.372242 
7.45162 -5.09362 -5.66717 0.920625 -0.259175 -0.113503 0.269064 0.372344 
7.4902 -5.08059 -5.68808 0.918872 -0.252239 -0.110595 0.282522 0.372446 
7.52877 -5.06757 -5.709 0.916898 -0.245242 -0.107661 0.295911 0.372548 
7.56734 -5.05455 -5.72991 0.914703 -0.238187 -0.104701 0.30923 0.37265 
7.60592 -5.04152 -5.75083 0.912288 -0.231074 -0.101716 0.322473 0.372751 
7.64449 -5.0285 -5.77174 0.909654 -0.223905 -0.0987059 0.33564 0.372853 
7.68306 -5.01548 -5.79266 0.9068 -0.216683 -0.0956724 0.348725 0.372955 
7.72164 -5.00246 -5.81357 0.903728 -0.209408 -0.0926159 0.361726 0.373057 
7.76021 -4.98943 -5.83449 0.900439 -0.202083 -0.089537 0.374641 0.373159 
7.79878 -4.97641 -5.8554 0.896933 -0.19471 -0.0864366 0.387465 0.373261 
7.83736 -4.96339 -5.87632 0.89321 -0.187289 -0.0833154 0.400196 0.373363 
7.87593 -4.95037 -5.89724 0.889273 -0.179824 -0.0801742 0.41283 0.373465 
7.9145 -4.93734 -5.91815 0.885122 -0.172315 -0.0770136 0.425365 0.373567 
7.95308 -4.92432 -5.93907 0.880758 -0.164764 -0.0738345 0.437798 0.373668 
7.99165 -4.9113 -5.95998 0.876181 -0.157174 -0.0706376 0.450125 0.37377 
8.03022 -4.89828 -5.9809 0.871394 -0.149546 -0.0674237 0.462344 0.373872 
8.0688 -4.88525 -6.00181 0.866397 -0.141882 -0.0641936 0.474452 0.373974 
8.10737 -4.87223 -6.02273 0.861191 -0.134184 -0.060948 0.486445 0.374076 
8.14594 -4.85921 -6.04364 0.855779 -0.126454 -0.0576878 0.498322 0.374178 
8.18452 -4.84619 -6.06456 0.85016 -0.118693 -0.0544137 0.510078 0.37428 
8.22309 -4.83316 -6.08547 0.844336 -0.110904 -0.0511265 0.521712 0.374382 
8.26166 -4.82014 -6.10639 0.838309 -0.103088 -0.0478269 0.53322 0.374484 
8.30024 -4.80712 -6.1273 0.83208 -0.095247 -0.0445159 0.544599 0.374585 
8.33881 -4.7941 -6.14822 0.825651 -0.0873832 -0.0411941 0.555848 0.374687 
8.37738 -4.78107 -6.16913 0.819024 -0.0794984 -0.0378624 0.566963 0.374789 
8.41596 -4.76805 -6.19005 0.812199 -0.0715944 -0.0345216 0.577941 0.374891 
8.45453 -4.75503 -6.21096 0.805178 -0.0636732 -0.0311725 0.58878 0.374993 
8.4931 -4.742 -6.23188 0.797964 -0.0557367 -0.0278159 0.599477 0.375095 
8.53168 -4.72898 -6.2528 0.790558 -0.0477867 -0.0244526 0.61003 0.375197 
8.57025 -4.71596 -6.27371 0.782961 -0.0398253 -0.0210834 0.620437 0.375299 
8.60882 -4.70294 -6.29463 0.775176 -0.0318542 -0.0177091 0.630693 0.375401 
8.6474 -4.68991 -6.31554 0.767204 -0.0238755 -0.0143306 0.640798 0.375502 
8.68597 -4.67689 -6.33646 0.759048 -0.015891 -0.0109486 0.650749 0.375604 
8.72454 -4.66387 -6.35737 0.750708 -0.00790275 -0.007564 0.660543 0.375706 
8.76312 -4.65085 -6.37829 0.742188 8.74456e-05 -0.00417756 0.670178 0.375808 
8.80169 -4.63782 -6.3992 0.73349 0.00807762 -0.000790119 0.679652 0.37591 
8.84026 -4.6248 -6.42012 0.724615 0.0160658 0.00259752 0.688962 0.376012 
8.87884 -4.61178 -6.44103 0.715565 0.0240502 0.00598453 0.698106 0.376114 
8.91741 -4.59876 -6.46195 0.706343 0.0320288 0.00937009 0.707083 0.376216 
8.95598 -4.58573 -6.48286 0.696951 0.0399996 0.0127534 0.715889 0.376318 
8.99456 -4.57271 -6.50378 0.687392 0.0479609 0.0161337 0.724522 0.376419 
9.03313 -4.55969 -6.52469 0.677666 0.0559105 0.01951 0.732981 0.376521 
9.0717 -4.54667 -6.54561 0.667778 0.0638468 0.0228817 0.741264 0.376623 
9.11028 -4.53364 -6.56652 0.657729 0.0717676 0.0262478 0.749368 0.376725 
9.14885 -4.52062 -6.58744 0.647522 0.0796712 0.0296077 0.757292 0.376827 
9.18742 -4.5076 -6.60835 0.637158 0.0875556 0.0329604 0.765034 0.376929 
9.226 -4.49458 -6.62927 0.626642 0.0954189 0.0363051 0.772591 0.377031 
9.26457 -4.48155 -6.65019 0.615974 0.103259 0.0396412 0.779963 0.377133 
9.30314 -4.46853 -6.6711 0.605158 0.111075 0.0429677 0.787147 0.377234 
9.34171 -4.45551 -6.69202 0.594197 0.118863 0.0462838 0.794141 0.377336 
9.38029 -4.44248 -6.71293 0.583092 0.126624 0.0495888 0.800944 0.377438 
9.41886 -4.42946 -6.73385 0.571847 0.134353 0.0528819 0.807554 0.37754 
9.45743 -4.41644 -6.75476 0.560465 0.142051 0.0561622 0.81397 0.377642 
9.49601 -4.40342 -6.77568 0.548947 0.149714 0.059429 0.82019 0.377744 
9.53458 -4.39039 -6.79659 0.537297 0.157341 0.0626815 0.826212 0.377846 
9.57315 -4.37737 -6.81751 0.525518 0.16493 0.065919 0.832036 0.377948 
9.61173 -4.36435 -6.83842 0.513613 0.172479 0.0691405 0.837659 0.37805 
9.6503 -4.35133 -6.85934 0.501584 0.179987 0.0723454 0.84308 0.378151 
9.68887 -4.3383 -6.88025 0.489434 0.187452 0.0755329 0.848299 0.378253 
9.72745 -4.32528 -6.90117 0.477166 0.194872 0.0787022 0.853313 0.378355 
9.76602 -4.31226 -6.92208 0.464784 0.202244 0.0818526 0.858122 0.378457 
9.80459 -4.29924 -6.943 0.452289 0.209568 0.0849832 0.862725 0.378559 
9.84317 -4.28621 -6.96391 0.439686 0.216842 0.0880934 0.867119 0.378661 
9.88174 -4.27319 -6.98483 0.426976 0.224063 0.0911824 0.871305 0.378763 
9.92031 -4.26017 -7.00575 0.414164 0.23123 0.0942495 0.875281 0.378865 
9.95889 -4.24715 -7.02666 0.401253 0.238342 0.0972938 0.879047 0.378967 
9.99746 -4.23412 -7.04758 0.388244 0.245396 0.100315 0.882601 0.379068 
10.036 -4.2211 -7.06849 0.375143 0.252391 0.103312 0.885942 0.37917 
10.0746 -4.20808 -7.08941 0.361951 0.259326 0.106283 0.88907 0.379272 
10.1132 -4.19505 -7.11032 0.348671 0.266198 0.10923 0.891984 0.379374 
10.1518 -4.18203 -7.13124 0.335308 0.273006 0.11215 0.894684 0.379476 
10.1903 -4.16901 -7.15215 0.321864 0.279748 0.115043 0.897168 0.379578 
10.2289 -4.15599 -7.17307 0.308343 0.286423 0.117908 0.899436 0.37968 
10.2675 -4.14296 -7.19398 0.294747 0.293029 0.120745 0.901487 0.379782 
10.2555 -4.10205 -7.11202 0.289194 0.282602 0.118919 0.906841 0.374899 
10.2434 -4.06114 -7.03005 0.28359 0.272127 0.117073 0.91204 0.370017 
10.2314 -4.02023 -6.94809 0.277939 0.261606 0.115207 0.917082 0.365134 
10.2194 -3.97932 -6.86613 0.272239 0.251039 0.113321 0.921967 0.360252 
10.2074 -3.93841 -6.78416 0.266493 0.240429 0.111416 0.926694 0.35537 
10.1954 -3.8975 -6.7022 0.260701 0.229779 0.109491 0.931262 0.350487 
10.1833 -3.85659 -6.62023 0.254864 0.219088 0.107548 0.93567 0.345605 
10.1713 -3.81567 -6.53827 0.248983 0.208361 0.105586 0.939917 0.340722 
10.1593 -3.77476 -6.4563 0.24306 0.197597 0.103606 0.944004 0.33584 
10.1473 -3.73385 -6.37434 -0.237095 -0.186799 -0.101609 -0.947928 0.330957 
10.1351 -3.69243 -6.29135 -0.231014 -0.175834 -0.0995683 -0.951736 0.326014 
10.1229 -3.651 -6.20835 -0.224892 -0.164837 -0.0975104 -0.955376 0.32107 
10.1108 -3.60958 -6.12536 -0.218731 -0.153812 -0.0954352 -0.958849 0.316126 
10.0986 -3.56815 -6.04237 -0.212531 -0.142759 -0.0933433 -0.962153 0.311182 
10.0864 -3.52673 -5.95937 -0.206293 -0.131681 -0.091235 -0.965287 0.306239 
10.0742 -3.4853 -5.87638 -0.20002 -0.12058 -0.0891106 -0.968252 0.301295 
10.0621 -3.44388 -5.79338 -0.193711 -0.109458 -0.0869706 -0.971046 0.296351 
10.0499 -3.40245 -5.71039 -0.187368 -0.0983166 -0.0848152 -0.97367 0.291407 
10.0377 -3.36103 -5.6274 -0.180993 -0.0871579 -0.082645 -0.976122 0.286464 
10.0256 -3.3196 -5.5444 -0.174585 -0.0759838 -0.0804602 -0.978403 0.28152 
10.0134 -3.27818 -5.46141 -0.168147 -0.0647965 -0.0782612 -0.980512 0.276576 
10.0012 -3.23675 -5.37842 -0.161679 -0.0535977 -0.0760485 -0.982448 0.271633 
9.98905 -3.19533 -5.29542 -0.155182 -0.0423894 -0.0738224 -0.984211 0.266689 
9.97688 -3.1539 -5.21243 -0.148659 -0.0311738 -0.0715833 -0.985802 0.261745 
9.96471 -3.11248 -5.12944 -0.142109 -0.0199526 -0.0693316 -0.987218 0.256801 
9.95254 -3.07105 -5.04644 -0.135534 -0.00872794 -0.0670678 -0.988462 0.251858 
9.94037 -3.02963 -4.96345 -0.128936 0.00249826 -0.0647921 -0.989531 0.246914 
9.9282 -2.9882 -4.88046 -0.122314 0.013724 -0.062505 -0.990426 0.24197 
9.91603 -2.94678 -4.79746 -0.115671 0.0249474 -0.060207 -0.991147 0.237026 
9.90386 -2.90535 -4.71447 -0.109008 0.0361663 -0.0578983 -0.991694 0.232083 
9.89169 -2.86393 -4.63148 -0.102326 0.0473789 -0.0555795 -0.992066 0.227139 
9.87951 -2.8225 -4.54848 -0.0956257 0.0585832 -0.0532509 -0.992264 0.222195 
9.86734 -2.78108 -4.46549 -0.0889085 0.0697772 -0.0509129 -0.992287 0.217251 
9.85517 -2.73965 -4.3825 -0.0821757 0.0809588 -0.048566 -0.992136 0.212308 
9.843 -2.69823 -4.2995 -0.0754285 0.0921263 -0.0462105 -0.99181 0.207364 
9.83083 -2.6568 -4.21651 -0.068668 0.103278 -0.0438469 -0.99131 0.20242 
9.81866 -2.61538 -4.13352 -0.0618954 0.114411 -0.0414756 -0.990636 0.197476 
9.80649 -2.57395 -4.05052 -0.0551119 0.125524 -0.039097 -0.989787 0.192533 
9.79432 -2.53253 -3.96753 -0.0483188 0.136614 -0.0367115 -0.988764 0.187589 
9.78215 -2.4911 -3.88454 -0.0415171 0.147681 -0.0343196 -0.987567 0.182645 
9.76998 -2.44968 -3.80154 -0.0347082 0.158722 -0.0319216 -0.986197 0.177702 
9.75781 -2.40825 -3.71855 -0.0278931 0.169735 -0.029518 -0.984653 0.172758 
9.74563 -2.36683 -3.63555 -0.0210731 0.180718 -0.0271092 -0.982935 0.167814 
9.73346 -2.3254 -3.55256 -0.0142494 0.19167 -0.0246957 -0.981045 0.16287 
9.72129 -2.28398 -3.46957 -0.00742326 0.202587 -0.0222778 -0.978983 0.157927 
9.70912 -2.24255 -3.38657 -0.000595769 0.213469 -0.019856 -0.976748 0.152983 
9.69695 -2.20113 -3.30358 0.00623183 0.224314 -0.0174307 -0.974341 0.148039 
9.68478 -2.1597 -3.22059 0.0130583 0.235118 -0.0150023 -0.971763 0.143095 
9.67261 -2.11828 -3.13759 0.0198825 0.245882 -0.0125713 -0.969014 0.138152 
9.66044 -2.07685 -3.0546 0.0267032 0.256602 -0.0101381 -0.966095 0.133208 
9.64827 -2.03543 -2.97161 0.0335192 0.267278 -0.00770307 -0.963006 0.128264 
9.6361 -1.994 -2.88861 0.0403294 0.277906 -0.00526671 -0.959747 0.12332 
9.62393 -1.95258 -2.80562 0.0471324 0.288485 -0.00282943 -0.956319 0.118377 
9.61175 -1.91115 -2.72263 0.0539271 0.299014 -0.000391646 -0.952724 0.113433 
9.59958 -1.86973 -2.63963 0.0607124 0.30949 0.00204621 -0.94896 0.108489 
9.58741 -1.8283 -2.55664 0.0674869 0.319911 0.0044837 -0.94503 0.103545 
9.57524 -1.78688 -2.47365 0.0742496 0.330277 0.0069204 -0.940934 0.0986018 
9.56307 -1.74545 -2.39065 0.0809993 0.340584 0.00935589 -0.936672 0.093658 
9.5509 -1.70403 -2.30766 0.0877346 0.350831 0.0117897 -0.932245 0.0887143 
9.53873 -1.6626 -2.22467 0.0944546 0.361017 0.0142215 -0.927655 0.0837706 
9.52656 -1.62118 -2.14167 0.101158 0.371139 0.0166508 -0.922901 0.0788268 
9.51439 -1.57975 -2.05868 0.107843 0.381196 0.0190771 -0.917985 0.0738831 
9.50222 -1.53833 -1.97569 0.11451 0.391185 0.0215001 -0.912907 0.0689393 
9.49005 -1.49691 -1.89269 0.121157 0.401106 0.0239193 -0.907669 0.0639956 
9.47787 -1.45548 -1.8097 0.127782 0.410957 0.0263343 -0.902271 0.0590519 
9.4657 -1.41406 -1.7267 0.134384 0.420735 0.0287446 -0.896714 0.0541081 
9.45353 -1.37263 -1.64371 0.140963 0.430439 0.0311499 -0.891 0.0491644 
9.44136 -1.33121 -1.56072 0.147518 0.440067 0.0335498 -0.885129 0.0442207 
9.42919 -1.28978 -1.47772 0.154046 0.449618 0.0359437 -0.879103 0.0392769 
9.41702 -1.24836 -1.39473 0.160547 0.45909 0.0383313 -0.872921 0.0343332 
9.40485 -1.20693 -1.31174 0.16702 0.468481 0.0407121 -0.866586 0.0293895 
9.51763 -1.17697 -1.2641 0.159959 0.480321 0.0355878 -0.861649 0.0289207 
9.63042 -1.14701 -1.21646 0.15286 0.492045 0.0304548 -0.856503 0.0284519 
9.7432 -1.11705 -1.16882 0.145723 0.503651 0.0253145 -0.851152 0.0279831 
9.85598 -1.0871 -1.12118 0.138552 0.515135 0.0201681 -0.845596 0.0275143 
9.96877 -1.05714 -1.07355 0.131347 0.526496 0.0150169 -0.839836 0.0270455 
10.0816 -1.02718 -1.02591 0.124111 0.537729 0.00986204 -0.833874 0.0265767 
10.1943 -0.99722 -0.97827 0.116845 0.548834 0.00470481 -0.827712 0.0261079 
10.3071 -0.967261 -0.930632 0.109551 0.559806 -0.000453542 -0.82135 0.0256391 
10.4199 -0.937303 -0.882994 0.10223 0.570643 -0.00561179 -0.814791 0.0251703 
10.5327 -0.907344 -0.835355 0.0948847 0.581343 -0.0107687 -0.808035 0.0247015 
10.6455 -0.877385 -0.787717 0.0875167 0.591904 -0.015923 -0.801085 0.0242327 
10.7583 -0.847427 -0.740079 0.0801275 0.602321 -0.0210735 -0.793942 0.0237639 
10.871 -0.817468 -0.692441 0.0727191 0.612594 -0.0262189 -0.786608 0.0232951 
10.9838 -0.78751 -0.644803 0.0652932 0.62272 -0.0313579 -0.779085 0.0228263 
11.0966 -0.757551 -0.597164 0.0578515 0.632695 -0.0364895 -0.771374 0.0223575 
11.2094 -0.727592 -0.549526 0.050396 0.642518 -0.0416123 -0.763478 0.0218887 
11.3222 -0.697634 -0.501888 0.0429283 0.652187 -0.046725 -0.755398 0.0214199 
11.435 -0.667675 -0.45425 0.0354502 0.661699 -0.0518265 -0.747136 0.0209511 
11.5477 -0.637716 -0.406611 0.0279637 0.671051 -0.0569155 -0.738694 0.0204823 
11.6605 -0.607758 -0.358973 0.0204704 0.680242 -0.0619909 -0.730075 0.0200135 
11.7733 -0.577799 -0.311335 0.0129722 0.689269 -0.0670513 -0.72128 0.0195447 
11.8861 -0.54784 -0.263697 0.00547085 0.69813 -0.0720955 -0.712311 0.0190759 
11.9989 -0.517882 -0.216059 -0.0020318 0.706823 -0.0771225 -0.703171 0.0186071 
12.1117 -0.487923 -0.16842 -0.00953396 0.715346 -0.0821308 -0.693861 0.0181384 
12.2244 -0.457965 -0.120782 -0.0170338 0.723697 -0.0871194 -0.684385 0.0176696 
12.3372 -0.428006 -0.0731439 -0.0245296 0.731874 -0.092087 -0.674743 0.0172008 
12.45 -0.398047 -0.0255056 -0.0320195 0.739875 -0.0970325 -0.66494 0.016732 
12.5628 -0.368089 0.0221326 -0.0395016 0.747697 -0.101955 -0.654976 0.0162632 
12.6756 -0.33813 0.0697708 -0.0469743 0.75534 -0.106852 -0.644855 0.0157944 
12.7884 -0.308171 0.117409 -0.0544356 0.762801 -0.111724 -0.634578 0.0153256 
12.9011 -0.278213 0.165047 -0.0618839 0.770078 -0.116569 -0.624149 0.0148568 
13.0139 -0.248254 0.212685 -0.0693172 0.77717 -0.121386 -0.61357 0.014388 
13.1267 -0.218295 0.260324 -0.0767339 0.784075 -0.126174 -0.602843 0.0139192 
13.2395 -0.188337 0.307962 -0.0841321 0.790791 -0.130931 -0.59197 0.0134504 
13.3523 -0.158378 0.3556 -0.09151 0.797317 -0.135657 -0.580956 0.0129816 
13.4651 -0.12842 0.403238 -0.098866 0.80365 -0.14035 -0.569801 0.0125128 
13.5778 -0.0984609 0.450877 -0.106198 0.809791 -0.145009 -0.55851 0.012044 
13.6906 -0.0685022 0.498515 -0.113505 0.815736 -0.149634 -0.547084 0.0115752 
13.8034 -0.0385436 0.546153 -0.120784 0.821486 -0.154222 -0.535526 0.0111064 
13.9162 -0.00858496 0.593791 -0.128034 0.827037 -0.158774 -0.523839 0.0106376 
14.029 0.0213737 0.641429 -0.135253 0.83239 -0.163287 -0.512027 0.0101688 
14.1418 0.0513323 0.689068 -0.14244 0.837542 -0.167761 -0.500091 0.00970002 
14.2546 0.081291 0.736706 -0.149593 0.842493 -0.172194 -0.488034 0.00923122 
14.3673 0.11125 0.784344 -0.156709 0.84724 -0.176586 -0.475861 0.00876243 
14.4801 0.141208 0.831982 -0.163788 0.851784 -0.180936 -0.463572 0.00829363 
14.5929 0.171167 0.879621 -0.170828 0.856123 -0.185242 -0.451173 0.00782483 
14.7057 0.201126 0.927259 -0.177826 0.860256 -0.189503 -0.438664 0.00735604 
14.8185 0.231084 0.974897 -0.184781 0.864182 -0.193719 -0.42605 0.00688724 

