0 0 0 0 0 0 1 4.64255e-310 
0.848313 -0.249795 0.21158 0.0633592 0.0231605 -0.0476949 0.996581 0.00800344 
0.943605 0.377357 0.552365 -0.061221 0.166292 -0.134207 0.974981 0.0778634 
0.853672 0.345973 1.32853 0.103873 0.257882 -0.130852 0.951622 0.10532 
1.31572 0.616406 2.03134 0.0687427 0.330797 -0.167167 0.926231 0.129521 
1.73431 0.773724 2.72088 0.0612196 0.385221 -0.0283102 0.920356 0.158089 
2.30721 0.974916 3.31274 -0.0361566 0.467429 0.0341803 0.88263 0.163158 
2.96368 1.22228 3.14764 -0.221881 0.398024 0.176598 0.872444 0.128795 
3.2306 1.91786 3.66915 -0.240377 0.409948 0.247395 0.844368 0.140071 
3.88962 2.34322 3.69646 -0.232553 0.313841 0.410175 0.824123 0.164656 
4.67502 2.5769 3.78557 -0.0711705 0.281129 0.420342 0.859775 0.157898 
5.46042 2.81057 3.87468 0.0922399 0.240409 0.418535 0.870933 0.151139 
6.00547 3.20237 4.40335 0.0354537 0.211995 0.311866 0.925495 0.141286 
6.72898 3.7323 4.34702 -0.0253042 0.164186 0.360629 0.917796 0.131643 
7.02964 3.93706 4.48952 0.0933101 0.12707 0.370763 0.915249 0.140024 
7.60357 4.32793 4.76154 0.314168 0.0512415 0.374038 0.871073 0.156023 
8.17749 4.71879 5.03356 0.517279 -0.0274812 0.356182 0.77769 0.172022 
8.75142 5.10965 5.30558 0.691168 -0.104652 0.318206 0.640375 0.188021 
9.44874 4.77278 4.96042 0.640964 -0.0597758 0.446852 0.621221 0.182486 
10.2225 4.80049 4.84154 0.731864 -0.0637228 0.377241 0.563918 0.0939723 
10.3463 4.26425 4.42904 0.882422 -0.108488 0.167692 0.425958 0.109093 
10.1619 3.70884 3.87785 0.804808 -0.200153 0.300237 0.471255 0.120382 
10.4829 3.13229 3.27794 0.808206 -0.0977601 0.320175 0.484494 0.123299 
10.5577 2.31112 3.08776 0.874359 -0.138096 0.218476 0.410723 0.129345 
10.3045 2.08452 2.31921 0.862015 -0.0842404 0.347464 0.359307 0.119227 
10.529 1.65098 1.77542 0.845139 0.0724022 0.206681 0.487627 0.097856 
10.1393 1.02851 1.34788 0.771552 0.0973765 0.240775 0.580734 0.0737317 
9.72481 0.573463 0.948136 0.627308 -0.0401997 0.36497 0.686779 0.0814077 
10.07 0.0399367 0.31939 0.594779 -0.0576481 0.327244 0.732001 0.044876 
9.97408 -0.476124 -0.443311 0.608439 -0.0319489 0.342508 0.71517 0.00767271 
10.896 -0.498989 -0.50947 0.649242 -0.03703 0.374726 0.660828 0.0076393 
11.8179 -0.521854 -0.57563 0.686356 -0.0419008 0.404814 0.602732 0.00760589 
12.7398 -0.544718 -0.641789 0.71957 -0.0465335 0.432603 0.54121 0.00757248 
13.6617 -0.567583 -0.707949 0.748696 -0.0509018 0.457933 0.476614 0.00753907 
14.5837 -0.590448 -0.774108 0.773568 -0.0549809 0.480662 0.40931 0.00750566 

