0 0 0 0 0 0 1 4.65856e-310 
0.279229 -0.261857 0.201956 0.0500172 0.0335979 0.014491 0.998078 0.00517846 
0.737038 -0.291855 0.177917 0.0127375 0.0220864 0.00586681 0.999658 0.00576647 
1.19485 -0.321853 0.153878 -0.0245625 0.0105396 -0.00276674 0.999639 0.00635448 
1.65266 -0.351851 0.129839 -0.0618233 -0.00102414 -0.0113959 0.998022 0.00694249 
2.11046 -0.381849 0.105801 -0.0989852 -0.0125862 -0.0200068 0.994808 0.00753051 
2.56827 -0.411847 0.0817618 -0.135989 -0.0241281 -0.0285857 0.990004 0.00811852 
3.02608 -0.441845 0.057723 -0.172775 -0.0356315 -0.0371188 0.983616 0.00870653 
3.48389 -0.471843 0.0336842 -0.209285 -0.0470779 -0.0455927 0.975656 0.00929454 
3.9417 -0.501841 0.00964538 -0.24546 -0.058449 -0.0539936 0.966136 0.00988255 
3.91208 -0.752944 -0.278408 -0.238267 -0.0278685 -0.138461 0.960875 0.0362974 
3.981 -0.869411 -0.669553 -0.19085 0.0284934 -0.131016 0.972419 0.0474599 
4.00749 -0.560561 -0.991652 -0.171595 -0.00565792 -0.12449 0.977254 0.0603866 
4.16378 -0.7571 -1.34207 -0.158469 0.00810957 -0.174998 0.971698 0.0750193 
4.08122 -0.410736 -1.6168 -0.178418 0.0264373 -0.201553 0.962728 0.0863062 
4.10881 0.0114651 -1.76199 -0.22692 0.0157304 -0.204452 0.952081 0.0881004 
4.0471 0.344374 -2.05696 -0.259401 0.0125046 -0.228839 0.938183 0.0959972 
4.20418 0.651787 -2.3222 -0.307789 0.0128249 -0.210703 0.927742 0.107922 
4.20159 1.02601 -2.53873 -0.324999 -0.0438017 -0.199606 0.923371 0.115174 
4.56617 1.19244 -2.53732 -0.379493 -0.0105424 -0.148814 0.913087 0.132148 
4.94985 1.3797 -2.65998 -0.375689 -0.0580677 -0.120465 0.917047 0.132322 
5.16904 1.69424 -2.46118 -0.417434 -0.0151776 -0.131601 0.898999 0.127681 
5.58034 1.78204 -2.40594 -0.436647 0.0337367 -0.0799549 0.895438 0.125644 
5.50153 2.19088 -2.57942 -0.460459 0.0364289 -0.0574947 0.885068 0.140137 
5.84073 2.21584 -2.87156 -0.476276 0.0647794 -0.0753259 0.873665 0.15302 
6.02458 2.57311 -2.98397 -0.450025 0.100348 -0.0313676 0.886806 0.172075 
6.30045 2.68231 -3.29919 -0.493956 0.134099 -0.0297593 0.858568 0.167171 
6.42224 2.95947 -3.59704 -0.544039 0.140252 0.00651284 0.827229 0.172862 
6.3449 2.84856 -3.98403 -0.582081 0.125942 -0.0632758 0.800822 0.177932 
6.40109 3.22841 -4.13361 -0.619296 0.0580285 -0.0546678 0.781099 0.170413 
6.46078 3.46556 -4.51989 -0.634997 0.0614048 -0.0616383 0.767599 0.191116 
6.41322 3.84447 -4.69552 -0.578989 0.0607081 -0.0910172 0.807962 0.19574 
6.65462 4.00765 -4.98726 -0.557777 0.0702225 -0.0331521 0.82635 0.218378 
7.02925 4.06544 -5.02243 -0.553041 0.150434 0.0534677 0.817714 0.217599 
7.40388 4.12323 -5.0576 -0.540544 0.228534 0.139337 0.797602 0.21682 
7.77851 4.18102 -5.09277 -0.520462 0.303426 0.223251 0.766297 0.216042 
8.15313 4.23882 -5.12794 -0.493075 0.374061 0.304032 0.724238 0.215263 
8.52776 4.29661 -5.16311 -0.458768 0.439446 0.380546 0.672015 0.214484 
8.90239 4.3544 -5.19828 -0.418023 0.498664 0.45172 0.610361 0.213705 
9.27702 4.41219 -5.23345 -0.371411 0.550884 0.516554 0.540141 0.212927 
9.65165 4.46998 -5.26862 -0.319588 0.595373 0.57414 0.462341 0.212148 
10.0263 4.52777 -5.30379 -0.263279 0.631506 0.623667 0.378052 0.211369 
10.4009 4.58557 -5.33896 -0.203275 0.658777 0.664443 0.288458 0.21059 
10.7755 4.64336 -5.37413 -0.140419 0.676803 0.695893 0.194816 0.209811 
11.1502 4.70115 -5.4093 -0.075592 0.68533 0.717578 0.0984403 0.209033 
11.2801 4.72119 -5.42149 -0.0528185 0.686044 0.722757 0.0646295 0.208763 
11.526 4.50885 -5.14434 -0.0273972 0.675518 0.727779 0.115161 0.193573 
11.475 4.38284 -4.88033 0.0718662 0.662312 0.745601 -0.0160196 0.156715 
11.8495 4.18889 -4.76152 0.03784 0.629783 0.775063 -0.0349046 0.159845 
12.1425 4.0057 -4.49935 0.0345359 0.627349 0.777495 0.0272351 0.155935 
12.3615 3.66682 -4.44955 -0.0298834 0.627362 0.778144 -0.00403949 0.134098 
12.7121 3.45103 -4.25538 0.000964344 0.643878 0.764893 -0.0189424 0.129581 
13.0636 3.33777 -4.01188 0.0197034 0.65745 0.751375 -0.0529818 0.115236 
13.3962 3.21826 -3.79691 -0.00812796 0.639271 0.768802 0.0144826 0.10611 
13.5329 2.83435 -3.70791 -0.0484276 0.627382 0.772459 0.0857523 0.106154 
13.6153 2.78658 -3.31551 -0.116237 0.650624 0.749491 0.0379521 0.0991442 
13.8942 2.97858 -3.11029 -0.0650688 0.713462 0.696369 0.0425319 0.0920971 
14.0757 2.74944 -2.79973 -0.106644 0.717376 0.688408 0.00969965 0.0723171 
14.107 2.41011 -2.53182 -0.111468 0.694704 0.708953 -0.0484431 0.0729563 
14.0668 2.17868 -2.14877 -0.124519 0.701831 0.696341 -0.0838887 0.0627517 
14.2396 2.25101 -1.82222 -0.210791 0.704863 0.676793 -0.0262095 0.0449325 
14.3198 1.86374 -1.7443 -0.274883 0.711984 0.645265 0.0339153 0.0481847 
14.5803 1.64041 -1.50449 -0.334432 0.705383 0.624856 -0.0120881 0.0451121 
14.7618 1.34608 -1.25384 -0.328138 0.699997 0.629546 -0.0774695 0.0382502 
14.8159 0.94533 -1.11316 -0.316262 0.724857 0.611099 -0.0334452 0.0215387 
14.9366 0.600432 -0.85056 -0.320496 0.723345 0.6116 0.000711235 0.00597369 

