0 0 0 0 0 0 1 4.667e-310 
0.122353 -0.0438651 -0.035297 0.00214421 -0.00666417 -0.0139214 0.999879 0.00122606 
0.244706 -0.0877302 -0.070594 0.0042879 -0.0133267 -0.0278394 0.999514 0.00245213 
0.36706 -0.131595 -0.105891 0.00643055 -0.019986 -0.0417506 0.998907 0.00367819 
0.489413 -0.17546 -0.141188 0.00857164 -0.0266405 -0.0556517 0.998058 0.00490426 
0.611766 -0.219326 -0.176485 0.0107106 -0.0332885 -0.0695393 0.996966 0.00613032 
0.734119 -0.263191 -0.211782 0.0128471 -0.0399284 -0.0834099 0.995632 0.00735638 
0.856472 -0.307056 -0.247079 0.0149803 -0.0465586 -0.0972604 0.994056 0.00858245 
0.978825 -0.350921 -0.282376 0.01711 -0.0531775 -0.111087 0.992239 0.00980851 
1.10118 -0.394786 -0.317673 0.0192355 -0.0597835 -0.124887 0.990181 0.0110346 
1.22353 -0.438651 -0.35297 0.0213563 -0.066375 -0.138657 0.987883 0.0122606 
1.34588 -0.482516 -0.388267 0.0234719 -0.0729504 -0.152392 0.985345 0.0134867 
1.46824 -0.526381 -0.423564 0.0255819 -0.079508 -0.166091 0.982567 0.0147128 
1.59059 -0.570246 -0.458861 0.0276856 -0.0860463 -0.17975 0.979551 0.0159388 
1.71294 -0.614112 -0.494158 0.0297826 -0.0925638 -0.193365 0.976297 0.0171649 
1.8353 -0.657977 -0.529455 0.0318724 -0.0990588 -0.206933 0.972805 0.018391 
1.95765 -0.701842 -0.564752 0.0339544 -0.10553 -0.22045 0.969078 0.019617 
2.08 -0.745707 -0.600049 0.0360282 -0.111975 -0.233914 0.965115 0.0208431 
2.20236 -0.789572 -0.635346 0.0380932 -0.118393 -0.247322 0.960918 0.0220691 
2.32471 -0.833437 -0.670643 0.040149 -0.124782 -0.260669 0.956488 0.0232952 
2.44706 -0.877302 -0.70594 0.0421951 -0.131141 -0.273953 0.951825 0.0245213 
2.56942 -0.921167 -0.741237 0.0442308 -0.137469 -0.28717 0.946931 0.0257473 
2.69177 -0.965032 -0.776535 0.0462559 -0.143762 -0.300318 0.941808 0.0269734 
2.81412 -1.0089 -0.811832 0.0482697 -0.150021 -0.313393 0.936455 0.0281995 
2.93648 -1.05276 -0.847129 0.0502718 -0.156244 -0.326392 0.930875 0.0294255 
3.05883 -1.09663 -0.882426 0.0522617 -0.162428 -0.339311 0.92507 0.0306516 
3.18118 -1.14049 -0.917723 0.0542389 -0.168574 -0.352148 0.919039 0.0318777 
3.30354 -1.18436 -0.95302 0.0562029 -0.174678 -0.3649 0.912785 0.0331037 
3.42589 -1.22822 -0.988317 0.0581533 -0.180739 -0.377562 0.90631 0.0343298 
3.54824 -1.27209 -1.02361 0.0600896 -0.186757 -0.390134 0.899615 0.0355559 
3.6706 -1.31595 -1.05891 0.0620112 -0.19273 -0.40261 0.892701 0.0367819 
3.79295 -1.35982 -1.09421 0.0639179 -0.198655 -0.414989 0.88557 0.038008 
3.9153 -1.40368 -1.1295 0.0658089 -0.204533 -0.427267 0.878225 0.039234 
4.03765 -1.44755 -1.1648 0.067684 -0.210361 -0.439441 0.870666 0.0404601 
4.16001 -1.49141 -1.2001 0.0695427 -0.216137 -0.451509 0.862895 0.0416862 
4.28236 -1.53528 -1.2354 0.0713845 -0.221862 -0.463466 0.854915 0.0429122 
4.40471 -1.57914 -1.27069 0.073209 -0.227532 -0.475312 0.846728 0.0441383 
4.52707 -1.62301 -1.30599 0.0750156 -0.233147 -0.487042 0.838335 0.0453644 
4.64942 -1.66687 -1.34129 0.0768041 -0.238706 -0.498653 0.829738 0.0465904 
4.77177 -1.71074 -1.37658 0.0785739 -0.244206 -0.510144 0.82094 0.0478165 
4.89413 -1.7546 -1.41188 0.0803246 -0.249647 -0.521511 0.811943 0.0490426 
5.01648 -1.79847 -1.44718 0.0820559 -0.255028 -0.532751 0.802748 0.0502686 
5.13883 -1.84233 -1.48247 0.0837672 -0.260347 -0.543861 0.793358 0.0514947 
5.26119 -1.8862 -1.51777 0.0854581 -0.265602 -0.55484 0.783776 0.0527207 
5.38354 -1.93006 -1.55307 0.0871283 -0.270793 -0.565684 0.774004 0.0539468 
5.50589 -1.97393 -1.58837 0.0887774 -0.275918 -0.57639 0.764043 0.0551729 
5.5249 -2.08312 -1.74007 0.0774452 -0.269309 -0.580551 0.764484 0.0601037 
5.54391 -2.19232 -1.89178 0.0660984 -0.262648 -0.584601 0.76478 0.0650345 
5.56292 -2.30151 -2.04349 0.054739 -0.255937 -0.588541 0.764931 0.0699653 
5.58193 -2.41071 -2.1952 0.0433693 -0.249178 -0.592369 0.764937 0.0748961 
5.60094 -2.5199 -2.34691 0.0319913 -0.242371 -0.596085 0.764798 0.0798269 
5.61994 -2.6291 -2.49861 0.0206073 -0.235519 -0.599688 0.764513 0.0847577 
5.63895 -2.73829 -2.65032 0.00921934 -0.228622 -0.603177 0.764084 0.0896885 
5.65796 -2.84749 -2.80203 -0.00217035 -0.221681 -0.606552 0.76351 0.0946193 
5.67697 -2.95668 -2.95374 -0.0135596 -0.214699 -0.609811 0.762791 0.0995501 
5.69598 -3.06588 -3.10545 -0.0249463 -0.207675 -0.612955 0.761928 0.104481 
5.71499 -3.17507 -3.25716 -0.0363283 -0.200613 -0.615983 0.76092 0.109412 
5.734 -3.28427 -3.40886 -0.0477034 -0.193512 -0.618894 0.759768 0.114342 
5.75301 -3.39346 -3.56057 -0.0590694 -0.186375 -0.621688 0.758472 0.119273 
5.77201 -3.50266 -3.71228 -0.0704243 -0.179202 -0.624364 0.757032 0.124204 
5.79102 -3.61185 -3.86399 -0.0817658 -0.171996 -0.626921 0.755448 0.129135 
5.81003 -3.72105 -4.0157 -0.0930918 -0.164756 -0.62936 0.753721 0.134066 
5.82904 -3.83024 -4.1674 -0.1044 -0.157486 -0.631679 0.751851 0.138996 
5.84805 -3.93944 -4.31911 -0.115689 -0.150186 -0.633878 0.749839 0.143927 
5.86706 -4.04863 -4.47082 -0.126955 -0.142857 -0.635958 0.747685 0.148858 
5.88607 -4.15783 -4.62253 -0.138198 -0.135501 -0.637916 0.745388 0.153789 
5.90508 -4.26702 -4.77424 -0.149414 -0.128119 -0.639754 0.742951 0.15872 
5.92408 -4.37622 -4.92594 -0.160602 -0.120713 -0.64147 0.740372 0.16365 
5.94309 -4.48541 -5.07765 -0.17176 -0.113285 -0.643065 0.737653 0.168581 
5.9621 -4.5946 -5.22936 -0.182885 -0.105834 -0.644538 0.734795 0.173512 
5.98111 -4.7038 -5.38107 -0.193975 -0.098364 -0.645889 0.731797 0.178443 
6.00012 -4.81299 -5.53278 -0.205028 -0.090875 -0.647117 0.72866 0.183374 
6.01913 -4.92219 -5.68449 -0.216043 -0.0833688 -0.648222 0.725385 0.188304 
6.03814 -5.03138 -5.83619 -0.227017 -0.0758468 -0.649205 0.721972 0.193235 
6.05715 -5.14058 -5.9879 -0.237947 -0.0683104 -0.650064 0.718423 0.198166 
6.07615 -5.24977 -6.13961 -0.248833 -0.060761 -0.6508 0.714737 0.203097 
6.09516 -5.35897 -6.29132 -0.259671 -0.0532001 -0.651413 0.710916 0.208028 
6.11417 -5.46816 -6.44303 -0.27046 -0.0456292 -0.651902 0.70696 0.212958 
6.13318 -5.57736 -6.59473 -0.281198 -0.0380496 -0.652268 0.70287 0.217889 
6.15201 -5.68554 -6.74504 -0.291784 -0.030533 -0.652508 0.698686 0.222774 
6.17085 -5.79373 -6.89534 -0.302315 -0.0230108 -0.652627 0.694373 0.22766 
6.24899 -5.74713 -6.81132 -0.294188 -0.0319516 -0.661055 0.689521 0.224988 
6.32714 -5.70053 -6.7273 -0.285989 -0.0408847 -0.669324 0.684503 0.222316 
6.40528 -5.65394 -6.64328 -0.277722 -0.049808 -0.677431 0.67932 0.219645 
6.48342 -5.60734 -6.55925 -0.269388 -0.0587192 -0.685376 0.673975 0.216973 
6.56157 -5.56074 -6.47523 -0.26099 -0.0676164 -0.693156 0.668466 0.214302 
6.63971 -5.51415 -6.39121 -0.252528 -0.0764973 -0.700769 0.662798 0.21163 
6.71786 -5.46755 -6.30719 -0.244006 -0.0853598 -0.708214 0.656969 0.208958 
6.796 -5.42095 -6.22317 -0.235425 -0.0942018 -0.715488 0.650983 0.206287 
6.87415 -5.37436 -6.13914 -0.226787 -0.103021 -0.72259 0.64484 0.203615 
6.95229 -5.32776 -6.05512 -0.218095 -0.111816 -0.729518 0.638542 0.200944 
7.03044 -5.28116 -5.9711 -0.20935 -0.120583 -0.736271 0.63209 0.198272 
7.10858 -5.23457 -5.88708 -0.200555 -0.129322 -0.742846 0.625486 0.1956 
7.18673 -5.18797 -5.80306 -0.191712 -0.138029 -0.749243 0.618732 0.192929 
7.26487 -5.14137 -5.71903 -0.182822 -0.146704 -0.75546 0.611829 0.190257 
7.34302 -5.09478 -5.63501 -0.173889 -0.155343 -0.761495 0.604778 0.187586 
7.42116 -5.04818 -5.55099 -0.164914 -0.163944 -0.767346 0.597583 0.184914 
7.49931 -5.00158 -5.46697 -0.155899 -0.172506 -0.773014 0.590243 0.182243 
7.57745 -4.95499 -5.38295 -0.146847 -0.181027 -0.778495 0.582762 0.179571 
7.6556 -4.90839 -5.29892 -0.137759 -0.189504 -0.783789 0.57514 0.176899 
7.73374 -4.86179 -5.2149 -0.128638 -0.197936 -0.788894 0.56738 0.174228 
7.81189 -4.8152 -5.13088 -0.119486 -0.20632 -0.79381 0.559483 0.171556 
7.89003 -4.7686 -5.04686 -0.110306 -0.214654 -0.798534 0.551452 0.168885 
7.96818 -4.722 -4.96284 -0.101099 -0.222937 -0.803067 0.543288 0.166213 
8.04632 -4.67541 -4.87881 -0.0918672 -0.231166 -0.807406 0.534994 0.163541 
8.12447 -4.62881 -4.79479 -0.0826137 -0.239339 -0.811551 0.526571 0.16087 
8.20261 -4.58221 -4.71077 -0.0733404 -0.247455 -0.815501 0.518021 0.158198 
8.28076 -4.53562 -4.62675 -0.0640493 -0.255511 -0.819255 0.509346 0.155527 
8.3589 -4.48902 -4.54273 -0.0547429 -0.263506 -0.822811 0.500549 0.152855 
8.43705 -4.44242 -4.4587 -0.0454233 -0.271438 -0.82617 0.491632 0.150183 
8.51519 -4.39583 -4.37468 -0.0360928 -0.279304 -0.82933 0.482596 0.147512 
8.59333 -4.34923 -4.29066 -0.0267536 -0.287103 -0.83229 0.473444 0.14484 
8.67148 -4.30263 -4.20664 -0.017408 -0.294833 -0.83505 0.464178 0.142169 
8.74962 -4.25604 -4.12262 -0.00805815 -0.302492 -0.83761 0.454801 0.139497 
8.82777 -4.20944 -4.03859 0.00129361 -0.310078 -0.839967 0.445314 0.136826 
8.90591 -4.16284 -3.95457 0.0106451 -0.31759 -0.842123 0.43572 0.134154 
8.98406 -4.11625 -3.87055 0.019994 -0.325025 -0.844076 0.426022 0.131482 
9.0622 -4.06965 -3.78653 0.029338 -0.332382 -0.845826 0.41622 0.128811 
9.14035 -4.02305 -3.70251 0.0386751 -0.339659 -0.847373 0.406319 0.126139 
9.21849 -3.97646 -3.61848 0.0480028 -0.346854 -0.848716 0.39632 0.123468 
9.29664 -3.92986 -3.53446 0.057319 -0.353966 -0.849854 0.386226 0.120796 
9.37478 -3.88326 -3.45044 0.0666213 -0.360993 -0.850788 0.376038 0.118124 
9.45293 -3.83667 -3.36642 0.0759077 -0.367933 -0.851518 0.36576 0.115453 
9.53107 -3.79007 -3.2824 0.0851758 -0.374784 -0.852043 0.355395 0.112781 
9.60922 -3.74347 -3.19837 0.0944234 -0.381546 -0.852362 0.344943 0.11011 
9.68736 -3.69688 -3.11435 0.103648 -0.388215 -0.852477 0.334409 0.107438 
9.76551 -3.65028 -3.03033 0.112848 -0.394791 -0.852386 0.323794 0.104766 
9.84365 -3.60368 -2.94631 0.122021 -0.401272 -0.852091 0.313102 0.102095 
9.9218 -3.55709 -2.86229 0.131165 -0.407657 -0.85159 0.302334 0.0994233 
10.0678 -3.42665 -2.79042 0.129793 -0.409569 -0.855962 0.28764 0.0962651 
10.2139 -3.29621 -2.71856 0.128391 -0.411382 -0.860127 0.272877 0.0931069 
10.3599 -3.16577 -2.64669 0.126957 -0.413096 -0.864086 0.258049 0.0899488 
10.5059 -3.03533 -2.57482 0.125493 -0.414712 -0.867836 0.243158 0.0867906 
10.6519 -2.90489 -2.50296 0.123999 -0.416227 -0.871378 0.228209 0.0836324 
10.798 -2.77445 -2.43109 0.122475 -0.417642 -0.874711 0.213205 0.0804742 
10.944 -2.64401 -2.35923 0.120922 -0.418957 -0.877832 0.19815 0.077316 
11.09 -2.51357 -2.28736 0.119339 -0.420171 -0.880743 0.183047 0.0741578 
11.2361 -2.38313 -2.21549 0.117728 -0.421283 -0.883442 0.167901 0.0709997 
11.3821 -2.25269 -2.14363 0.116088 -0.422295 -0.885928 0.152713 0.0678415 
11.5281 -2.12225 -2.07176 0.114421 -0.423205 -0.888202 0.137489 0.0646833 
11.6741 -1.99181 -1.9999 0.112726 -0.424013 -0.890261 0.122232 0.0615251 
11.8202 -1.86137 -1.92803 0.111004 -0.424719 -0.892107 0.106946 0.0583669 
11.9662 -1.73093 -1.85616 0.109255 -0.425323 -0.893738 0.0916335 0.0552087 
12.1122 -1.60049 -1.7843 0.10748 -0.425825 -0.895154 0.0762992 0.0520506 
12.2583 -1.47006 -1.71243 0.105679 -0.426224 -0.896354 0.0609466 0.0488924 
12.4043 -1.33962 -1.64057 0.103853 -0.426521 -0.897339 0.0455793 0.0457342 
12.5503 -1.20918 -1.5687 0.102001 -0.426715 -0.898108 0.0302011 0.042576 
12.6963 -1.07874 -1.49683 0.100126 -0.426806 -0.898661 0.0148156 0.0394178 
12.8424 -0.948297 -1.42497 0.0982255 -0.426795 -0.898998 -0.000573452 0.0362596 
12.9884 -0.817858 -1.3531 0.0963019 -0.426681 -0.899119 -0.0159624 0.0331015 
13.1344 -0.687419 -1.28124 0.0943552 -0.426464 -0.899023 -0.0313475 0.0299433 
13.2805 -0.556979 -1.20937 0.0923857 -0.426145 -0.898711 -0.046725 0.0267851 
13.4265 -0.42654 -1.13751 0.0903941 -0.425724 -0.898183 -0.0620913 0.0236269 
13.5725 -0.2961 -1.06564 0.0883806 -0.4252 -0.897439 -0.0774427 0.0204687 
13.7185 -0.165661 -0.993773 0.086346 -0.424573 -0.896479 -0.0927754 0.0173105 
13.8646 -0.0352216 -0.921907 0.0842905 -0.423845 -0.895303 -0.108086 0.0141524 
14.0106 0.0952179 -0.850041 0.0822148 -0.423015 -0.893912 -0.12337 0.0109942 
14.1566 0.225657 -0.778176 0.0801193 -0.422082 -0.892306 -0.138625 0.00783598 
14.3027 0.356097 -0.70631 0.0780045 -0.421049 -0.890486 -0.153846 0.0046778 

