0 0 0 0 0 0 1 4.67041e-310 
5.32348 0.0236592 -3.4035 -0.133189 -0.279823 -0.191498 0.931283 0.125883 
4.79551 -0.720081 -8.82619 0.352999 -0.0443438 -0.865068 0.35367 0.351973 
5.1742 -4.69833 -8.89354 0.0521669 -0.515652 -0.00977431 0.855153 0.389613 
5.50092 -4.73179 -8.69829 -0.0373848 0.560518 -0.00123617 -0.827297 0.385265 
10.5359 -5.2475 -5.6893 0.177184 0.962121 -0.150285 -0.142632 0.31826 
10.0159 -3.2241 -4.39343 0.750825 -0.016417 -0.577038 0.320967 0.496538 
14.2168 -2.61329 -5.82826 -0.546467 -0.297493 0.188371 -0.759861 0.201507 
14.1203 -0.677976 -0.167853 -0.31493 0.262444 0.310689 -0.857563 0.00362059 

