0 0 0 0 0 0 1 4.66061e-310 
0.146868 -0.0335743 -0.0562805 -0.0122934 -0.00862675 -0.00410863 0.999879 0.00300526 
0.293737 -0.0671485 -0.112561 -0.0245838 -0.0172514 -0.00821627 0.999515 0.00601053 
0.440605 -0.100723 -0.168841 -0.0368682 -0.0258719 -0.0123219 0.998909 0.00901579 
0.587474 -0.134297 -0.225122 -0.0491437 -0.0344861 -0.0164246 0.998061 0.0120211 
0.734342 -0.167871 -0.281402 -0.0614073 -0.0430919 -0.0205232 0.996971 0.0150263 
0.881211 -0.201446 -0.337683 -0.073656 -0.0516873 -0.0246169 0.995639 0.0180316 
1.02808 -0.23502 -0.393963 -0.0858869 -0.0602702 -0.0287047 0.994066 0.0210368 
1.17495 -0.268594 -0.450244 -0.0980969 -0.0688384 -0.0327854 0.992252 0.0240421 
1.32182 -0.302168 -0.506524 -0.110283 -0.07739 -0.0368583 0.990197 0.0270474 
1.46868 -0.335743 -0.562805 -0.122443 -0.0859228 -0.0409221 0.987902 0.0300526 
1.61555 -0.369317 -0.619085 -0.134572 -0.0944348 -0.0449761 0.985368 0.0330579 
1.76242 -0.402891 -0.675366 -0.14667 -0.102924 -0.0490192 0.982594 0.0360632 
1.90929 -0.436465 -0.731646 -0.158731 -0.111388 -0.0530503 0.979583 0.0390684 
2.05616 -0.47004 -0.787927 -0.170754 -0.119825 -0.0570687 0.976334 0.0420737 
2.20303 -0.503614 -0.844207 -0.182736 -0.128233 -0.0610731 0.972848 0.045079 
2.34989 -0.537188 -0.900488 -0.194674 -0.13661 -0.0650628 0.969127 0.0480842 
2.49676 -0.570762 -0.956768 -0.206564 -0.144954 -0.0690367 0.96517 0.0510895 
2.64363 -0.604337 -1.01305 -0.218404 -0.153263 -0.0729939 0.96098 0.0540947 
2.7905 -0.637911 -1.06933 -0.230191 -0.161534 -0.0769333 0.956556 0.0571 
2.93737 -0.671485 -1.12561 -0.241923 -0.169767 -0.0808541 0.951901 0.0601053 
3.08424 -0.705059 -1.18189 -0.253595 -0.177958 -0.0847553 0.947015 0.0631105 
3.23111 -0.738634 -1.23817 -0.265207 -0.186106 -0.088636 0.941899 0.0661158 
3.37797 -0.772208 -1.29445 -0.276754 -0.194209 -0.0924952 0.936555 0.0691211 
3.52484 -0.805782 -1.35073 -0.288234 -0.202265 -0.0963319 0.930984 0.0721263 
3.67171 -0.839357 -1.40701 -0.299644 -0.210272 -0.100145 0.925187 0.0751316 
3.81858 -0.872931 -1.46329 -0.310981 -0.218227 -0.103934 0.919166 0.0781369 
3.96545 -0.906505 -1.51957 -0.322243 -0.22613 -0.107698 0.912921 0.0811421 
4.11232 -0.940079 -1.57585 -0.333427 -0.233979 -0.111436 0.906456 0.0841474 
4.25918 -0.973654 -1.63213 -0.34453 -0.24177 -0.115147 0.899771 0.0871526 
4.40605 -1.00723 -1.68841 -0.355549 -0.249503 -0.11883 0.892868 0.0901579 
4.55292 -1.0408 -1.7447 -0.366482 -0.257175 -0.122484 0.885748 0.0931632 
4.69979 -1.07438 -1.80098 -0.377327 -0.264785 -0.126108 0.878413 0.0961684 
4.84666 -1.10795 -1.85726 -0.38808 -0.272331 -0.129702 0.870866 0.0991737 
4.99353 -1.14152 -1.91354 -0.398739 -0.279811 -0.133264 0.863107 0.102179 
5.14039 -1.1751 -1.96982 -0.409301 -0.287222 -0.136794 0.855139 0.105184 
5.28726 -1.20867 -2.0261 -0.419764 -0.294565 -0.140291 0.846964 0.108189 
5.43413 -1.24225 -2.08238 -0.430125 -0.301835 -0.143754 0.838584 0.111195 
5.581 -1.27582 -2.13866 -0.440382 -0.309033 -0.147182 0.83 0.1142 
5.55618 -1.35111 -2.18113 -0.437915 -0.321953 -0.139317 0.827749 0.113105 
5.53136 -1.4264 -2.22359 -0.435342 -0.334795 -0.131419 0.825299 0.11201 
5.50654 -1.5017 -2.26606 -0.432666 -0.347557 -0.123489 0.822651 0.110915 
5.48172 -1.57699 -2.30853 -0.429885 -0.360236 -0.11553 0.819806 0.10982 
5.45689 -1.65228 -2.351 -0.427002 -0.372828 -0.107543 0.816764 0.108725 
5.43207 -1.72757 -2.39346 -0.424016 -0.385331 -0.0995302 0.813526 0.10763 
5.40725 -1.80286 -2.43593 -0.420928 -0.397741 -0.0914935 0.810093 0.106535 
5.38243 -1.87815 -2.4784 -0.417739 -0.410056 -0.0834348 0.806465 0.10544 
5.35761 -1.95344 -2.52087 -0.41445 -0.422273 -0.075356 0.802644 0.104345 
5.33279 -2.02873 -2.56333 -0.411062 -0.434388 -0.0672593 0.798631 0.10325 
5.30797 -2.10403 -2.6058 -0.407575 -0.446399 -0.0591463 0.794426 0.102155 
5.28315 -2.17932 -2.64827 -0.40399 -0.458303 -0.0510192 0.79003 0.10106 
5.25832 -2.25461 -2.69074 -0.400308 -0.470097 -0.0428798 0.785445 0.099965 
5.2335 -2.3299 -2.73321 -0.39653 -0.481778 -0.0347302 0.780671 0.09887 
5.20868 -2.40519 -2.77567 -0.392657 -0.493344 -0.0265722 0.77571 0.097775 
5.18386 -2.48048 -2.81814 -0.38869 -0.504791 -0.0184079 0.770563 0.09668 
5.15904 -2.55577 -2.86061 -0.38463 -0.516117 -0.0102391 0.765231 0.095585 
5.13422 -2.63106 -2.90308 -0.380477 -0.527319 -0.00206786 0.759715 0.09449 
5.1094 -2.70636 -2.94554 -0.376233 -0.538395 0.00610387 0.754017 0.0933951 
5.08458 -2.78165 -2.98801 -0.371899 -0.549342 0.0142741 0.748139 0.0923001 
5.05975 -2.85694 -3.03048 -0.367475 -0.560156 0.022441 0.74208 0.0912051 
5.03493 -2.93223 -3.07295 -0.362964 -0.570837 0.0306024 0.735844 0.0901101 
5.01011 -3.00752 -3.11541 -0.358365 -0.58138 0.0387565 0.729431 0.0890151 
4.98529 -3.08281 -3.15788 -0.35368 -0.591784 0.0469013 0.722843 0.0879201 
4.96047 -3.1581 -3.20035 -0.34891 -0.602046 0.0550349 0.716082 0.0868251 
4.93565 -3.23339 -3.24282 -0.344057 -0.612163 0.0631553 0.709149 0.0857301 
4.91083 -3.30869 -3.28528 -0.339121 -0.622134 0.0712605 0.702045 0.0846351 
4.88601 -3.38398 -3.32775 -0.334104 -0.631955 0.0793486 0.694774 0.0835401 
4.86118 -3.45927 -3.37022 -0.329007 -0.641625 0.0874176 0.687335 0.0824451 
4.83636 -3.53456 -3.41269 -0.32383 -0.651141 0.0954657 0.679732 0.0813501 
4.81154 -3.60985 -3.45515 -0.318576 -0.660501 0.103491 0.671966 0.0802551 
4.78672 -3.68514 -3.49762 -0.313246 -0.669702 0.111491 0.664038 0.0791601 
4.7619 -3.76043 -3.54009 -0.30784 -0.678742 0.119465 0.655951 0.0780651 
4.73708 -3.83573 -3.58256 -0.302361 -0.68762 0.12741 0.647707 0.0769701 
4.71226 -3.91102 -3.62502 -0.296809 -0.696332 0.135324 0.639307 0.0758751 
4.68744 -3.98631 -3.66749 -0.291186 -0.704878 0.143206 0.630754 0.0747801 
4.66262 -4.0616 -3.70996 -0.285493 -0.713254 0.151054 0.622049 0.0736851 
4.63779 -4.13689 -3.75243 -0.279731 -0.721459 0.158865 0.613196 0.0725901 
4.61297 -4.21218 -3.79489 -0.273902 -0.729491 0.166638 0.604195 0.0714951 
4.58815 -4.28747 -3.83736 -0.268008 -0.737349 0.174371 0.595049 0.0704001 
4.56333 -4.36276 -3.87983 -0.262049 -0.745029 0.182063 0.58576 0.0693051 
4.53851 -4.43806 -3.9223 -0.256028 -0.75253 0.18971 0.576331 0.0682101 
4.51369 -4.51335 -3.96477 -0.249945 -0.759851 0.197313 0.566764 0.0671151 
4.48887 -4.58864 -4.00723 -0.243802 -0.76699 0.204867 0.557061 0.0660201 
4.46405 -4.66393 -4.0497 -0.2376 -0.773944 0.212373 0.547224 0.0649251 
4.43922 -4.73922 -4.09217 -0.231342 -0.780713 0.219828 0.537255 0.0638301 
4.4144 -4.81451 -4.13464 -0.225028 -0.787295 0.22723 0.527158 0.0627351 
4.38958 -4.8898 -4.1771 -0.21866 -0.793688 0.234577 0.516934 0.0616401 
4.36476 -4.96509 -4.21957 -0.21224 -0.79989 0.241868 0.506587 0.0605451 
4.33994 -5.04039 -4.26204 -0.205768 -0.8059 0.249102 0.496117 0.0594501 
4.31512 -5.11568 -4.30451 -0.199247 -0.811717 0.256275 0.485529 0.0583551 
4.2903 -5.19097 -4.34697 -0.192679 -0.81734 0.263387 0.474824 0.0572601 
4.26548 -5.26626 -4.38944 -0.186064 -0.822766 0.270436 0.464006 0.0561651 
4.24065 -5.34155 -4.43191 -0.179405 -0.827994 0.277419 0.453076 0.0550701 
4.21583 -5.41684 -4.47438 -0.172702 -0.833025 0.284337 0.442037 0.0539751 
4.19101 -5.49213 -4.51684 -0.165958 -0.837855 0.291186 0.430892 0.0528801 
4.16619 -5.56742 -4.55931 -0.159175 -0.842484 0.297965 0.419644 0.0517851 
4.14137 -5.64272 -4.60178 -0.152353 -0.846911 0.304673 0.408295 0.0506901 
4.11655 -5.71801 -4.64425 -0.145494 -0.851135 0.311307 0.396848 0.0495951 
4.09173 -5.7933 -4.68671 -0.138601 -0.855155 0.317867 0.385306 0.0485001 
4.06691 -5.86859 -4.72918 -0.131675 -0.858969 0.324351 0.373672 0.0474051 
4.04208 -5.94388 -4.77165 -0.124716 -0.862577 0.330757 0.361948 0.0463101 
4.01726 -6.01917 -4.81412 -0.117728 -0.865979 0.337083 0.350137 0.0452151 
3.99244 -6.09446 -4.85658 -0.110712 -0.869173 0.343329 0.338242 0.0441201 
4.07154 -6.13223 -4.89096 -0.118568 -0.863935 0.355538 0.336378 0.0443854 
4.15063 -6.16999 -4.92533 -0.126395 -0.858489 0.367662 0.334433 0.0446507 
4.22972 -6.20775 -4.9597 -0.134191 -0.852836 0.379696 0.332407 0.0449159 
4.30882 -6.24552 -4.99407 -0.141955 -0.846976 0.391639 0.330301 0.0451812 
4.38791 -6.28328 -5.02844 -0.149685 -0.840912 0.403487 0.328115 0.0454465 
4.467 -6.32104 -5.06281 -0.157379 -0.834644 0.415238 0.32585 0.0457117 
4.5461 -6.3588 -5.09718 -0.165034 -0.828175 0.426888 0.323506 0.045977 
4.62519 -6.39657 -5.13155 -0.17265 -0.821506 0.438436 0.321083 0.0462423 
4.70428 -6.43433 -5.16592 -0.180224 -0.814638 0.449877 0.318583 0.0465075 
4.78338 -6.47209 -5.2003 -0.187755 -0.807573 0.461209 0.316007 0.0467728 
4.86247 -6.50986 -5.23467 -0.19524 -0.800313 0.47243 0.313353 0.0470381 
4.94156 -6.54762 -5.26904 -0.202678 -0.792859 0.483537 0.310624 0.0473033 
5.02066 -6.58538 -5.30341 -0.210066 -0.785214 0.494527 0.30782 0.0475686 
5.09975 -6.62315 -5.33778 -0.217405 -0.77738 0.505398 0.304942 0.0478339 
5.17884 -6.66091 -5.37215 -0.22469 -0.769357 0.516146 0.30199 0.0480991 
5.25794 -6.69867 -5.40652 -0.231921 -0.761148 0.526769 0.298965 0.0483644 
5.33703 -6.73643 -5.44089 -0.239097 -0.752756 0.537266 0.295867 0.0486297 
5.41613 -6.7742 -5.47526 -0.246214 -0.744181 0.547632 0.292698 0.0488949 
5.49522 -6.81196 -5.50963 -0.253272 -0.735427 0.557866 0.289459 0.0491602 
5.57431 -6.84972 -5.54401 -0.260269 -0.726494 0.567965 0.286149 0.0494255 
5.65341 -6.88749 -5.57838 -0.267203 -0.717387 0.577927 0.28277 0.0496908 
5.7325 -6.92525 -5.61275 -0.274072 -0.708106 0.58775 0.279323 0.049956 
5.81159 -6.96301 -5.64712 -0.280875 -0.698653 0.59743 0.275809 0.0502213 
5.89069 -7.00078 -5.68149 -0.28761 -0.689032 0.606966 0.272228 0.0504866 
5.96978 -7.03854 -5.71586 -0.294275 -0.679245 0.616355 0.26858 0.0507518 
6.04887 -7.0763 -5.75023 -0.30087 -0.669293 0.625595 0.264869 0.0510171 
6.12797 -7.11406 -5.7846 -0.307392 -0.659179 0.634684 0.261093 0.0512824 
6.20706 -7.15183 -5.81897 -0.313839 -0.648906 0.64362 0.257253 0.0515476 
6.28615 -7.18959 -5.85334 -0.320211 -0.638477 0.6524 0.253352 0.0518129 
6.36525 -7.22735 -5.88772 -0.326505 -0.627893 0.661022 0.24939 0.0520782 
6.44434 -7.26512 -5.92209 -0.33272 -0.617157 0.669485 0.245367 0.0523434 
6.52343 -7.30288 -5.95646 -0.338855 -0.606272 0.677785 0.241285 0.0526087 
6.60253 -7.34064 -5.99083 -0.344908 -0.59524 0.685922 0.237145 0.052874 
6.68162 -7.37841 -6.0252 -0.350878 -0.584065 0.693894 0.232947 0.0531392 
6.76071 -7.41617 -6.05957 -0.356763 -0.572749 0.701697 0.228693 0.0534045 
6.83981 -7.45393 -6.09394 -0.362561 -0.561294 0.709331 0.224384 0.0536698 
6.9189 -7.4917 -6.12831 -0.368272 -0.549703 0.716794 0.22002 0.053935 
6.998 -7.52946 -6.16268 -0.373894 -0.53798 0.724083 0.215604 0.0542003 
7.07709 -7.56722 -6.19705 -0.379426 -0.526126 0.731197 0.211135 0.0544656 
7.15618 -7.60498 -6.23143 -0.384866 -0.514146 0.738135 0.206615 0.0547308 
7.23528 -7.64275 -6.2658 -0.390213 -0.502041 0.744894 0.202045 0.0549961 
7.31437 -7.68051 -6.30017 -0.395465 -0.489815 0.751473 0.197427 0.0552614 
7.39346 -7.71827 -6.33454 -0.400622 -0.47747 0.75787 0.19276 0.0555266 
7.47256 -7.75604 -6.36891 -0.405683 -0.46501 0.764085 0.188048 0.0557919 
7.55165 -7.7938 -6.40328 -0.410645 -0.452438 0.770114 0.183289 0.0560572 
7.63074 -7.83156 -6.43765 -0.415508 -0.439756 0.775958 0.178487 0.0563225 
7.70984 -7.86933 -6.47202 -0.42027 -0.426968 0.781614 0.173641 0.0565877 
7.78893 -7.90709 -6.50639 -0.424931 -0.414077 0.787081 0.168753 0.056853 
7.86802 -7.94485 -6.54077 -0.429489 -0.401086 0.792358 0.163825 0.0571183 
7.94712 -7.98261 -6.57514 -0.433944 -0.387998 0.797443 0.158857 0.0573835 
8.02621 -8.02038 -6.60951 -0.438293 -0.374816 0.802336 0.15385 0.0576488 
8.1053 -8.05814 -6.64388 -0.442537 -0.361543 0.807034 0.148806 0.0579141 
8.1844 -8.0959 -6.67825 -0.446673 -0.348183 0.811538 0.143727 0.0581793 
8.26349 -8.13367 -6.71262 -0.450702 -0.334739 0.815846 0.138612 0.0584446 
8.34258 -8.17143 -6.74699 -0.454622 -0.321214 0.819956 0.133465 0.0587099 
8.42168 -8.20919 -6.78136 -0.458432 -0.307611 0.823868 0.128285 0.0589751 
8.50077 -8.24696 -6.81573 -0.462131 -0.293935 0.827581 0.123073 0.0592404 
8.57986 -8.28472 -6.8501 -0.465718 -0.280187 0.831094 0.117833 0.0595057 
8.65896 -8.32248 -6.88448 -0.469193 -0.266371 0.834406 0.112563 0.0597709 
8.73805 -8.36024 -6.91885 -0.472555 -0.252491 0.837517 0.107267 0.0600362 
8.81715 -8.39801 -6.95322 -0.475802 -0.23855 0.840425 0.101944 0.0603015 
8.89624 -8.43577 -6.98759 -0.478934 -0.224551 0.84313 0.096597 0.0605667 
8.91513 -8.36191 -6.95113 -0.488071 -0.231509 0.835164 0.103395 0.0624368 
8.93402 -8.28804 -6.91466 -0.497091 -0.238411 0.826997 0.110168 0.0643068 
8.95292 -8.21417 -6.8782 -0.50599 -0.245256 0.81863 0.116914 0.0661768 
8.97181 -8.14031 -6.84174 -0.514767 -0.252041 0.810065 0.123632 0.0680468 
8.9907 -8.06644 -6.80528 -0.52342 -0.258765 0.801305 0.130321 0.0699168 
9.00959 -7.99258 -6.76881 -0.531946 -0.265427 0.79235 0.136977 0.0717868 
9.02848 -7.91871 -6.73235 -0.540344 -0.272025 0.783205 0.143601 0.0736568 
9.04738 -7.84485 -6.69589 -0.548611 -0.278557 0.77387 0.15019 0.0755268 
9.06627 -7.77098 -6.65943 -0.556745 -0.285022 0.764349 0.156743 0.0773969 
9.08516 -7.69712 -6.62296 -0.564746 -0.291418 0.754642 0.163257 0.0792669 
9.10405 -7.62325 -6.5865 -0.572609 -0.297743 0.744754 0.169733 0.0811369 
9.12295 -7.54939 -6.55004 -0.580335 -0.303997 0.734685 0.176167 0.0830069 
9.14184 -7.47552 -6.51358 -0.58792 -0.310177 0.724439 0.182559 0.0848769 
9.16073 -7.40166 -6.47712 -0.595363 -0.316282 0.714018 0.188907 0.0867469 
9.17962 -7.32779 -6.44065 0.602663 0.322311 -0.703425 -0.195209 0.0886169 
9.19848 -7.25405 -6.40425 0.609804 0.328252 -0.69268 -0.201453 0.0904837 
9.21734 -7.18031 -6.36785 0.616799 0.334114 -0.681769 -0.207649 0.0923505 
9.2362 -7.10658 -6.33145 0.623646 0.339895 -0.670693 -0.213795 0.0942173 
9.25506 -7.03284 -6.29505 0.630342 0.345595 -0.659456 -0.219889 0.0960841 
9.27392 -6.9591 -6.25866 0.636886 0.351211 -0.64806 -0.22593 0.0979509 
9.29278 -6.88536 -6.22226 0.643278 0.356743 -0.636509 -0.231917 0.0998177 
9.31164 -6.81162 -6.18586 0.649514 0.362189 -0.624804 -0.237848 0.101685 
9.3305 -6.73789 -6.14946 0.655594 0.367547 -0.612948 -0.243722 0.103551 
9.34936 -6.66415 -6.11306 0.661516 0.372818 -0.600945 -0.249537 0.105418 
9.36822 -6.59041 -6.07666 0.667279 0.377998 -0.588797 -0.255292 0.107285 
9.38708 -6.51667 -6.04026 0.672881 0.383087 -0.576508 -0.260986 0.109152 
9.40594 -6.44293 -6.00386 0.678321 0.388085 -0.56408 -0.266617 0.111018 
9.4248 -6.36919 -5.96746 0.683598 0.392989 -0.551516 -0.272183 0.112885 
9.44366 -6.29546 -5.93106 0.688711 0.397798 -0.538819 -0.277685 0.114752 
9.46252 -6.22172 -5.89466 0.693657 0.402511 -0.525993 -0.283119 0.116619 
9.48138 -6.14798 -5.85826 0.698437 0.407128 -0.513039 -0.288485 0.118486 
9.50024 -6.07424 -5.82186 0.703048 0.411646 -0.499963 -0.293782 0.120352 
9.5191 -6.0005 -5.78546 0.70749 0.416066 -0.486766 -0.299008 0.122219 
9.53796 -5.92676 -5.74906 0.711762 0.420385 -0.473452 -0.304162 0.124086 
9.55682 -5.85303 -5.71266 0.715863 0.424603 -0.460024 -0.309242 0.125953 
9.57568 -5.77929 -5.67626 0.719791 0.428719 -0.446485 -0.314249 0.12782 
9.59454 -5.70555 -5.63986 0.723546 0.432732 -0.432838 -0.319179 0.129686 
9.6134 -5.63181 -5.60346 0.727127 0.43664 -0.419088 -0.324033 0.131553 
9.63226 -5.55807 -5.56706 0.730532 0.440444 -0.405236 -0.328809 0.13342 
9.65112 -5.48434 -5.53066 0.733762 0.444141 -0.391287 -0.333505 0.135287 
9.66997 -5.4106 -5.49426 0.736815 0.447731 -0.377244 -0.338122 0.137154 
9.68883 -5.33686 -5.45786 0.739691 0.451214 -0.36311 -0.342657 0.13902 
9.70769 -5.26312 -5.42146 0.742389 0.454588 -0.348889 -0.347109 0.140887 
9.72655 -5.18938 -5.38506 0.744908 0.457853 -0.334583 -0.351478 0.142754 
9.74541 -5.11564 -5.34867 0.747248 0.461007 -0.320197 -0.355762 0.144621 
9.76427 -5.04191 -5.31227 0.749408 0.46405 -0.305734 -0.359961 0.146488 
9.78313 -4.96817 -5.27587 0.751387 0.466982 -0.291198 -0.364073 0.148354 
9.80199 -4.89443 -5.23947 0.753186 0.469801 -0.276591 -0.368097 0.150221 
9.82085 -4.82069 -5.20307 0.754803 0.472507 -0.261918 -0.372033 0.152088 
9.83971 -4.74695 -5.16667 0.756238 0.4751 -0.247181 -0.375879 0.153955 
9.85857 -4.67322 -5.13027 0.757492 0.477578 -0.232385 -0.379635 0.155822 
9.87743 -4.59948 -5.09387 0.758563 0.479941 -0.217534 -0.383299 0.157688 
9.89629 -4.52574 -5.05747 0.759451 0.482188 -0.202629 -0.386871 0.159555 
9.91515 -4.452 -5.02107 0.760157 0.48432 -0.187676 -0.39035 0.161422 
9.93401 -4.37826 -4.98467 0.76068 0.486335 -0.172678 -0.393735 0.163289 
9.95287 -4.30452 -4.94827 0.761019 0.488233 -0.157639 -0.397025 0.165156 
9.97173 -4.23079 -4.91187 0.761175 0.490013 -0.142561 -0.40022 0.167022 
9.99059 -4.15705 -4.87547 0.761149 0.491675 -0.127449 -0.403318 0.168889 
10.0094 -4.08331 -4.83907 0.760938 0.493219 -0.112306 -0.406319 0.170756 
10.0283 -4.00957 -4.80267 0.760545 0.494644 -0.0971365 -0.409222 0.172623 
10.0472 -3.93583 -4.76627 0.759969 0.49595 -0.0819434 -0.412027 0.17449 
10.066 -3.86209 -4.72987 0.759209 0.497137 -0.0667306 -0.414733 0.176356 
10.0849 -3.78836 -4.69347 0.758267 0.498204 -0.0515017 -0.417338 0.178223 
10.1037 -3.71462 -4.65707 0.757142 0.499151 -0.0362604 -0.419844 0.18009 
10.1226 -3.64088 -4.62067 0.755835 0.499978 -0.0210104 -0.422248 0.181957 
10.1415 -3.56714 -4.58427 0.754347 0.500685 -0.0057553 -0.42455 0.183823 
10.1603 -3.4934 -4.54787 0.752676 0.501271 0.00950115 -0.426751 0.18569 
10.1792 -3.41967 -4.51147 0.750824 0.501736 0.0247553 -0.428848 0.187557 
10.198 -3.34593 -4.47507 0.748792 0.502081 0.0400035 -0.430843 0.189424 
10.2169 -3.27219 -4.43867 0.746579 0.502304 0.0552421 -0.432733 0.191291 
10.2358 -3.19845 -4.40228 0.744187 0.502407 0.0704674 -0.43452 0.193157 
10.2546 -3.12471 -4.36588 0.741615 0.502389 0.0856757 -0.436202 0.195024 
10.2735 -3.05097 -4.32948 0.738865 0.50225 0.100863 -0.437779 0.196891 
10.2923 -2.97724 -4.29308 0.735937 0.50199 0.116027 -0.43925 0.198758 
10.3112 -2.9035 -4.25668 0.732832 0.501609 0.131162 -0.440616 0.200625 
10.3301 -2.82976 -4.22028 0.72955 0.501107 0.146266 -0.441876 0.202491 
10.3489 -2.75602 -4.18388 0.726093 0.500485 0.161335 -0.443029 0.204358 
10.3678 -2.68228 -4.14748 0.722461 0.499742 0.176365 -0.444076 0.206225 
10.3866 -2.60855 -4.11108 0.718655 0.498879 0.191352 -0.445015 0.208092 
10.4055 -2.53481 -4.07468 0.714676 0.497896 0.206293 -0.445848 0.209959 
10.4244 -2.46107 -4.03828 0.710525 0.496793 0.221185 -0.446573 0.211825 
10.4432 -2.38733 -4.00188 0.706203 0.495571 0.236024 -0.447191 0.213692 
10.5306 -2.30952 -3.8952 0.707522 0.495869 0.236322 -0.44461 0.208703 
10.6181 -2.23172 -3.78852 0.708835 0.496164 0.236618 -0.442026 0.203714 
10.7055 -2.15391 -3.68184 0.710141 0.496454 0.236913 -0.439437 0.198725 
10.7929 -2.0761 -3.57516 0.711442 0.49674 0.237205 -0.436845 0.193736 
10.8803 -1.9983 -3.46848 0.712737 0.497021 0.237495 -0.434249 0.188747 
10.9678 -1.92049 -3.3618 0.714025 0.497299 0.237784 -0.43165 0.183758 
11.0552 -1.84268 -3.25512 0.715307 0.497572 0.23807 -0.429046 0.178769 
11.1426 -1.76487 -3.14844 0.716583 0.497841 0.238354 -0.426439 0.17378 
11.23 -1.68707 -3.04176 0.717853 0.498105 0.238636 -0.423829 0.168791 
11.3174 -1.60926 -2.93508 0.719117 0.498365 0.238916 -0.421214 0.163802 
11.4049 -1.53145 -2.8284 0.720375 0.498621 0.239195 -0.418596 0.158813 
11.4923 -1.45365 -2.72172 0.721626 0.498873 0.239471 -0.415975 0.153824 
11.5797 -1.37584 -2.61504 0.722871 0.499121 0.239744 -0.41335 0.148835 
11.6671 -1.29803 -2.50836 0.724111 0.499364 0.240016 -0.410721 0.143846 
11.7545 -1.22022 -2.40168 0.725343 0.499603 0.240286 -0.408089 0.138857 
11.842 -1.14242 -2.295 0.72657 0.499837 0.240554 -0.405453 0.133869 
11.9294 -1.06461 -2.18832 0.72779 0.500068 0.24082 -0.402814 0.12888 
12.0168 -0.986803 -2.08164 0.729005 0.500294 0.241083 -0.400172 0.123891 
12.1042 -0.908996 -1.97496 0.730213 0.500515 0.241345 -0.397526 0.118902 
12.1917 -0.831189 -1.86828 0.731414 0.500733 0.241604 -0.394876 0.113913 
12.2791 -0.753382 -1.76161 0.73261 0.500946 0.241862 -0.392223 0.108924 
12.3665 -0.675575 -1.65493 0.733799 0.501155 0.242117 -0.389567 0.103935 
12.4539 -0.597768 -1.54825 0.734981 0.501359 0.242371 -0.386908 0.0989456 
12.5413 -0.51996 -1.44157 0.736158 0.50156 0.242622 -0.384245 0.0939566 
12.6288 -0.442153 -1.33489 0.737328 0.501755 0.242871 -0.381579 0.0889677 
12.7162 -0.364346 -1.22821 0.738492 0.501947 0.243118 -0.378909 0.0839787 
12.8036 -0.286539 -1.12153 0.73965 0.502134 0.243363 -0.376237 0.0789897 
12.891 -0.208732 -1.01485 0.740801 0.502317 0.243606 -0.373561 0.0740007 
12.9785 -0.130925 -0.908167 0.741946 0.502496 0.243846 -0.370882 0.0690117 
13.0659 -0.0531179 -0.801488 0.743084 0.502671 0.244085 -0.3682 0.0640227 
13.1533 0.0246892 -0.694808 0.744216 0.502841 0.244322 -0.365514 0.0590338 
13.2407 0.102496 -0.588128 0.745342 0.503006 0.244556 -0.362826 0.0540448 
13.3281 0.180303 -0.481448 0.746461 0.503168 0.244789 -0.360134 0.0490558 
13.4156 0.25811 -0.374769 0.747574 0.503325 0.245019 -0.357439 0.0440668 
13.503 0.335918 -0.268089 0.74868 0.503478 0.245247 -0.354741 0.0390778 
13.5904 0.413725 -0.161409 0.74978 0.503626 0.245473 -0.35204 0.0340889 
13.6778 0.491532 -0.0547295 0.750874 0.503771 0.245697 -0.349337 0.0290999 
13.7652 0.569339 0.0519503 0.751961 0.503911 0.245919 -0.34663 0.0241109 
13.8527 0.647146 0.15863 0.753042 0.504046 0.246139 -0.34392 0.0191219 
13.9401 0.724953 0.26531 0.754116 0.504177 0.246357 -0.341207 0.0141329 
14.0275 0.80276 0.371989 0.755184 0.504304 0.246572 -0.338491 0.00914394 

