0 0 0 0 0 0 1 4.65798e-310 
0.367238 -0.0903868 1.59349 0.181193 -0.187183 0.716711 0.646883 0.0912653 
1.42678 0.472613 2.14175 0.189739 -0.260844 0.742366 -0.587241 0.0928886 
2.551 -0.311799 1.59662 0.372805 -0.39503 -0.794594 0.271271 0.156021 
3.71569 -0.171685 1.04049 0.114154 0.840146 0.500504 0.174982 0.267825 
4.08071 -1.06165 0.668814 0.117455 -0.832855 0.291105 -0.455866 0.363278 
3.48137 0.303889 2.14753 -0.344156 -0.23619 0.0545334 -0.907082 0.31511 
4.66075 1.8627 0.544968 -0.725703 -0.489914 0.0980233 -0.473002 0.302438 
3.34068 1.63706 2.0473 0.0857405 0.373077 0.788684 0.481082 0.174702 
3.30046 1.87589 1.05802 -0.412612 -0.130242 -0.80934 -0.397187 0.141963 
4.11121 2.80224 0.495606 -0.210762 -0.0854648 0.184774 0.956104 0.233661 
4.10529 4.39342 0.22141 0.108812 -0.285127 -0.615307 0.726815 0.026138 
3.12111 3.33012 0.504064 0.72477 0.541669 0.417678 -0.0827513 0.475583 
2.07655 2.7155 -0.975838 0.0363923 -0.261439 -0.931453 0.250439 0.00586315 
1.37745 2.07179 -0.866606 -0.69645 -0.668909 -0.248855 -0.0747648 0.447647 
5.77762 1.66793 -0.492332 -0.49265 -0.76375 -0.355657 -0.217922 0.293801 
5.22352 2.45872 -1.60787 0.206914 -0.494561 -0.83049 0.151268 0.124797 
4.0766 3.39829 -0.030815 0.500799 0.713727 -0.123697 -0.473806 0.0178328 
4.60657 4.88854 0.592888 0.345019 -0.138956 0.895358 -0.244922 0.214929 
3.56791 5.96272 -0.656306 0.583786 0.653575 -0.149657 -0.457861 0.368018 
2.71636 5.199 -1.86227 0.228156 -0.484446 -0.839413 0.0929717 0.0331603 
1.48933 6.1323 -3.12313 0.0562847 0.476048 0.821031 0.31003 0.118056 
1.62774 6.30586 -2.34845 -0.506396 0.76221 -0.403236 -0.000208763 0.078002 
2.02186 7.98076 -1.86365 -0.509584 0.25339 0.82221 -0.00939418 0.0199126 
2.1209 9.57214 -0.362172 0.0912771 0.0454944 -0.830688 0.547317 0.396536 
3.51059 9.04631 1.05855 0.420257 -0.0967915 -0.329114 -0.840059 0.12406 
3.79031 9.86178 0.950757 0.626479 0.0416135 0.755771 -0.186016 0.435833 
3.08411 8.99872 1.55072 0.502894 -0.245497 -0.70144 0.441373 0.39492 
3.16574 9.62851 -0.14794 0.598778 0.671088 0.2032 -0.38706 0.0238333 
2.70739 8.36951 -0.451952 -0.485105 -0.331207 -0.608756 -0.533284 0.11157 
3.5423 7.88586 -1.74298 -0.29221 -0.865577 -0.355798 -0.196971 0.49616 
3.53567 8.47651 -3.30131 -0.399134 0.713674 -0.187815 -0.544138 0.0112545 
4.00987 6.90417 -4.79521 0.205316 -0.416313 -0.834878 -0.295816 0.205735 
4.25511 5.91423 -3.67667 -0.76586 -0.547588 -0.127971 0.311816 0.226439 
5.56836 6.13247 -4.70721 0.539187 0.000523188 0.832989 0.12412 0.392053 
5.26962 4.49904 -3.32721 0.47088 0.0422615 0.743371 0.473165 0.444728 
4.46722 3.58371 -3.64794 -0.422102 0.604381 -0.667231 0.106566 0.164299 
2.97274 5.17999 -2.41666 0.948158 -0.0387775 0.27811 0.148822 0.338514 
1.96982 4.41725 -2.56133 0.31273 0.118045 0.939881 0.0699258 0.189139 
2.13944 2.7548 -2.13175 -0.10027 0.867278 -0.472085 0.122111 0.336426 
2.55273 1.5835 -3.30609 0.289836 0.680452 0.0833193 -0.667861 0.202401 
1.79675 0.383678 -4.68387 0.90802 0.172495 0.381737 -0.00480869 0.127333 
5.96138 -0.0537459 -3.22161 0.698484 0.404835 0.489019 -0.330286 0.0885352 
4.46877 0.580613 -4.17331 -0.0801319 -0.834029 -0.143103 0.526779 0.225945 
3.146 0.520635 -4.57469 0.119043 0.361804 -0.1345 -0.914788 0.312067 
1.92325 -0.469144 -5.08071 0.790995 -0.123492 0.541121 0.257419 0.134422 
0.446021 0.199141 -4.78805 -0.159153 0.618847 -0.0181473 -0.769005 0.227744 
1.32648 -1.28825 -6.34582 -0.582558 -0.79925 -0.000978385 -0.147731 0.349428 
0.242948 -2.86346 -7.36886 0.463194 -0.654416 0.572191 -0.172592 0.0572697 
0.742289 -3.0213 -6.07991 0.723594 0.579599 0.102953 -0.360384 0.16346 
1.57032 -2.92448 -6.44555 0.789928 0.196367 0.560467 0.152744 0.49605 
2.66738 -1.6775 -4.79235 0.395804 -0.268921 0.788484 -0.386412 0.356817 
3.81792 -2.50059 -5.84641 0.327433 0.752597 -0.510174 -0.257116 0.263286 
4.73395 -4.18495 -5.71694 -0.898864 -0.138971 0.394338 -0.131252 0.478982 
5.37462 -4.08656 -4.99189 -0.445733 0.777261 -0.389274 0.213664 0.45821 
6.79208 -5.24695 -4.75424 0.684893 0.0652389 0.316442 -0.653093 0.00786674 
14.0624 -0.652449 -0.166316 -0.708676 -0.232563 0.360719 -0.559977 0.00793743 

