0 0 0 0 0 0 1 4.64258e-310 
0.221384 0.164319 0.146167 0.00922635 0.000935315 0.000322379 0.999957 0.00330091 
0.442769 0.328639 0.292334 0.0184519 0.00187055 0.00064473 0.999828 0.00660181 
0.664153 0.492958 0.4385 0.0276759 0.00280562 0.000967026 0.999613 0.00990272 
0.885537 0.657278 0.584667 0.0368974 0.00374046 0.00128924 0.999311 0.0132036 
1.10692 0.821597 0.730834 0.0461158 0.00467497 0.00161134 0.998924 0.0165045 
1.32831 0.985917 0.877001 0.0553303 0.00560907 0.0019333 0.99845 0.0198054 
1.54969 1.15024 1.02317 0.0645399 0.0065427 0.0022551 0.997891 0.0231063 
1.77107 1.31456 1.16933 0.0737441 0.00747576 0.0025767 0.997246 0.0264073 
1.99246 1.47888 1.3155 0.0829418 0.00840818 0.00289808 0.996515 0.0297082 
2.21384 1.64319 1.46167 0.0921324 0.00933987 0.00321921 0.995698 0.0330091 
2.43523 1.80751 1.60783 0.101315 0.0102708 0.00354007 0.994795 0.03631 
2.65661 1.97183 1.754 0.110489 0.0112008 0.00386061 0.993807 0.0396109 
2.878 2.13615 1.90017 0.119654 0.0121298 0.00418083 0.992733 0.0429118 
3.09938 2.30047 2.04634 0.128808 0.0130578 0.00450069 0.991573 0.0462127 
3.32076 2.46479 2.1925 0.137951 0.0139847 0.00482016 0.990329 0.0495136 
3.54215 2.62911 2.33867 0.147082 0.0149103 0.00513921 0.988999 0.0528145 
3.76353 2.79343 2.48484 0.1562 0.0158347 0.00545782 0.987583 0.0561154 
3.98492 2.95775 2.631 0.165305 0.0167577 0.00577596 0.986083 0.0594163 
4.2063 3.12207 2.77717 0.174396 0.0176793 0.0060936 0.984498 0.0627172 
4.42769 3.28639 2.92334 0.183472 0.0185994 0.00641072 0.982828 0.0660181 
4.64907 3.45071 3.0695 0.192532 0.0195178 0.00672729 0.981073 0.069319 
4.65985 3.44745 3.09172 0.200595 0.0199781 0.0199126 0.979268 0.0697072 
4.67063 3.44419 3.11393 0.208609 0.0204336 0.0330931 0.977225 0.0700953 
4.68141 3.44093 3.13614 0.216573 0.0208841 0.0462656 0.974946 0.0704834 
4.69218 3.43767 3.15836 0.224484 0.0213296 0.0594269 0.97243 0.0708716 
4.70296 3.43441 3.18057 0.232341 0.0217699 0.0725738 0.969679 0.0712597 
4.71374 3.43115 3.20278 0.240141 0.0222049 0.0857031 0.966692 0.0716478 
4.72452 3.4279 3.225 0.247884 0.0226345 0.0988116 0.963472 0.072036 
4.7353 3.42464 3.24721 0.255566 0.0230587 0.111896 0.960018 0.0724241 
4.74608 3.42138 3.26942 0.263186 0.0234773 0.124954 0.956331 0.0728122 
4.75686 3.41812 3.29164 0.270743 0.0238901 0.137981 0.952412 0.0732004 
4.76763 3.41486 3.31385 0.278234 0.0242972 0.150975 0.948263 0.0735885 
4.77841 3.4116 3.33606 0.285657 0.0246984 0.163932 0.943884 0.0739766 
4.78919 3.40834 3.35828 0.293011 0.0250936 0.176849 0.939276 0.0743647 
4.79997 3.40508 3.38049 0.300294 0.0254828 0.189724 0.93444 0.0747529 
4.81075 3.40182 3.4027 0.307505 0.0258657 0.202552 0.929378 0.075141 
4.82153 3.39856 3.42492 0.314641 0.0262424 0.215332 0.924091 0.0755291 
4.83231 3.3953 3.44713 0.321701 0.0266127 0.228059 0.91858 0.0759173 
4.84308 3.39205 3.46934 0.328682 0.0269766 0.240731 0.912846 0.0763054 
4.85386 3.38879 3.49156 0.335584 0.0273339 0.253345 0.906892 0.0766935 
4.86464 3.38553 3.51377 0.342405 0.0276847 0.265897 0.900717 0.0770817 
4.87542 3.38227 3.53598 0.349143 0.0280287 0.278385 0.894324 0.0774698 
4.8862 3.37901 3.5582 0.355796 0.0283659 0.290806 0.887714 0.0778579 
4.89698 3.37575 3.58041 0.362363 0.0286962 0.303156 0.880889 0.0782461 
4.90776 3.37249 3.60262 0.368842 0.0290196 0.315432 0.873851 0.0786342 
4.91853 3.36923 3.62484 0.375232 0.029336 0.327632 0.866601 0.0790223 
4.92931 3.36597 3.64705 0.381531 0.0296452 0.339753 0.859141 0.0794105 
4.94009 3.36271 3.66926 0.387737 0.0299473 0.351791 0.851473 0.0797986 
4.95087 3.35945 3.69148 0.39385 0.0302421 0.363744 0.843598 0.0801867 
4.96165 3.3562 3.71369 0.399867 0.0305296 0.375609 0.835519 0.0805748 
4.97243 3.35294 3.7359 0.405787 0.0308096 0.387383 0.827238 0.080963 
4.98321 3.34968 3.75812 0.411608 0.0310823 0.399063 0.818756 0.0813511 
4.99399 3.34642 3.78033 0.41733 0.0313473 0.410647 0.810075 0.0817392 
5.00476 3.34316 3.80254 0.422951 0.0316048 0.42213 0.801199 0.0821274 
5.01554 3.3399 3.82476 0.42847 0.0318546 0.433512 0.792128 0.0825155 
5.02632 3.33664 3.84697 0.433884 0.0320967 0.444788 0.782865 0.0829036 
5.0371 3.33338 3.86919 0.439194 0.0323311 0.455957 0.773413 0.0832918 
5.04788 3.33012 3.8914 0.444397 0.0325576 0.467015 0.763773 0.0836799 
5.05866 3.32686 3.91361 0.449492 0.0327762 0.47796 0.753948 0.084068 
5.06944 3.32361 3.93583 0.454478 0.0329868 0.488789 0.74394 0.0844562 
5.08021 3.32035 3.95804 0.459354 0.0331895 0.4995 0.733752 0.0848443 
5.09099 3.31709 3.98025 0.464119 0.0333841 0.51009 0.723386 0.0852324 
5.10177 3.31383 4.00247 0.468772 0.0335706 0.520556 0.712845 0.0856206 
5.11255 3.31057 4.02468 0.47331 0.033749 0.530896 0.702131 0.0860087 
5.12333 3.30731 4.04689 0.477735 0.0339193 0.541107 0.691247 0.0863968 
5.13411 3.30405 4.06911 0.482043 0.0340813 0.551187 0.680195 0.0867849 
5.14489 3.30079 4.09132 0.486234 0.034235 0.561134 0.668979 0.0871731 
5.15566 3.29753 4.11353 0.490308 0.0343804 0.570944 0.657601 0.0875612 
5.16644 3.29427 4.13575 0.494263 0.0345175 0.580617 0.646063 0.0879493 
5.17722 3.29101 4.15796 0.498098 0.0346463 0.590148 0.634368 0.0883375 
5.188 3.28776 4.18017 0.501812 0.0347666 0.599537 0.62252 0.0887256 
5.19878 3.2845 4.20239 0.505405 0.0348786 0.60878 0.610521 0.0891137 
5.20956 3.28124 4.2246 0.508876 0.034982 0.617876 0.598374 0.0895019 
5.22034 3.27798 4.24681 0.512223 0.035077 0.626822 0.586082 0.08989 
5.23111 3.27472 4.26903 0.515445 0.0351635 0.635616 0.573648 0.0902781 
5.24189 3.27146 4.29124 0.518543 0.0352415 0.644256 0.561075 0.0906663 
5.25267 3.2682 4.31345 0.521516 0.0353109 0.65274 0.548366 0.0910544 
5.26345 3.26494 4.33567 0.524362 0.0353718 0.661065 0.535525 0.0914425 
5.27423 3.26168 4.35788 0.52708 0.0354241 0.669231 0.522553 0.0918307 
5.28501 3.25842 4.38009 0.529671 0.0354678 0.677234 0.509455 0.0922188 
5.29579 3.25516 4.40231 0.532134 0.035503 0.685073 0.496233 0.0926069 
5.30656 3.25191 4.42452 0.534468 0.0355295 0.692747 0.482891 0.092995 
5.31734 3.24865 4.44673 0.536672 0.0355474 0.700252 0.469432 0.0933832 
5.32812 3.24539 4.46895 0.538747 0.0355567 0.707588 0.455859 0.0937713 
5.3389 3.24213 4.49116 0.54069 0.0355574 0.714752 0.442176 0.0941594 
5.34968 3.23887 4.51337 0.542503 0.0355494 0.721743 0.428386 0.0945476 
5.36046 3.23561 4.53559 0.544184 0.0355329 0.728559 0.414491 0.0949357 
5.37124 3.23235 4.5578 0.545733 0.0355077 0.735198 0.400497 0.0953238 
5.38201 3.22909 4.58001 0.54715 0.035474 0.74166 0.386405 0.095712 
5.39279 3.22583 4.60223 0.548435 0.0354316 0.747941 0.37222 0.0961001 
5.40357 3.22257 4.62444 0.549586 0.0353807 0.754042 0.357944 0.0964882 
5.41435 3.21931 4.64665 0.550605 0.0353211 0.759959 0.343582 0.0968764 
5.42513 3.21606 4.66887 0.55149 0.0352531 0.765693 0.329136 0.0972645 
5.43591 3.2128 4.69108 0.552241 0.0351764 0.771241 0.314611 0.0976526 
5.44669 3.20954 4.71329 0.552858 0.0350913 0.776602 0.30001 0.0980408 
5.45747 3.20628 4.73551 0.553342 0.0349976 0.781775 0.285335 0.0984289 
5.46824 3.20302 4.75772 0.553691 0.0348955 0.786758 0.270592 0.098817 
5.47902 3.19976 4.77993 0.553907 0.0347849 0.791551 0.255783 0.0992051 
5.4898 3.1965 4.80215 0.553988 0.0346659 0.796152 0.240912 0.0995933 
5.50058 3.19324 4.82436 0.553934 0.0345385 0.80056 0.225983 0.0999814 
5.51136 3.18998 4.84657 0.553747 0.0344027 0.804774 0.210999 0.10037 
5.52214 3.18672 4.86879 0.553425 0.0342585 0.808792 0.195964 0.100758 
5.53292 3.18346 4.891 0.552969 0.0341061 0.812615 0.180881 0.101146 
5.54369 3.18021 4.91321 0.55238 0.0339454 0.816241 0.165754 0.101534 
5.55447 3.17695 4.93543 0.551656 0.0337765 0.81967 0.150588 0.101922 
5.56525 3.17369 4.95764 0.550799 0.0335994 0.822899 0.135384 0.10231 
5.57603 3.17043 4.97985 0.549808 0.0334141 0.825929 0.120148 0.102698 
5.58681 3.16717 5.00207 0.548684 0.0332208 0.828759 0.104883 0.103086 
5.59759 3.16391 5.02428 0.547427 0.0330194 0.831389 0.0895927 0.103475 
5.60837 3.16065 5.04649 0.546037 0.03281 0.833816 0.0742805 0.103863 
5.61914 3.15739 5.06871 0.544515 0.0325927 0.836042 0.0589502 0.104251 
5.62992 3.15413 5.09092 0.542861 0.0323674 0.838065 0.0436057 0.104639 
5.6407 3.15087 5.11313 0.541075 0.0321343 0.839885 0.0282506 0.105027 
5.65148 3.14762 5.13535 0.539159 0.0318934 0.841501 0.0128887 0.105415 
5.66226 3.14436 5.15756 0.537111 0.0316448 0.842914 -0.00247641 0.105803 
5.67304 3.1411 5.17977 0.534934 0.0313886 0.844122 -0.0178409 0.106192 
5.68382 3.13784 5.20199 0.532627 0.0311247 0.845126 -0.033201 0.10658 
5.69459 3.13458 5.2242 0.530191 0.0308532 0.845925 -0.0485531 0.106968 
5.70537 3.13132 5.24642 -0.527626 -0.0305743 -0.846518 0.0638935 0.107356 
5.90671 3.15026 5.1096 -0.523431 -0.0350776 -0.849852 0.0504119 0.110208 
6.10806 3.1692 4.97279 -0.519115 -0.0395729 -0.852989 0.0369187 0.113059 
6.3094 3.18813 4.83598 -0.514679 -0.0440589 -0.85593 0.023417 0.115911 
6.51074 3.20707 4.69916 -0.510124 -0.0485349 -0.858673 0.00990986 0.118763 
6.71208 3.22601 4.56235 -0.505452 -0.0529996 -0.861218 -0.00359955 0.121614 
6.91342 3.24495 4.42554 -0.500663 -0.0574521 -0.863564 -0.0171081 0.124466 
7.11476 3.26389 4.28873 -0.495759 -0.0618913 -0.865711 -0.0306128 0.127318 
7.3161 3.28283 4.15191 -0.49074 -0.0663162 -0.867658 -0.0441103 0.13017 
7.51744 3.30176 4.0151 -0.485608 -0.0707259 -0.869405 -0.0575977 0.133021 
7.71878 3.3207 3.87829 -0.480363 -0.0751192 -0.870952 -0.0710718 0.135873 
7.92013 3.33964 3.74147 -0.475008 -0.0794952 -0.872297 -0.0845295 0.138725 
8.12147 3.35858 3.60466 -0.469544 -0.0838528 -0.873441 -0.0979677 0.141576 
8.32281 3.37752 3.46785 -0.463971 -0.0881911 -0.874384 -0.111383 0.144428 
8.52415 3.39645 3.33104 -0.458291 -0.0925091 -0.875125 -0.124773 0.14728 
8.72549 3.41539 3.19422 -0.452505 -0.0968057 -0.875664 -0.138134 0.150131 
8.92683 3.43433 3.05741 -0.446615 -0.10108 -0.876 -0.151464 0.152983 
9.12817 3.45327 2.9206 -0.440622 -0.105331 -0.876135 -0.164758 0.155835 
9.32951 3.47221 2.78379 -0.434527 -0.109558 -0.876068 -0.178014 0.158687 
9.53085 3.49115 2.64697 -0.428332 -0.113759 -0.875798 -0.191229 0.161538 
9.73219 3.51008 2.51016 -0.422038 -0.117934 -0.875326 -0.2044 0.16439 
9.93354 3.52902 2.37335 -0.415646 -0.122082 -0.874653 -0.217524 0.167242 
10.1349 3.54796 2.23653 -0.409159 -0.126202 -0.873777 -0.230598 0.170093 
10.3362 3.5669 2.09972 -0.402577 -0.130292 -0.8727 -0.243618 0.172945 
10.5376 3.58584 1.96291 -0.395903 -0.134353 -0.871422 -0.256583 0.175797 
10.7389 3.60477 1.8261 -0.389137 -0.138382 -0.869942 -0.269488 0.178648 
10.9402 3.62371 1.68928 -0.382281 -0.14238 -0.868262 -0.282331 0.1815 
11.0052 3.53598 1.63921 -0.384484 -0.147085 -0.871027 -0.268049 0.177933 
11.0702 3.44824 1.58913 -0.386596 -0.151755 -0.873584 -0.253704 0.174365 
11.1352 3.36051 1.53906 -0.388616 -0.156389 -0.875932 -0.239298 0.170797 
11.2002 3.27277 1.48899 -0.390542 -0.160986 -0.878071 -0.224835 0.16723 
11.2651 3.18504 1.43891 -0.392376 -0.165544 -0.880001 -0.210319 0.163662 
11.3301 3.0973 1.38884 -0.394116 -0.170062 -0.881721 -0.195752 0.160095 
11.3951 3.00956 1.33876 -0.395762 -0.17454 -0.883231 -0.181138 0.156527 
11.4601 2.92183 1.28869 -0.397313 -0.178977 -0.88453 -0.166482 0.152959 
11.5251 2.83409 1.23861 -0.39877 -0.183371 -0.885618 -0.151785 0.149392 
11.59 2.74636 1.18854 -0.400131 -0.187721 -0.886494 -0.137053 0.145824 
11.655 2.65862 1.13847 -0.401398 -0.192026 -0.88716 -0.122287 0.142257 
11.72 2.57089 1.08839 -0.402568 -0.196285 -0.887613 -0.107493 0.138689 
11.785 2.48315 1.03832 -0.403642 -0.200498 -0.887854 -0.0926725 0.135121 
11.85 2.39542 0.988244 -0.40462 -0.204662 -0.887884 -0.0778302 0.131554 
11.9149 2.30768 0.938169 -0.405501 -0.208778 -0.887702 -0.0629694 0.127986 
11.9799 2.21995 0.888095 -0.406286 -0.212844 -0.887308 -0.0480935 0.124419 
12.0449 2.13221 0.838021 -0.406974 -0.216859 -0.886703 -0.0332062 0.120851 
12.1099 2.04448 0.787947 -0.407564 -0.220823 -0.885886 -0.0183109 0.117283 
12.1749 1.95674 0.737872 -0.408058 -0.224734 -0.884857 -0.00341132 0.113716 
12.2398 1.869 0.687798 -0.408454 -0.228591 -0.883617 0.0114891 0.110148 
12.3048 1.78127 0.637724 -0.408752 -0.232394 -0.882167 0.0263868 0.10658 
12.3698 1.69353 0.58765 -0.408953 -0.236141 -0.880506 0.0412782 0.103013 
12.4348 1.6058 0.537576 -0.409057 -0.239832 -0.878635 0.0561598 0.0994453 
12.4998 1.51806 0.487501 -0.409063 -0.243465 -0.876554 0.071028 0.0958777 
12.5647 1.43033 0.437427 -0.408971 -0.247041 -0.874264 0.0858792 0.0923101 
12.6297 1.34259 0.387353 -0.408782 -0.250558 -0.871766 0.10071 0.0887425 
12.6947 1.25486 0.337279 -0.408495 -0.254014 -0.86906 0.115517 0.0851749 
12.7597 1.16712 0.287204 -0.408111 -0.257411 -0.866146 0.130296 0.0816073 
12.8247 1.07939 0.23713 -0.407629 -0.260745 -0.863025 0.145044 0.0780397 
12.8896 0.99165 0.187056 -0.40705 -0.264018 -0.859699 0.159757 0.0744721 
12.9546 0.903915 0.136982 -0.406374 -0.267228 -0.856168 0.174433 0.0709045 
13.0196 0.816179 0.0869075 -0.405601 -0.270374 -0.852432 0.189066 0.0673369 
13.0846 0.728444 0.0368332 -0.404731 -0.273455 -0.848493 0.203655 0.0637693 
13.1496 0.640709 -0.013241 -0.403765 -0.276471 -0.844351 0.218195 0.0602017 
13.2146 0.552973 -0.0633152 -0.402702 -0.279421 -0.840008 0.232683 0.0566341 
13.2795 0.465238 -0.113389 -0.401543 -0.282305 -0.835465 0.247115 0.0530665 
13.3445 0.377502 -0.163464 -0.400289 -0.285121 -0.830722 0.261489 0.0494989 
13.4095 0.289767 -0.213538 -0.398939 -0.287869 -0.825781 0.2758 0.0459313 
13.4745 0.202032 -0.263612 -0.397493 -0.290548 -0.820643 0.290045 0.0423636 
13.5395 0.114296 -0.313686 -0.395953 -0.293158 -0.815309 0.304221 0.038796 
13.6044 0.0265607 -0.363761 -0.394319 -0.295698 -0.809781 0.318324 0.0352284 
13.6694 -0.0611747 -0.413835 -0.39259 -0.298168 -0.804059 0.332352 0.0316608 
13.7344 -0.14891 -0.463909 -0.390768 -0.300566 -0.798146 0.3463 0.0280932 
13.7994 -0.236646 -0.513983 -0.388852 -0.302893 -0.792042 0.360166 0.0245256 
13.8644 -0.324381 -0.564058 -0.386844 -0.305148 -0.785749 0.373946 0.020958 
13.9293 -0.412116 -0.614132 -0.384743 -0.307329 -0.779269 0.387636 0.0173904 
13.9943 -0.499852 -0.664206 -0.38255 -0.309438 -0.772603 0.401234 0.0138228 
14.0593 -0.587587 -0.71428 -0.380267 -0.311472 -0.765752 0.414736 0.0102552 
14.1243 -0.675323 -0.764354 -0.377892 -0.313432 -0.758719 0.428139 0.00668762 

