0 0 0 0 0 0 1 4.65672e-310 
0.124968 0.0339513 0.0385656 0.00067497 -0.0133559 -0.00661224 0.999889 0.00490052 
0.249937 0.0679025 0.0771313 0.00134979 -0.0267087 -0.013223 0.999555 0.00980104 
0.374905 0.101854 0.115697 0.00202431 -0.0400557 -0.0198308 0.998999 0.0147016 
0.499874 0.135805 0.154263 0.00269838 -0.0533937 -0.0264342 0.99822 0.0196021 
0.624842 0.169756 0.192828 0.00337185 -0.0667198 -0.0330318 0.997219 0.0245026 
0.749811 0.203708 0.231394 0.00404457 -0.0800311 -0.0396219 0.995996 0.0294031 
0.874779 0.237659 0.269959 0.00471638 -0.0933246 -0.0462033 0.994552 0.0343036 
0.999748 0.27161 0.308525 0.00538715 -0.106597 -0.0527744 0.992886 0.0392041 
1.12472 0.305561 0.347091 0.00605672 -0.119846 -0.0593337 0.990999 0.0441047 
1.24968 0.339513 0.385656 0.00672494 -0.133069 -0.0658798 0.988892 0.0490052 
1.37465 0.373464 0.424222 0.00739167 -0.146261 -0.0724113 0.986565 0.0539057 
1.49962 0.407415 0.462788 0.00805675 -0.159421 -0.0789266 0.984018 0.0588062 
1.62459 0.441366 0.501353 0.00872003 -0.172546 -0.0854244 0.981251 0.0637067 
1.74956 0.475318 0.539919 0.00938138 -0.185632 -0.0919032 0.978267 0.0686073 
1.87453 0.509269 0.578485 0.0100406 -0.198677 -0.0983615 0.975065 0.0735078 
1.9995 0.54322 0.61705 0.0106977 -0.211678 -0.104798 0.971646 0.0784083 
2.12446 0.577171 0.655616 0.0113523 -0.224632 -0.111211 0.96801 0.0833088 
2.24943 0.611123 0.694181 0.0120044 -0.237535 -0.117599 0.964159 0.0882093 
2.3744 0.645074 0.732747 0.0126539 -0.250386 -0.123961 0.960094 0.0931099 
2.49937 0.679025 0.771313 0.0133005 -0.263181 -0.130296 0.955815 0.0980104 
2.62434 0.712977 0.809878 0.0139441 -0.275917 -0.136602 0.951323 0.102911 
2.74931 0.746928 0.848444 0.0145847 -0.288592 -0.142877 0.946619 0.107811 
2.87427 0.780879 0.88701 0.015222 -0.301203 -0.14912 0.941705 0.112712 
2.99924 0.81483 0.925575 0.015856 -0.313747 -0.15533 0.936581 0.117612 
3.12421 0.848782 0.964141 0.0164864 -0.326221 -0.161506 0.931249 0.122513 
3.24918 0.882733 1.00271 0.0171131 -0.338622 -0.167646 0.925709 0.127413 
3.37415 0.916684 1.04127 0.017736 -0.350948 -0.173748 0.919963 0.132314 
3.49912 0.950635 1.07984 0.018355 -0.363196 -0.179812 0.914013 0.137215 
3.62409 0.984587 1.1184 0.0189699 -0.375363 -0.185835 0.907859 0.142115 
3.74905 1.01854 1.15697 0.0195805 -0.387446 -0.191818 0.901503 0.147016 
3.87402 1.05249 1.19553 0.0201868 -0.399444 -0.197757 0.894947 0.151916 
3.99899 1.08644 1.2341 0.0207887 -0.411352 -0.203653 0.888191 0.156817 
4.12396 1.12039 1.27267 0.0213859 -0.423169 -0.209503 0.881237 0.161717 
4.24893 1.15434 1.31123 0.0219783 -0.434891 -0.215307 0.874088 0.166618 
4.3739 1.18829 1.3498 0.0225658 -0.446517 -0.221062 0.866744 0.171518 
4.49886 1.22225 1.38836 0.0231483 -0.458043 -0.226769 0.859207 0.176419 
4.62383 1.2562 1.42693 0.0237257 -0.469468 -0.232425 0.851478 0.181319 
4.7488 1.29015 1.46549 0.0242978 -0.480788 -0.238029 0.843561 0.18622 
4.87377 1.3241 1.50406 0.0248645 -0.492001 -0.243581 0.835455 0.19112 
4.99874 1.35805 1.54263 0.0254256 -0.503104 -0.249078 0.827164 0.196021 
5.12371 1.392 1.58119 0.0259811 -0.514096 -0.254519 0.818688 0.200921 
5.24867 1.42595 1.61976 0.0265308 -0.524973 -0.259905 0.81003 0.205822 
5.37364 1.4599 1.65832 0.0270746 -0.535733 -0.265232 0.801192 0.210722 
5.49861 1.49386 1.69689 0.0276123 -0.546374 -0.2705 0.792176 0.215623 
5.44319 1.57892 1.76625 0.0332973 -0.541699 -0.284016 0.790436 0.214939 
5.38778 1.66399 1.83561 0.0389743 -0.536893 -0.297463 0.788506 0.214256 
5.33236 1.74905 1.90497 0.044642 -0.531959 -0.310839 0.786388 0.213572 
5.27694 1.83412 1.97434 0.050299 -0.526897 -0.324141 0.78408 0.212888 
5.22152 1.91918 2.0437 0.0559439 -0.521709 -0.337365 0.781585 0.212205 
5.1661 2.00425 2.11306 0.0615753 -0.516396 -0.350508 0.778902 0.211521 
5.11069 2.08931 2.18242 0.067192 -0.510958 -0.363567 0.776032 0.210837 
5.05527 2.17437 2.25178 0.0727926 -0.505399 -0.376539 0.772976 0.210154 
4.99985 2.25944 2.32114 0.0783757 -0.499717 -0.38942 0.769735 0.20947 
4.94443 2.3445 2.39051 0.08394 -0.493917 -0.402208 0.766309 0.208786 
4.88901 2.42957 2.45987 0.0894842 -0.487997 -0.4149 0.762699 0.208103 
4.8336 2.51463 2.52923 0.0950069 -0.481961 -0.427491 0.758906 0.207419 
4.77818 2.5997 2.59859 0.100507 -0.475809 -0.439981 0.754931 0.206736 
4.72276 2.68476 2.66795 0.105983 -0.469542 -0.452365 0.750775 0.206052 
4.66734 2.76983 2.73732 0.111433 -0.463164 -0.46464 0.746439 0.205368 
4.61192 2.85489 2.80668 0.116857 -0.456674 -0.476804 0.741924 0.204685 
4.55651 2.93996 2.87604 0.122252 -0.450074 -0.488854 0.737231 0.204001 
4.50109 3.02502 2.9454 0.127619 -0.443367 -0.500786 0.732361 0.203317 
4.44567 3.11009 3.01476 0.132954 -0.436553 -0.512598 0.727316 0.202634 
4.39025 3.19515 3.08413 0.138258 -0.429634 -0.524287 0.722096 0.20195 
4.33483 3.28022 3.15349 0.143529 -0.422613 -0.53585 0.716702 0.201266 
4.27942 3.36528 3.22285 0.148765 -0.41549 -0.547285 0.711137 0.200583 
4.224 3.45035 3.29221 0.153965 -0.408267 -0.558589 0.705401 0.199899 
4.16858 3.53541 3.36157 0.159129 -0.400946 -0.569758 0.699496 0.199216 
4.11316 3.62048 3.43093 0.164254 -0.39353 -0.580791 0.693424 0.198532 
4.05774 3.70554 3.5003 0.16934 -0.386019 -0.591685 0.687184 0.197848 
4.00233 3.79061 3.56966 0.174386 -0.378415 -0.602437 0.68078 0.197165 
3.94691 3.87567 3.63902 0.179389 -0.37072 -0.613044 0.674213 0.196481 
3.89149 3.96074 3.70838 0.18435 -0.362937 -0.623504 0.667484 0.195797 
3.83607 4.0458 3.77774 0.189266 -0.355066 -0.633814 0.660595 0.195114 
3.78065 4.13087 3.84711 0.194137 -0.347111 -0.643973 0.653547 0.19443 
3.72524 4.21593 3.91647 0.198961 -0.339072 -0.653977 0.646343 0.193746 
3.66982 4.301 3.98583 0.203738 -0.330951 -0.663824 0.638984 0.193063 
3.6144 4.38606 4.05519 0.208466 -0.322752 -0.673512 0.631471 0.192379 
3.55898 4.47113 4.12455 0.213144 -0.314474 -0.683038 0.623807 0.191696 
3.50356 4.55619 4.19391 0.21777 -0.306122 -0.6924 0.615993 0.191012 
3.44815 4.64126 4.26328 0.222344 -0.297696 -0.701597 0.608031 0.190328 
3.39273 4.72632 4.33264 0.226865 -0.289199 -0.710625 0.599924 0.189645 
3.33731 4.81139 4.402 0.231332 -0.280632 -0.719482 0.591672 0.188961 
3.28189 4.89645 4.47136 0.235743 -0.271998 -0.728167 0.583279 0.188277 
3.22647 4.98152 4.54072 0.240098 -0.263298 -0.736678 0.574746 0.187594 
3.17106 5.06658 4.61009 0.244395 -0.254536 -0.745011 0.566075 0.18691 
3.11564 5.15165 4.67945 0.248633 -0.245712 -0.753166 0.557268 0.186226 
3.06022 5.23671 4.74881 0.252812 -0.23683 -0.76114 0.548328 0.185543 
3.0048 5.32178 4.81817 0.25693 -0.22789 -0.768932 0.539255 0.184859 
2.94939 5.40684 4.88753 0.260986 -0.218896 -0.776539 0.530054 0.184176 
2.89397 5.49191 4.9569 0.26498 -0.20985 -0.78396 0.520725 0.183492 
2.83855 5.57697 5.02626 0.26891 -0.200753 -0.791193 0.511272 0.182808 
2.78313 5.66204 5.09562 0.272776 -0.191608 -0.798236 0.501696 0.182125 
2.81268 5.67899 5.10932 0.259291 -0.1856 -0.801798 0.505412 0.180139 
2.84223 5.69594 5.12303 0.245742 -0.179547 -0.805163 0.509005 0.178153 
2.87178 5.71289 5.13673 0.232133 -0.17345 -0.808332 0.512474 0.176168 
2.90133 5.72984 5.15044 0.218468 -0.167311 -0.811303 0.515817 0.174182 
2.93087 5.74679 5.16414 0.204749 -0.161131 -0.814075 0.519034 0.172196 
2.96042 5.76374 5.17784 0.19098 -0.154911 -0.816649 0.522124 0.170211 
2.98997 5.78069 5.19155 0.177165 -0.148654 -0.819023 0.525087 0.168225 
3.01952 5.79764 5.20525 0.163306 -0.14236 -0.821197 0.527921 0.16624 
3.04907 5.81459 5.21896 0.149407 -0.136031 -0.82317 0.530626 0.164254 
3.07862 5.83154 5.23266 0.135472 -0.129669 -0.824942 0.533202 0.162268 
3.10816 5.84849 5.24636 0.121504 -0.123276 -0.826512 0.535647 0.160283 
3.13771 5.86544 5.26007 0.107505 -0.116852 -0.82788 0.537961 0.158297 
3.16726 5.88239 5.27377 0.0934811 -0.110399 -0.829046 0.540144 0.156311 
3.19681 5.89934 5.28748 0.0794339 -0.10392 -0.83001 0.542195 0.154326 
3.22636 5.91629 5.30118 0.0653673 -0.0974155 -0.83077 0.544113 0.15234 
3.25591 5.93324 5.31488 0.0512846 -0.090887 -0.831327 0.545898 0.150355 
3.28546 5.95019 5.32859 0.0371895 -0.0843362 -0.831681 0.54755 0.148369 
3.315 5.96714 5.34229 0.0230852 -0.0777649 -0.831832 0.549068 0.146383 
3.34455 5.98409 5.356 0.00897533 -0.0711746 -0.831779 0.550451 0.144398 
3.3741 6.00104 5.3697 -0.00513675 -0.0645668 -0.831523 0.551701 0.142412 
3.40365 6.01799 5.3834 -0.0192476 -0.0579433 -0.831064 0.552815 0.140426 
3.4332 6.03494 5.39711 -0.0333537 -0.0513056 -0.830402 0.553794 0.138441 
3.46275 6.05189 5.41081 -0.0474517 -0.0446554 -0.829537 0.554638 0.136455 
3.4923 6.06884 5.42452 -0.061538 -0.0379942 -0.828469 0.555346 0.134469 
3.52184 6.08579 5.43822 -0.0756094 -0.0313238 -0.827198 0.555918 0.132484 
3.55139 6.10274 5.45192 -0.0896622 -0.0246457 -0.825725 0.556355 0.130498 
3.58094 6.11969 5.46563 -0.103693 -0.0179616 -0.824051 0.556656 0.128513 
3.61049 6.13664 5.47933 -0.117699 -0.0112731 -0.822175 0.55682 0.126527 
3.64004 6.15359 5.49304 -0.131676 -0.00458182 -0.820098 0.556848 0.124541 
3.66959 6.17054 5.50674 -0.14562 0.00211056 -0.81782 0.556741 0.122556 
3.69914 6.18749 5.52045 -0.159529 0.00880243 -0.815343 0.556497 0.12057 
3.72868 6.20444 5.53415 -0.173399 0.0154921 -0.812666 0.556117 0.118584 
3.75823 6.22139 5.54785 -0.187227 0.0221781 -0.809791 0.555601 0.116599 
3.78778 6.23834 5.56156 -0.201009 0.0288586 -0.806718 0.55495 0.114613 
3.81733 6.25529 5.57526 -0.214742 0.035532 -0.803447 0.554163 0.112628 
3.84688 6.27224 5.58897 -0.228422 0.0421968 -0.79998 0.55324 0.110642 
3.87643 6.28919 5.60267 -0.242046 0.0488512 -0.796318 0.552182 0.108656 
3.90598 6.30614 5.61637 -0.255611 0.0554938 -0.792461 0.550989 0.106671 
3.93552 6.32309 5.63008 -0.269114 0.0621227 -0.78841 0.549661 0.104685 
3.96507 6.34004 5.64378 -0.282551 0.0687365 -0.784167 0.548199 0.102699 
3.99462 6.35699 5.65749 -0.295919 0.0753334 -0.779732 0.546604 0.100714 
4.02417 6.37394 5.67119 -0.309215 0.081912 -0.775106 0.544874 0.0987281 
4.05372 6.39089 5.68489 -0.322435 0.0884705 -0.770291 0.543011 0.0967425 
4.08327 6.40784 5.6986 -0.335576 0.0950074 -0.765287 0.541016 0.0947569 
4.11281 6.42479 5.7123 -0.348635 0.101521 -0.760097 0.538888 0.0927712 
4.14236 6.44174 5.72601 -0.361609 0.10801 -0.75472 0.536629 0.0907856 
4.17191 6.45869 5.73971 -0.374495 0.114472 -0.749159 0.534238 0.0888 
4.20146 6.47564 5.75341 -0.387289 0.120907 -0.743415 0.531717 0.0868143 
4.23101 6.49259 5.76712 -0.399988 0.127312 -0.73749 0.529066 0.0848287 
4.26056 6.50954 5.78082 -0.41259 0.133686 -0.731384 0.526285 0.0828431 
4.29011 6.52649 5.79453 -0.42509 0.140027 -0.725099 0.523376 0.0808575 
4.31965 6.54344 5.80823 -0.437487 0.146334 -0.718637 0.520339 0.0788718 
4.3492 6.56039 5.82193 -0.449777 0.152605 -0.711999 0.517175 0.0768862 
4.37875 6.57734 5.83564 -0.461957 0.158839 -0.705188 0.513884 0.0749006 
4.4083 6.59429 5.84934 -0.474024 0.165033 -0.698204 0.510468 0.0729149 
4.43785 6.61124 5.86305 -0.485975 0.171188 -0.691049 0.506926 0.0709293 
4.4674 6.62819 5.87675 -0.497807 0.177301 -0.683725 0.503261 0.0689437 
4.49695 6.64514 5.89046 -0.509518 0.18337 -0.676234 0.499473 0.066958 
4.52649 6.66209 5.90416 -0.521104 0.189395 -0.668578 0.495563 0.0649724 
4.55604 6.67904 5.91786 -0.532563 0.195373 -0.660759 0.491532 0.0629868 
4.58559 6.69599 5.93157 -0.543892 0.201304 -0.652778 0.487381 0.0610012 
4.61514 6.71294 5.94527 -0.555087 0.207185 -0.644637 0.48311 0.0590155 
4.64469 6.72989 5.95898 -0.566147 0.213016 -0.636339 0.478722 0.0570299 
4.67424 6.74684 5.97268 -0.577069 0.218795 -0.627885 0.474216 0.0550443 
4.70379 6.76379 5.98638 -0.587849 0.22452 -0.619278 0.469594 0.0530586 
4.73333 6.78074 6.00009 -0.598486 0.23019 -0.61052 0.464858 0.051073 
4.76288 6.79769 6.01379 -0.608976 0.235804 -0.601612 0.460008 0.0490874 
4.79243 6.81464 6.0275 -0.619318 0.241361 -0.592557 0.455046 0.0471017 
4.82198 6.83159 6.0412 -0.629508 0.246858 -0.583357 0.449972 0.0451161 
4.85153 6.84854 6.0549 -0.639545 0.252295 -0.574015 0.444788 0.0431305 
4.88108 6.86549 6.06861 -0.649425 0.257671 -0.564532 0.439496 0.0411449 
4.91063 6.88244 6.08231 -0.659146 0.262983 -0.554912 0.434096 0.0391592 
4.94017 6.89939 6.09602 -0.668706 0.268231 -0.545155 0.42859 0.0371736 
5.10051 6.84917 6.12617 -0.664812 0.27572 -0.539018 0.437565 0.0420761 
5.26084 6.79894 6.15632 -0.660792 0.283156 -0.532778 0.446457 0.0469786 
5.42118 6.74872 6.18648 -0.656647 0.290538 -0.526438 0.455264 0.0518812 
5.58152 6.69849 6.21663 -0.652377 0.297866 -0.519998 0.463986 0.0567837 
5.74185 6.64827 6.24678 -0.647984 0.305137 -0.513459 0.472619 0.0616862 
5.90219 6.59804 6.27693 -0.643468 0.31235 -0.506823 0.481162 0.0665887 
6.06252 6.54782 6.30709 -0.63883 0.319505 -0.500091 0.489615 0.0714912 
6.22286 6.4976 6.33724 -0.634071 0.326598 -0.493264 0.497975 0.0763938 
6.38319 6.44737 6.36739 -0.629192 0.33363 -0.486344 0.50624 0.0812963 
6.54353 6.39715 6.39755 -0.624193 0.340598 -0.479331 0.514409 0.0861988 
6.70386 6.34692 6.4277 -0.619077 0.347502 -0.472228 0.522481 0.0911013 
6.8642 6.2967 6.45785 -0.613843 0.35434 -0.465035 0.530454 0.0960038 
7.02454 6.24647 6.48801 -0.608493 0.361112 -0.457755 0.538327 0.100906 
7.18487 6.19625 6.51816 -0.603027 0.367814 -0.450387 0.546098 0.105809 
7.34521 6.14602 6.54831 -0.597447 0.374447 -0.442934 0.553765 0.110711 
7.50554 6.0958 6.57846 -0.591755 0.381009 -0.435397 0.561327 0.115614 
7.66588 6.04558 6.60862 -0.58595 0.387499 -0.427778 0.568783 0.120516 
7.82621 5.99535 6.63877 -0.580034 0.393915 -0.420078 0.576131 0.125419 
7.98655 5.94513 6.66892 -0.574008 0.400257 -0.412298 0.58337 0.130321 
8.14688 5.8949 6.69908 -0.567873 0.406523 -0.40444 0.590498 0.135224 
8.30722 5.84468 6.72923 -0.561631 0.412712 -0.396505 0.597514 0.140127 
8.46756 5.79445 6.75938 -0.555282 0.418822 -0.388496 0.604418 0.145029 
8.62789 5.74423 6.78954 -0.548828 0.424854 -0.380412 0.611206 0.149932 
8.78823 5.69401 6.81969 -0.54227 0.430805 -0.372257 0.617879 0.154834 
8.94856 5.64378 6.84984 -0.53561 0.436674 -0.364031 0.624435 0.159737 
9.1089 5.59356 6.87999 -0.528848 0.44246 -0.355736 0.630873 0.164639 
9.26923 5.54333 6.91015 -0.521986 0.448163 -0.347374 0.637191 0.169542 
9.42957 5.49311 6.9403 -0.515024 0.453781 -0.338946 0.643389 0.174444 
9.5899 5.44288 6.97045 -0.507966 0.459313 -0.330453 0.649464 0.179347 
9.75024 5.39266 7.00061 -0.500811 0.464757 -0.321898 0.655416 0.184249 
9.91058 5.34244 7.03076 -0.493561 0.470114 -0.313282 0.661245 0.189152 
10.0709 5.29221 7.06091 -0.486218 0.475382 -0.304607 0.666948 0.194054 
10.2312 5.24199 7.09107 -0.478782 0.480559 -0.295874 0.672524 0.198957 
10.3916 5.19176 7.12122 -0.471256 0.485646 -0.287085 0.677974 0.203859 
10.5519 5.14154 7.15137 -0.463641 0.49064 -0.278242 0.683294 0.208762 
10.7123 5.09131 7.18153 -0.455937 0.495542 -0.269345 0.688486 0.213664 
10.8635 5.04394 7.20997 -0.448592 0.500079 -0.260907 0.693263 0.218289 
11.0147 4.99656 7.23841 -0.441171 0.504533 -0.252425 0.697923 0.222913 
11.166 4.94919 7.26685 -0.433675 0.508901 -0.2439 0.702466 0.227537 
11.3172 4.90181 7.29529 -0.426107 0.513183 -0.235334 0.70689 0.232162 
11.4684 4.85444 7.32374 -0.418467 0.517379 -0.226729 0.711195 0.236786 
11.6197 4.80707 7.35218 -0.410756 0.521487 -0.218085 0.715381 0.24141 
11.7709 4.75969 7.38062 -0.402976 0.525508 -0.209405 0.719445 0.246035 
11.9222 4.71232 7.40906 -0.395128 0.52944 -0.200689 0.723389 0.250659 
12.0734 4.66494 7.4375 -0.387213 0.533283 -0.191939 0.72721 0.255284 
12.2246 4.61757 7.46595 -0.379233 0.537036 -0.183157 0.730909 0.259908 
12.3759 4.57019 7.49439 -0.371189 0.540698 -0.174345 0.734485 0.264532 
12.5271 4.52282 7.52283 -0.363083 0.54427 -0.165502 0.737937 0.269157 
12.5009 4.43772 7.46249 -0.359667 0.534991 -0.158576 0.747849 0.268385 
12.4747 4.35263 7.40215 -0.356164 0.525582 -0.151611 0.757578 0.267614 
12.4485 4.26754 7.34181 -0.352573 0.516045 -0.144609 0.767123 0.266843 
12.4223 4.18244 7.28147 -0.348897 0.506382 -0.137572 0.776481 0.266072 
12.3961 4.09735 7.22112 -0.345136 0.496595 -0.130501 0.785649 0.265301 
12.3699 4.01225 7.16078 -0.34129 0.486687 -0.123399 0.794625 0.26453 
12.3436 3.92716 7.10044 -0.337361 0.476661 -0.116266 0.803408 0.263758 
12.3174 3.84207 7.0401 -0.33335 0.466518 -0.109105 0.811995 0.262987 
12.2912 3.75697 6.97976 -0.329257 0.456261 -0.101918 0.820383 0.262216 
12.265 3.67188 6.91942 -0.325084 0.445893 -0.094705 0.828571 0.261445 
12.2388 3.58678 6.85908 -0.320832 0.435416 -0.0874694 0.836558 0.260674 
12.2126 3.50169 6.79873 -0.316502 0.424833 -0.0802124 0.84434 0.259903 
12.1864 3.4166 6.73839 -0.312094 0.414146 -0.0729359 0.851916 0.259132 
12.1602 3.3315 6.67805 -0.30761 0.403359 -0.0656416 0.859284 0.25836 
12.134 3.24641 6.61771 -0.303051 0.392472 -0.0583312 0.866443 0.257589 
12.1078 3.16131 6.55737 -0.298418 0.38149 -0.0510067 0.87339 0.256818 
12.0815 3.07622 6.49703 -0.293713 0.370415 -0.0436696 0.880124 0.256047 
12.0553 2.99113 6.43668 -0.288935 0.35925 -0.036322 0.886643 0.255276 
12.0291 2.90603 6.37634 -0.284087 0.347997 -0.0289654 0.892946 0.254505 
12.0029 2.82094 6.316 -0.27917 0.336659 -0.0216018 0.899032 0.253733 
11.9767 2.73584 6.25566 -0.274185 0.325239 -0.0142329 0.904898 0.252962 
11.9505 2.65075 6.19532 -0.269133 0.31374 -0.0068606 0.910543 0.252191 
11.9243 2.56566 6.13498 -0.264015 0.302164 0.000513415 0.915966 0.25142 
11.8981 2.48056 6.07464 -0.258833 0.290514 0.00788731 0.921165 0.250649 
11.8719 2.39547 6.01429 -0.253588 0.278793 0.0152593 0.92614 0.249878 
11.8457 2.31037 5.95395 -0.24828 0.267005 0.0226275 0.930888 0.249106 
11.8194 2.22528 5.89361 -0.242913 0.255151 0.0299903 0.93541 0.248335 
11.7932 2.14019 5.83327 -0.237485 0.243235 0.0373457 0.939703 0.247564 
11.767 2.05509 5.77293 -0.232 0.23126 0.044692 0.943768 0.246793 
11.7408 1.97 5.71259 -0.226459 0.219228 0.0520274 0.947601 0.246022 
11.7146 1.8849 5.65225 -0.220862 0.207143 0.0593501 0.951204 0.245251 
11.6884 1.79981 5.5919 -0.215211 0.195007 0.0666583 0.954575 0.24448 
11.6622 1.71472 5.53156 -0.209508 0.182824 0.0739502 0.957712 0.243708 
11.636 1.62962 5.47122 -0.203754 0.170596 0.0812241 0.960617 0.242937 
11.6098 1.54453 5.41088 -0.197949 0.158326 0.0884782 0.963286 0.242166 
11.5836 1.45943 5.35054 -0.192097 0.146018 0.0957108 0.965721 0.241395 
11.5573 1.37434 5.2902 -0.186198 0.133674 0.10292 0.96792 0.240624 
11.5311 1.28925 5.22986 -0.180253 0.121298 0.110104 0.969883 0.239853 
11.5049 1.20415 5.16951 -0.174265 0.108892 0.117261 0.971609 0.239081 
11.4787 1.11906 5.10917 -0.168233 0.0964592 0.12439 0.973098 0.23831 
11.4525 1.03397 5.04883 -0.162161 0.0840031 0.131488 0.97435 0.237539 
11.4263 0.948871 4.98849 -0.156049 0.0715264 0.138554 0.975364 0.236768 
11.4001 0.863777 4.92815 -0.1499 0.0590324 0.145586 0.97614 0.235997 
11.3739 0.778683 4.86781 -0.143713 0.0465239 0.152583 0.976678 0.235226 
11.3477 0.693589 4.80747 -0.137492 0.034004 0.159543 0.976978 0.234454 
11.3215 0.608495 4.74712 -0.131237 0.0214759 0.166464 0.977039 0.233683 
11.2952 0.523401 4.68678 -0.12495 0.00894254 0.173344 0.976862 0.232912 
11.269 0.438307 4.62644 -0.118632 -0.00359301 0.180181 0.976447 0.232141 
11.2428 0.353213 4.5661 -0.112285 -0.0161277 0.186975 0.975793 0.23137 
11.2166 0.268119 4.50576 -0.105912 -0.0286584 0.193723 0.974901 0.230599 
11.1904 0.183025 4.44542 -0.0995119 -0.0411822 0.200424 0.973772 0.229828 
11.1642 0.0979315 4.38508 -0.0930879 -0.0536959 0.207076 0.972405 0.229056 
11.138 0.0128376 4.32473 -0.0866412 -0.0661965 0.213678 0.9708 0.228285 
11.1118 -0.0722564 4.26439 -0.0801733 -0.0786809 0.220227 0.968959 0.227514 
11.0856 -0.15735 4.20405 -0.0736859 -0.0911462 0.226723 0.966881 0.226743 
11.1706 -0.148052 4.09628 -0.0679879 -0.0976719 0.21814 0.968635 0.221755 
11.2557 -0.138754 3.9885 -0.0622795 -0.104183 0.209524 0.970241 0.216766 
11.3408 -0.129456 3.88072 -0.0565617 -0.110678 0.200876 0.9717 0.211778 
11.4259 -0.120157 3.77295 -0.0508353 -0.117156 0.192197 0.973011 0.20679 
11.511 -0.110859 3.66517 -0.0451012 -0.123617 0.183489 0.974175 0.201801 
11.5961 -0.101561 3.5574 -0.0393602 -0.130059 0.174754 0.975191 0.196813 
11.6812 -0.0922626 3.44962 -0.0336133 -0.136481 0.165992 0.976058 0.191825 
11.7663 -0.0829643 3.34185 -0.0278612 -0.142882 0.157205 0.976778 0.186836 
11.8513 -0.0736661 3.23407 -0.022105 -0.149262 0.148393 0.977349 0.181848 
11.9364 -0.0643678 3.1263 -0.0163453 -0.155619 0.13956 0.977772 0.17686 
12.0215 -0.0550695 3.01852 -0.0105832 -0.161952 0.130705 0.978047 0.171872 
12.1066 -0.0457713 2.91075 -0.00481951 -0.168261 0.12183 0.978173 0.166883 
12.1917 -0.036473 2.80297 0.000944939 -0.174544 0.112937 0.978151 0.161895 
12.2768 -0.0271748 2.69519 0.00670924 -0.180801 0.104027 0.97798 0.156907 
12.3619 -0.0178765 2.58742 0.0124725 -0.18703 0.0951008 0.977661 0.151918 
12.447 -0.00857828 2.47964 0.0182339 -0.193231 0.0861603 0.977193 0.14693 
12.532 0.000719971 2.37187 0.0239925 -0.199402 0.0772067 0.976577 0.141942 
12.6171 0.0100182 2.26409 0.0297475 -0.205544 0.0682413 0.975813 0.136953 
12.7022 0.0193165 2.15632 0.035498 -0.211654 0.0592657 0.9749 0.131965 
12.7873 0.0286147 2.04854 0.0412431 -0.217732 0.050281 0.97384 0.126977 
12.8724 0.037913 1.94077 0.0469819 -0.223777 0.0412887 0.972631 0.121988 
12.9575 0.0472112 1.83299 0.0527136 -0.229787 0.0322901 0.971276 0.117 
13.0426 0.0565095 1.72522 0.0584373 -0.235764 0.0232866 0.969772 0.112012 
13.1277 0.0658077 1.61744 0.0641521 -0.241704 0.0142796 0.968122 0.107024 
13.2127 0.075106 1.50966 0.0698571 -0.247607 0.00527043 0.966324 0.102035 
13.2978 0.0844043 1.40189 0.0755516 -0.253473 -0.00373956 0.96438 0.0970469 
13.3829 0.0937025 1.29411 0.0812346 -0.259301 -0.012749 0.96229 0.0920586 
13.468 0.103001 1.18634 0.0869053 -0.265089 -0.0217564 0.960053 0.0870703 
13.5531 0.112299 1.07856 0.0925628 -0.270837 -0.0307606 0.957671 0.082082 
13.6382 0.121597 0.970788 0.0982062 -0.276544 -0.0397601 0.955143 0.0770937 
13.7233 0.130896 0.863012 0.103835 -0.282209 -0.0487536 0.95247 0.0721054 
13.8084 0.140194 0.755237 0.109447 -0.287831 -0.0577397 0.949653 0.0671171 
13.8934 0.149492 0.647461 0.115044 -0.293409 -0.066717 0.946692 0.0621288 
13.9785 0.15879 0.539686 0.120622 -0.298943 -0.0756841 0.943586 0.0571405 
14.0636 0.168089 0.43191 0.126183 -0.304431 -0.0846398 0.940338 0.0521522 
14.1487 0.177387 0.324135 0.131724 -0.309873 -0.0935827 0.936947 0.0471638 
14.2338 0.186685 0.21636 0.137245 -0.315268 -0.102511 0.933414 0.0421755 
14.3189 0.195983 0.108584 0.142746 -0.320616 -0.111424 0.929739 0.0371872 
14.404 0.205282 0.000808744 0.148224 -0.325914 -0.120321 0.925922 0.0321989 
14.489 0.21458 -0.106967 0.15368 -0.331163 -0.129198 0.921966 0.0272106 
14.5741 0.223878 -0.214742 0.159113 -0.336362 -0.138057 0.917869 0.0222223 
14.6592 0.233176 -0.322518 0.164522 -0.34151 -0.146894 0.913633 0.017234 
14.7443 0.242475 -0.430293 0.169906 -0.346606 -0.155709 0.909258 0.0122457 
14.8294 0.251773 -0.538068 0.175264 -0.351649 -0.1645 0.904746 0.0072574 

