0 0 0 0 0 0 1 4.6585e-310 
0.0415225 -0.0323944 -0.00414091 -0.00370389 0.0141153 0.00555704 0.999878 0.00261482 
0.083045 -0.0647887 -0.00828181 -0.00740689 0.0282271 0.0111127 0.999512 0.00522964 
0.124567 -0.0971831 -0.0124227 -0.0111081 0.042332 0.0166657 0.998903 0.00784446 
0.16609 -0.129577 -0.0165636 -0.0148065 0.0564266 0.0222146 0.99805 0.0104593 
0.207612 -0.161972 -0.0207045 -0.0185014 0.0705074 0.0277581 0.996953 0.0130741 
0.249135 -0.194366 -0.0248454 -0.0221918 0.0845711 0.0332948 0.995614 0.0156889 
0.290657 -0.226761 -0.0289863 -0.0258767 0.0986141 0.0388234 0.994031 0.0183037 
0.33218 -0.259155 -0.0331272 -0.0295553 0.112633 0.0443425 0.992207 0.0209186 
0.373702 -0.291549 -0.0372682 -0.0332268 0.126625 0.0498509 0.99014 0.0235334 
0.415225 -0.323944 -0.0414091 -0.0368901 0.140585 0.055347 0.987832 0.0261482 
0.456747 -0.356338 -0.04555 -0.0405444 0.154512 0.0608297 0.985283 0.028763 
0.49827 -0.388732 -0.0496909 -0.0441889 0.1684 0.0662975 0.982493 0.0313778 
0.539792 -0.421127 -0.0538318 -0.0478225 0.182248 0.0717492 0.979465 0.0339926 
0.581315 -0.453521 -0.0579727 -0.0514445 0.196051 0.0771834 0.976197 0.0366075 
0.622837 -0.485916 -0.0621136 -0.055054 0.209806 0.0825987 0.972691 0.0392223 
0.66436 -0.51831 -0.0662545 -0.05865 0.223511 0.0879939 0.968948 0.0418371 
0.705882 -0.550704 -0.0703954 -0.0622317 0.23716 0.0933677 0.964969 0.0444519 
0.747405 -0.583099 -0.0745363 -0.0657983 0.250752 0.0987187 0.960754 0.0470667 
0.788927 -0.615493 -0.0786772 -0.0693488 0.264283 0.104046 0.956305 0.0496816 
0.83045 -0.647887 -0.0828181 -0.0728824 0.277749 0.109347 0.951623 0.0522964 
0.871972 -0.680282 -0.086959 -0.0763982 0.291148 0.114622 0.946709 0.0549112 
0.913495 -0.712676 -0.0910999 -0.0798954 0.304475 0.119869 0.941564 0.057526 
0.955017 -0.745071 -0.0952408 -0.0833731 0.317728 0.125087 0.93619 0.0601408 
0.99654 -0.777465 -0.0993817 -0.0868305 0.330904 0.130274 0.930587 0.0627557 
1.03806 -0.809859 -0.103523 -0.0902667 0.343999 0.135429 0.924757 0.0653705 
1.07958 -0.842254 -0.107664 -0.0936809 0.357011 0.140552 0.918702 0.0679853 
1.12111 -0.874648 -0.111804 -0.0970723 0.369935 0.14564 0.912422 0.0706001 
1.16263 -0.907042 -0.115945 -0.10044 0.382769 0.150692 0.90592 0.0732149 
1.20415 -0.939437 -0.120086 -0.103783 0.395509 0.155708 0.899198 0.0758298 
1.24567 -0.971831 -0.124227 -0.107101 0.408154 0.160686 0.892256 0.0784446 
1.2872 -1.00423 -0.128368 -0.110393 0.420698 0.165625 0.885096 0.0810594 
1.32872 -1.03662 -0.132509 -0.113658 0.43314 0.170523 0.877721 0.0836742 
1.37024 -1.06901 -0.13665 -0.116895 0.445477 0.17538 0.870131 0.086289 
1.41176 -1.10141 -0.140791 -0.120103 0.457705 0.180194 0.862329 0.0889039 
1.45329 -1.1338 -0.144932 -0.123283 0.469821 0.184964 0.854317 0.0915187 
1.49481 -1.1662 -0.149073 -0.126432 0.481822 0.189689 0.846097 0.0941335 
1.53633 -1.19859 -0.153214 -0.12955 0.493706 0.194367 0.837671 0.0967483 
1.57785 -1.23099 -0.157354 -0.132637 0.50547 0.198999 0.82904 0.0993631 
1.61938 -1.26338 -0.161495 -0.135692 0.517111 0.203581 0.820207 0.101978 
1.6609 -1.29577 -0.165636 -0.138713 0.528625 0.208114 0.811174 0.104593 
1.70242 -1.32817 -0.169777 -0.141701 0.54001 0.212597 0.801943 0.107208 
1.74394 -1.36056 -0.173918 -0.144654 0.551264 0.217027 0.792516 0.109822 
1.78547 -1.39296 -0.178059 -0.147572 0.562384 0.221405 0.782897 0.112437 
1.82699 -1.42535 -0.1822 -0.150453 0.573366 0.225729 0.773086 0.115052 
1.86851 -1.45775 -0.186341 -0.153298 0.584208 0.229997 0.763087 0.117667 
1.91003 -1.49014 -0.190482 -0.156106 0.594908 0.23421 0.752902 0.120282 
1.95156 -1.52254 -0.194623 -0.158876 0.605463 0.238365 0.742533 0.122896 
1.99308 -1.55493 -0.198763 -0.161607 0.61587 0.242462 0.731983 0.125511 
2.0346 -1.58732 -0.202904 -0.164298 0.626127 0.2465 0.721255 0.128126 
2.07612 -1.61972 -0.207045 -0.16695 0.636232 0.250478 0.710351 0.130741 
2.11765 -1.65211 -0.211186 -0.16956 0.646181 0.254395 0.699273 0.133356 
2.15917 -1.68451 -0.215327 -0.17213 0.655972 0.25825 0.688025 0.135971 
2.20069 -1.7169 -0.219468 -0.174657 0.665604 0.262042 0.676609 0.138585 
2.24221 -1.7493 -0.223609 -0.177142 0.675073 0.26577 0.665029 0.1412 
2.28374 -1.78169 -0.22775 -0.179583 0.684378 0.269433 0.653286 0.143815 
2.32526 -1.81408 -0.231891 -0.181981 0.693516 0.27303 0.641383 0.14643 
2.36678 -1.84648 -0.236032 -0.184335 0.702485 0.276561 0.629325 0.149045 
2.4083 -1.87887 -0.240173 -0.186643 0.711282 0.280025 0.617113 0.15166 
2.44983 -1.91127 -0.244313 -0.188906 0.719906 0.28342 0.60475 0.154274 
2.49135 -1.94366 -0.248454 -0.191123 0.728355 0.286746 0.59224 0.156889 
2.53287 -1.97606 -0.252595 -0.193293 0.736625 0.290002 0.579586 0.159504 
2.57439 -2.00845 -0.256736 -0.195416 0.744717 0.293188 0.56679 0.162119 
2.61592 -2.04085 -0.260877 -0.197492 0.752626 0.296302 0.553856 0.164734 
2.65744 -2.07324 -0.265018 -0.199519 0.760352 0.299343 0.540787 0.167348 
2.69896 -2.10563 -0.269159 -0.201498 0.767893 0.302312 0.527586 0.169963 
2.74048 -2.13803 -0.2733 -0.203427 0.775246 0.305207 0.514256 0.172578 
2.78201 -2.17042 -0.277441 -0.205307 0.782411 0.308027 0.500801 0.175193 
2.82353 -2.20282 -0.281582 -0.207137 0.789384 0.310773 0.487224 0.177808 
2.86505 -2.23521 -0.285722 -0.208917 0.796165 0.313442 0.473528 0.180423 
2.90657 -2.26761 -0.289863 -0.210645 0.802752 0.316036 0.459717 0.183037 
2.9481 -2.3 -0.294004 -0.212322 0.809143 0.318552 0.445793 0.185652 
2.98962 -2.33239 -0.298145 -0.213947 0.815337 0.32099 0.431761 0.188267 
3.03114 -2.36479 -0.302286 -0.215521 0.821332 0.32335 0.417623 0.190882 
3.07266 -2.39718 -0.306427 -0.217041 0.827127 0.325632 0.403384 0.193497 
3.11419 -2.42958 -0.310568 -0.218509 0.83272 0.327834 0.389046 0.196111 
3.15571 -2.46197 -0.314709 -0.219923 0.83811 0.329956 0.374614 0.198726 
3.19723 -2.49437 -0.31885 -0.221284 0.843295 0.331997 0.36009 0.201341 
3.23875 -2.52676 -0.322991 -0.222591 0.848275 0.333958 0.345478 0.203956 
3.28028 -2.55916 -0.327132 -0.223843 0.853048 0.335837 0.330782 0.206571 
3.3218 -2.59155 -0.331272 -0.225041 0.857613 0.337634 0.316005 0.209186 
3.36332 -2.62394 -0.335413 -0.226184 0.861969 0.339349 0.301151 0.2118 
3.40484 -2.65634 -0.339554 -0.227272 0.866115 0.340981 0.286224 0.214415 
3.44637 -2.68873 -0.343695 -0.228304 0.870049 0.34253 0.271227 0.21703 
3.48789 -2.72113 -0.347836 -0.229281 0.873772 0.343995 0.256164 0.219645 
3.52941 -2.75352 -0.351977 0.230202 -0.877281 -0.345377 -0.241039 0.22226 
3.51891 -2.8438 -0.398316 0.220255 -0.875091 -0.357121 -0.241181 0.220219 
3.50841 -2.93407 -0.444655 0.210256 -0.872689 -0.368778 -0.241266 0.218179 
3.4979 -3.02435 -0.490994 0.200205 -0.870076 -0.380347 -0.241292 0.216139 
3.4874 -3.11462 -0.537334 0.190106 -0.867253 -0.391823 -0.241259 0.214098 
3.4769 -3.20489 -0.583673 0.179962 -0.864221 -0.403205 -0.241169 0.212058 
3.4664 -3.29517 -0.630012 0.169773 -0.860979 -0.414489 -0.24102 0.210018 
3.4559 -3.38544 -0.676351 0.159544 -0.85753 -0.425674 -0.240813 0.207978 
3.44539 -3.47572 -0.72269 0.149276 -0.853873 -0.436755 -0.240548 0.205937 
3.43489 -3.56599 -0.769029 0.138972 -0.85001 -0.447731 -0.240224 0.203897 
3.42439 -3.65627 -0.815368 0.128634 -0.845941 -0.458598 -0.239843 0.201857 
3.41389 -3.74654 -0.861708 0.118266 -0.841668 -0.469355 -0.239403 0.199816 
3.40338 -3.83682 -0.908047 0.107869 -0.837192 -0.479998 -0.238906 0.197776 
3.39288 -3.92709 -0.954386 0.0974453 -0.832513 -0.490526 -0.238351 0.195736 
3.38238 -4.01737 -1.00073 0.0869985 -0.827633 -0.500934 -0.237738 0.193695 
3.37188 -4.10764 -1.04706 0.0765306 -0.822553 -0.511222 -0.237068 0.191655 
3.36137 -4.19792 -1.0934 0.0660442 -0.817274 -0.521386 -0.236341 0.189615 
3.35087 -4.28819 -1.13974 0.0555419 -0.811798 -0.531424 -0.235556 0.187575 
3.34037 -4.37847 -1.18608 0.0450262 -0.806126 -0.541334 -0.234715 0.185534 
3.32987 -4.46874 -1.23242 0.0344995 -0.800259 -0.551113 -0.233817 0.183494 
3.31936 -4.55901 -1.27876 0.0239646 -0.794198 -0.560759 -0.232862 0.181454 
3.30886 -4.64929 -1.3251 0.0134238 -0.787946 -0.570269 -0.231851 0.179413 
3.29836 -4.73956 -1.37144 0.00287983 -0.781503 -0.579641 -0.230784 0.177373 
3.28786 -4.82984 -1.41778 -0.00766486 -0.774871 -0.588874 -0.229661 0.175333 
3.27735 -4.92011 -1.46412 -0.0182077 -0.768052 -0.597964 -0.228483 0.173292 
3.26685 -5.01039 -1.51046 -0.0287461 -0.761047 -0.606909 -0.22725 0.171252 
3.25635 -5.10066 -1.55679 -0.0392776 -0.753858 -0.615708 -0.225961 0.169212 
3.24585 -5.19094 -1.60313 -0.0497996 -0.746488 -0.624358 -0.224618 0.167172 
3.23534 -5.28121 -1.64947 -0.0603096 -0.738936 -0.632857 -0.223221 0.165131 
3.22484 -5.37149 -1.69581 -0.070805 -0.731207 -0.641203 -0.22177 0.163091 
3.21434 -5.46176 -1.74215 -0.0812833 -0.7233 -0.649395 -0.220265 0.161051 
3.20384 -5.55204 -1.78849 -0.0917419 -0.715219 -0.657429 -0.218707 0.15901 
3.19333 -5.64231 -1.83483 -0.102178 -0.706965 -0.665304 -0.217096 0.15697 
3.18283 -5.73259 -1.88117 -0.11259 -0.69854 -0.673019 -0.215433 0.15493 
3.17233 -5.82286 -1.92751 -0.122975 -0.689946 -0.680571 -0.213717 0.152889 
3.16183 -5.91313 -1.97385 -0.13333 -0.681185 -0.687959 -0.21195 0.150849 
3.15132 -6.00341 -2.02019 -0.143652 -0.67226 -0.69518 -0.210132 0.148809 
3.14082 -6.09368 -2.06653 -0.15394 -0.663173 -0.702233 -0.208263 0.146769 
3.13032 -6.18396 -2.11286 -0.164191 -0.653925 -0.709117 -0.206343 0.144728 
3.11982 -6.27423 -2.1592 -0.174402 -0.644519 -0.715829 -0.204374 0.142688 
3.10932 -6.36451 -2.20554 -0.184571 -0.634957 -0.722368 -0.202355 0.140648 
3.09881 -6.45478 -2.25188 -0.194695 -0.625242 -0.728733 -0.200288 0.138607 
3.08831 -6.54506 -2.29822 -0.204772 -0.615376 -0.734921 -0.198172 0.136567 
3.07781 -6.63533 -2.34456 -0.2148 -0.605361 -0.740932 -0.196008 0.134527 
3.06731 -6.72561 -2.3909 -0.224776 -0.5952 -0.746764 -0.193797 0.132486 
3.0568 -6.81588 -2.43724 -0.234697 -0.584894 -0.752415 -0.191539 0.130446 
3.0463 -6.90616 -2.48358 -0.244562 -0.574448 -0.757885 -0.189234 0.128406 
3.0358 -6.99643 -2.52992 -0.254368 -0.563863 -0.763171 -0.186884 0.126366 
3.0253 -7.0867 -2.57626 -0.264112 -0.553141 -0.768273 -0.184489 0.124325 
3.01479 -7.17698 -2.6226 -0.273792 -0.542286 -0.773189 -0.182049 0.122285 
3.00429 -7.26725 -2.66893 -0.283407 -0.5313 -0.777919 -0.179565 0.120245 
2.99379 -7.35753 -2.71527 -0.292952 -0.520185 -0.78246 -0.177038 0.118204 
2.98329 -7.4478 -2.76161 -0.302427 -0.508945 -0.786812 -0.174468 0.116164 
2.97278 -7.53808 -2.80795 -0.311829 -0.497581 -0.790975 -0.171856 0.114124 
2.96228 -7.62835 -2.85429 -0.321156 -0.486098 -0.794946 -0.169202 0.112083 
2.95178 -7.71863 -2.90063 -0.330404 -0.474497 -0.798725 -0.166508 0.110043 
2.94128 -7.8089 -2.94697 -0.339573 -0.462781 -0.80231 -0.163773 0.108003 
2.93077 -7.89918 -2.99331 -0.34866 -0.450953 -0.805702 -0.160998 0.105963 
2.94432 -7.90595 -2.92508 -0.354846 -0.444385 -0.804027 -0.173629 0.105507 
2.95786 -7.91273 -2.85685 -0.360945 -0.437708 -0.802155 -0.186218 0.105052 
2.9714 -7.9195 -2.78862 -0.366957 -0.430924 -0.800088 -0.198761 0.104597 
2.98494 -7.92628 -2.72038 -0.372878 -0.424035 -0.797826 -0.211256 0.104141 
2.99849 -7.93306 -2.65215 -0.378709 -0.417043 -0.79537 -0.223699 0.103686 
3.01203 -7.93983 -2.58392 -0.384448 -0.409949 -0.792719 -0.236088 0.103231 
3.02557 -7.94661 -2.51569 -0.390093 -0.402755 -0.789876 -0.248419 0.102775 
3.03912 -7.95339 -2.44746 -0.395643 -0.395463 -0.78684 -0.26069 0.10232 
3.05266 -7.96016 -2.37923 -0.401096 -0.388075 -0.783612 -0.272897 0.101865 
3.0662 -7.96694 -2.311 -0.406452 -0.380592 -0.780193 -0.285037 0.101409 
3.07974 -7.97371 -2.24277 -0.411708 -0.373016 -0.776583 -0.297108 0.100954 
3.09329 -7.98049 -2.17454 -0.416864 -0.36535 -0.772785 -0.309107 0.100499 
3.10683 -7.98727 -2.10631 -0.421919 -0.357594 -0.768798 -0.32103 0.100043 
3.12037 -7.99404 -2.03808 -0.426871 -0.349751 -0.764624 -0.332875 0.0995878 
3.13391 -8.00082 -1.96984 -0.431718 -0.341823 -0.760263 -0.344639 0.0991325 
3.14746 -8.00759 -1.90161 -0.436461 -0.333812 -0.755717 -0.356319 0.0986771 
3.161 -8.01437 -1.83338 -0.441097 -0.325719 -0.750987 -0.367912 0.0982218 
3.17454 -8.02115 -1.76515 -0.445625 -0.317547 -0.746074 -0.379415 0.0977665 
3.18809 -8.02792 -1.69692 -0.450045 -0.309297 -0.740979 -0.390826 0.0973111 
3.20163 -8.0347 -1.62869 -0.454355 -0.300972 -0.735703 -0.402142 0.0968558 
3.21517 -8.04147 -1.56046 -0.458555 -0.292574 -0.730248 -0.413359 0.0964004 
3.22871 -8.04825 -1.49223 -0.462642 -0.284104 -0.724615 -0.424476 0.0959451 
3.24226 -8.05503 -1.424 -0.466617 -0.275565 -0.718805 -0.43549 0.0954897 
3.2558 -8.0618 -1.35577 -0.470479 -0.266959 -0.71282 -0.446397 0.0950344 
3.26934 -8.06858 -1.28754 -0.474225 -0.258288 -0.706662 -0.457195 0.0945791 
3.28288 -8.07535 -1.2193 -0.477856 -0.249554 -0.700331 -0.467882 0.0941237 
3.29643 -8.08213 -1.15107 -0.48137 -0.240759 -0.693829 -0.478455 0.0936684 
3.30997 -8.08891 -1.08284 -0.484767 -0.231905 -0.687158 -0.488911 0.093213 
3.32351 -8.09568 -1.01461 -0.488046 -0.222995 -0.68032 -0.499248 0.0927577 
3.33706 -8.10246 -0.94638 -0.491206 -0.21403 -0.673316 -0.509464 0.0923024 
3.3506 -8.10923 -0.878149 -0.494246 -0.205014 -0.666148 -0.519555 0.091847 
3.36414 -8.11601 -0.809918 -0.497166 -0.195947 -0.658817 -0.529519 0.0913917 
3.37768 -8.12279 -0.741688 -0.499964 -0.186832 -0.651326 -0.539355 0.0909363 
3.39123 -8.12956 -0.673457 -0.502641 -0.177672 -0.643676 -0.549059 0.090481 
3.40477 -8.13634 -0.605226 -0.505195 -0.168469 -0.635869 -0.558629 0.0900257 
3.41831 -8.14312 -0.536995 -0.507626 -0.159225 -0.627907 -0.568063 0.0895703 
3.43185 -8.14989 -0.468764 -0.509933 -0.149942 -0.619792 -0.577359 0.089115 
3.4454 -8.15667 -0.400533 -0.512116 -0.140622 -0.611526 -0.586513 0.0886596 
3.45894 -8.16344 -0.332302 -0.514174 -0.131268 -0.603111 -0.595525 0.0882043 
3.47248 -8.17022 -0.264071 -0.516107 -0.121882 -0.594549 -0.604392 0.0877489 
3.48603 -8.177 -0.19584 -0.517914 -0.112466 -0.585842 -0.613111 0.0872936 
3.49957 -8.18377 -0.127609 -0.519595 -0.103023 -0.576993 -0.621681 0.0868383 
3.51311 -8.19055 -0.0593781 -0.521149 -0.0935548 -0.568002 -0.630099 0.0863829 
3.52665 -8.19732 0.00885285 -0.522576 -0.0840637 -0.558873 -0.638364 0.0859276 
3.5402 -8.2041 0.0770838 -0.523875 -0.0745522 -0.549608 -0.646473 0.0854722 
3.55374 -8.21088 0.145315 -0.525047 -0.0650225 -0.540209 -0.654425 0.0850169 
3.56728 -8.21765 0.213546 -0.526091 -0.0554769 -0.530678 -0.662217 0.0845616 
3.58082 -8.22443 0.281777 -0.527007 -0.0459178 -0.521018 -0.669847 0.0841062 
3.59437 -8.2312 0.350008 -0.527794 -0.0363476 -0.511231 -0.677315 0.0836509 
3.60791 -8.23798 0.418238 -0.528453 -0.0267684 -0.501319 -0.684617 0.0831955 
3.62145 -8.24476 0.486469 -0.528983 -0.0171828 -0.491285 -0.691752 0.0827402 
3.635 -8.25153 0.5547 -0.529383 -0.00759292 -0.481131 -0.698719 0.0822849 
3.64854 -8.25831 0.622931 -0.529655 0.00199879 -0.47086 -0.705515 0.0818295 
3.66208 -8.26508 0.691162 -0.529798 0.01159 -0.460475 -0.71214 0.0813742 
3.67562 -8.27186 0.759393 -0.529811 0.0211784 -0.449977 -0.718591 0.0809188 
3.68917 -8.27864 0.827624 -0.529696 0.0307616 -0.439369 -0.724866 0.0804635 
3.70271 -8.28541 0.895855 -0.529451 0.0403373 -0.428654 -0.730965 0.0800081 
3.71625 -8.29219 0.964086 -0.529077 0.0499032 -0.417835 -0.736886 0.0795528 
3.72979 -8.29897 1.03232 -0.528574 0.059457 -0.406914 -0.742627 0.0790975 
3.74334 -8.30574 1.10055 -0.527943 0.0689962 -0.395893 -0.748187 0.0786421 
3.75688 -8.31252 1.16878 -0.527183 0.0785186 -0.384776 -0.753565 0.0781868 
3.77042 -8.31929 1.23701 -0.526294 0.0880219 -0.373566 -0.758759 0.0777314 
3.78396 -8.32607 1.30524 -0.525277 0.0975037 -0.362264 -0.763768 0.0772761 
3.79751 -8.33285 1.37347 -0.524132 0.106962 -0.350874 -0.768591 0.0768208 
3.81105 -8.33962 1.4417 -0.522859 0.116394 -0.339398 -0.773227 0.0763654 
3.82459 -8.3464 1.50993 -0.521458 0.125797 -0.32784 -0.777674 0.0759101 
3.83814 -8.35317 1.57816 -0.519931 0.13517 -0.316202 -0.781932 0.0754547 
3.85168 -8.35995 1.6464 -0.518277 0.14451 -0.304487 -0.785999 0.0749994 
3.86522 -8.36673 1.71463 -0.516496 0.153815 -0.292697 -0.789874 0.074544 
3.87876 -8.3735 1.78286 -0.51459 0.163082 -0.280836 -0.793557 0.0740887 
3.89231 -8.38028 1.85109 -0.512558 0.17231 -0.268907 -0.797046 0.0736334 
3.90585 -8.38705 1.91932 -0.510401 0.181495 -0.256912 -0.800341 0.073178 
3.9642 -8.38487 1.99772 -0.515071 0.194978 -0.257776 -0.793875 0.0733554 
4.02256 -8.3827 2.07611 -0.519615 0.208412 -0.258576 -0.787213 0.0735329 
4.08091 -8.38052 2.15451 -0.52403 0.221794 -0.259312 -0.780357 0.0737103 
4.13927 -8.37834 2.2329 -0.528317 0.235123 -0.259984 -0.773309 0.0738877 
4.19762 -8.37616 2.3113 -0.532473 0.248393 -0.260593 -0.766071 0.0740651 
4.25598 -8.37398 2.3897 -0.536498 0.261602 -0.261137 -0.758644 0.0742426 
4.31433 -8.3718 2.46809 -0.540392 0.274747 -0.261617 -0.751031 0.07442 
4.37269 -8.36962 2.54649 -0.544152 0.287824 -0.262032 -0.743233 0.0745974 
4.43104 -8.36744 2.62489 -0.547778 0.300831 -0.262384 -0.735251 0.0747748 
4.4894 -8.36526 2.70328 -0.55127 0.313763 -0.26267 -0.727089 0.0749522 
4.54776 -8.36308 2.78168 -0.554626 0.326618 -0.262892 -0.718748 0.0751297 
4.60611 -8.36091 2.86007 -0.557845 0.339393 -0.263049 -0.71023 0.0753071 
4.66447 -8.35873 2.93847 -0.560927 0.352084 -0.263141 -0.701537 0.0754845 
4.72282 -8.35655 3.01687 -0.563871 0.364688 -0.263169 -0.692672 0.0756619 
4.78118 -8.35437 3.09526 -0.566676 0.377203 -0.263132 -0.683636 0.0758393 
4.83953 -8.35219 3.17366 -0.569342 0.389625 -0.26303 -0.674431 0.0760168 
4.89789 -8.35001 3.25206 -0.571868 0.401951 -0.262863 -0.665061 0.0761942 
4.95624 -8.34783 3.33045 -0.574252 0.414178 -0.262632 -0.655527 0.0763716 
5.0146 -8.34565 3.40885 -0.576496 0.426303 -0.262336 -0.645831 0.076549 
5.07295 -8.34347 3.48724 -0.578597 0.438323 -0.261976 -0.635977 0.0767264 
5.13131 -8.34129 3.56564 -0.580556 0.450235 -0.26155 -0.625966 0.0769039 
5.18966 -8.33911 3.64404 -0.582373 0.462037 -0.261061 -0.615801 0.0770813 
5.24802 -8.33694 3.72243 -0.584046 0.473724 -0.260507 -0.605485 0.0772587 
5.30637 -8.33476 3.80083 -0.585575 0.485296 -0.25989 -0.595019 0.0774361 
5.36473 -8.33258 3.87923 -0.58696 0.496747 -0.259208 -0.584407 0.0776136 
5.42308 -8.3304 3.95762 -0.5882 0.508077 -0.258462 -0.573651 0.077791 
5.48144 -8.32822 4.03602 -0.589296 0.519281 -0.257653 -0.562754 0.0779684 
5.53979 -8.32604 4.11442 -0.590247 0.530357 -0.25678 -0.551719 0.0781458 
5.59815 -8.32386 4.19281 -0.591052 0.541303 -0.255845 -0.540547 0.0783232 
5.6565 -8.32168 4.27121 -0.591712 0.552116 -0.254846 -0.529243 0.0785007 
5.71486 -8.3195 4.3496 -0.592226 0.562793 -0.253784 -0.517808 0.0786781 
5.77321 -8.31732 4.428 -0.592595 0.573331 -0.25266 -0.506246 0.0788555 
5.83157 -8.31515 4.5064 -0.592818 0.583729 -0.251474 -0.494559 0.0790329 
5.88992 -8.31297 4.58479 -0.592894 0.593982 -0.250226 -0.482751 0.0792103 
5.94828 -8.31079 4.66319 -0.592825 0.604089 -0.248916 -0.470823 0.0793878 
6.00663 -8.30861 4.74159 -0.59261 0.614048 -0.247546 -0.45878 0.0795652 
6.06499 -8.30643 4.81998 -0.592249 0.623856 -0.246114 -0.446624 0.0797426 
6.12334 -8.30425 4.89838 -0.591742 0.63351 -0.244621 -0.434358 0.07992 
6.1817 -8.30207 4.97677 -0.59109 0.643008 -0.243069 -0.421985 0.0800975 
6.24005 -8.29989 5.05517 -0.590292 0.652347 -0.241456 -0.409508 0.0802749 
6.29841 -8.29771 5.13357 -0.589349 0.661526 -0.239784 -0.396931 0.0804523 
6.35676 -8.29553 5.21196 -0.588261 0.670543 -0.238053 -0.384255 0.0806297 
6.41512 -8.29335 5.29036 -0.587028 0.679394 -0.236264 -0.371485 0.0808071 
6.47347 -8.29118 5.36876 -0.58565 0.688078 -0.234416 -0.358624 0.0809846 
6.53183 -8.289 5.44715 -0.584129 0.696593 -0.232511 -0.345675 0.081162 
6.59018 -8.28682 5.52555 -0.582463 0.704936 -0.230548 -0.33264 0.0813394 
6.64854 -8.28464 5.60394 -0.580654 0.713106 -0.228529 -0.319523 0.0815168 
6.70689 -8.28246 5.68234 -0.578703 0.7211 -0.226453 -0.306328 0.0816942 
6.76525 -8.28028 5.76074 -0.576608 0.728917 -0.224322 -0.293057 0.0818717 
6.8236 -8.2781 5.83913 -0.574372 0.736554 -0.222135 -0.279715 0.0820491 
6.88196 -8.27592 5.91753 -0.571995 0.74401 -0.219894 -0.266303 0.0822265 
6.94031 -8.27374 5.99593 -0.569477 0.751283 -0.217599 -0.252826 0.0824039 
6.99867 -8.27156 6.07432 -0.566818 0.758371 -0.21525 -0.239287 0.0825813 
7.05702 -8.26939 6.15272 -0.56402 0.765272 -0.212848 -0.225688 0.0827588 
7.11538 -8.26721 6.23112 -0.561083 0.771985 -0.210394 -0.212034 0.0829362 
7.17373 -8.26503 6.30951 -0.558009 0.778508 -0.207888 -0.198328 0.0831136 
7.23209 -8.26285 6.38791 -0.554796 0.78484 -0.20533 -0.184574 0.083291 
7.29044 -8.26067 6.4663 -0.551448 0.790978 -0.202723 -0.170773 0.0834685 
7.3488 -8.25849 6.5447 -0.547963 0.796921 -0.200065 -0.156931 0.0836459 
7.40715 -8.25631 6.6231 -0.544344 0.802668 -0.197358 -0.14305 0.0838233 
7.47306 -8.23049 6.52916 -0.538492 0.80853 -0.188906 -0.143596 0.0887977 
7.53897 -8.20467 6.43523 -0.532566 0.814278 -0.180427 -0.144122 0.0937721 
7.60488 -8.17884 6.3413 -0.526564 0.819912 -0.171923 -0.144628 0.0987465 
7.67078 -8.15302 6.24736 -0.520489 0.825431 -0.163395 -0.145113 0.103721 
7.73669 -8.1272 6.15343 -0.514341 0.830833 -0.154843 -0.145578 0.108695 
7.8026 -8.10138 6.0595 -0.50812 0.83612 -0.14627 -0.146023 0.11367 
7.86851 -8.07556 5.96557 -0.501828 0.841289 -0.137677 -0.146447 0.118644 
7.93441 -8.04973 5.87163 -0.495466 0.84634 -0.129064 -0.146851 0.123619 
8.00032 -8.02391 5.7777 -0.489034 0.851272 -0.120433 -0.147234 0.128593 
8.06623 -7.99809 5.68377 -0.482533 0.856085 -0.111785 -0.147596 0.133567 
8.13214 -7.97227 5.58983 -0.475965 0.860777 -0.103122 -0.147938 0.138542 
8.19804 -7.94644 5.4959 -0.46933 0.865349 -0.094444 -0.148259 0.143516 
8.26395 -7.92062 5.40197 -0.462629 0.869799 -0.0857528 -0.148559 0.148491 
8.32986 -7.8948 5.30804 -0.455864 0.874127 -0.0770496 -0.148838 0.153465 
8.39577 -7.86898 5.2141 -0.449034 0.878333 -0.0683356 -0.149096 0.15844 
8.46167 -7.84316 5.12017 -0.442141 0.882415 -0.0596119 -0.149334 0.163414 
8.52758 -7.81733 5.02624 -0.435186 0.886374 -0.0508799 -0.14955 0.168388 
8.59349 -7.79151 4.9323 -0.428171 0.890208 -0.0421408 -0.149746 0.173363 
8.6594 -7.76569 4.83837 -0.421095 0.893917 -0.0333957 -0.14992 0.178337 
8.7253 -7.73987 4.74444 -0.41396 0.897501 -0.024646 -0.150074 0.183312 
8.79121 -7.71404 4.65051 -0.406766 0.900959 -0.0158928 -0.150206 0.188286 
8.85712 -7.68822 4.55657 -0.399516 0.90429 -0.00713733 -0.150317 0.19326 
8.92303 -7.6624 4.46264 -0.39221 0.907495 0.00161911 -0.150407 0.198235 
8.98893 -7.63658 4.36871 -0.384849 0.910572 0.0103753 -0.150476 0.203209 
9.05484 -7.61076 4.27477 -0.377433 0.913521 0.0191301 -0.150524 0.208184 
9.12075 -7.58493 4.18084 -0.369965 0.916342 0.0278821 -0.150551 0.213158 
9.18666 -7.55911 4.08691 -0.362445 0.919035 0.0366303 -0.150557 0.218132 
9.25256 -7.53329 3.99298 -0.354874 0.921598 0.0453733 -0.150542 0.223107 
9.31847 -7.50747 3.89904 -0.347253 0.924032 0.05411 -0.150505 0.228081 
9.38438 -7.48164 3.80511 -0.339583 0.926337 0.062839 -0.150447 0.233056 
9.45028 -7.45582 3.71118 -0.331866 0.928511 0.0715592 -0.150368 0.23803 
9.51619 -7.43 3.61724 -0.324102 0.930556 0.0802694 -0.150269 0.243005 
9.5821 -7.40418 3.52331 -0.316293 0.932469 0.0889684 -0.150148 0.247979 
9.64801 -7.37836 3.42938 -0.308439 0.934252 0.0976548 -0.150006 0.252953 
9.71391 -7.35253 3.33545 -0.300542 0.935904 0.106328 -0.149842 0.257928 
9.77982 -7.32671 3.24151 -0.292603 0.937424 0.114985 -0.149658 0.262902 
9.84573 -7.30089 3.14758 -0.284623 0.938813 0.123627 -0.149453 0.267877 
9.91164 -7.27507 3.05365 -0.276602 0.94007 0.132251 -0.149227 0.272851 
9.97754 -7.24924 2.95971 -0.268544 0.941195 0.140857 -0.14898 0.277825 
10.0435 -7.22342 2.86578 -0.260447 0.942188 0.149443 -0.148712 0.2828 
10.1094 -7.1976 2.77185 -0.252314 0.943049 0.158008 -0.148423 0.287774 
10.1753 -7.17178 2.67791 -0.244145 0.943778 0.166551 -0.148114 0.292749 
10.2412 -7.14596 2.58398 -0.235942 0.944374 0.175071 -0.147783 0.297723 
10.3071 -7.12013 2.49005 -0.227706 0.944837 0.183565 -0.147432 0.302698 
10.373 -7.09431 2.39612 -0.219438 0.945168 0.192035 -0.14706 0.307672 
10.4389 -7.06849 2.30218 -0.211139 0.945366 0.200477 -0.146668 0.312646 
10.5048 -7.04267 2.20825 -0.202811 0.945432 0.208891 -0.146255 0.317621 
10.5707 -7.01684 2.11432 -0.194454 0.945365 0.217276 -0.145821 0.322595 
10.6366 -6.99102 2.02038 -0.18607 0.945165 0.22563 -0.145367 0.32757 
10.7025 -6.9652 1.92645 0.17766 -0.944833 -0.233953 0.144893 0.332544 
10.6912 -6.88596 1.80697 0.171502 -0.942203 -0.247651 0.146662 0.329398 
10.6798 -6.80672 1.68748 0.165305 -0.93935 -0.261292 0.148397 0.326252 
10.6685 -6.72748 1.568 0.159068 -0.936277 -0.27487 0.150098 0.323106 
10.6571 -6.64824 1.44851 0.152794 -0.932983 -0.288384 0.151762 0.31996 
10.6458 -6.569 1.32903 0.146484 -0.929469 -0.30183 0.153391 0.316815 
10.6345 -6.48976 1.20954 0.14014 -0.925736 -0.315205 0.154984 0.313669 
10.6231 -6.41052 1.09006 0.133762 -0.921784 -0.328506 0.156541 0.310523 
10.6118 -6.33128 0.970572 0.127353 -0.917616 -0.341729 0.15806 0.307377 
10.6004 -6.25204 0.851087 0.120914 -0.913232 -0.354872 0.159542 0.304231 
10.5891 -6.1728 0.731602 0.114446 -0.908632 -0.367931 0.160987 0.301085 
10.5777 -6.09356 0.612117 0.107951 -0.903818 -0.380904 0.162394 0.297939 
10.5664 -6.01432 0.492632 0.101431 -0.898791 -0.393787 0.163762 0.294793 
10.555 -5.93508 0.373147 0.0948875 -0.893553 -0.406576 0.165092 0.291647 
10.5437 -5.85584 0.253662 0.0883212 -0.888104 -0.419271 0.166383 0.288502 
10.5323 -5.7766 0.134177 0.0817342 -0.882445 -0.431866 0.167635 0.285356 
10.521 -5.69736 0.0146923 0.0751278 -0.876579 -0.44436 0.168847 0.28221 
10.5097 -5.61812 -0.104793 0.0685038 -0.870506 -0.456748 0.17002 0.279064 
10.4983 -5.53888 -0.224278 0.0618636 -0.864229 -0.46903 0.171152 0.275918 
10.487 -5.45964 -0.343763 0.0552088 -0.857747 -0.4812 0.172244 0.272772 
10.4756 -5.3804 -0.463247 0.0485411 -0.851063 -0.493258 0.173296 0.269626 
10.4643 -5.30116 -0.582732 0.0418619 -0.844179 -0.505199 0.174307 0.26648 
10.4529 -5.22192 -0.702217 0.0351728 -0.837096 -0.517021 0.175276 0.263334 
10.4416 -5.14268 -0.821702 0.0284754 -0.829816 -0.528722 0.176205 0.260188 
10.4302 -5.06344 -0.941187 0.0217714 -0.82234 -0.540297 0.177091 0.257043 
10.4189 -4.9842 -1.06067 0.0150622 -0.814671 -0.551746 0.177937 0.253897 
10.4076 -4.90496 -1.18016 0.00834942 -0.806809 -0.563064 0.17874 0.250751 
10.3962 -4.82572 -1.29964 0.00163471 -0.798758 -0.57425 0.179501 0.247605 
10.3849 -4.74648 -1.41913 -0.00508039 -0.790518 -0.5853 0.18022 0.244459 
10.3735 -4.66725 -1.53861 -0.0117943 -0.782092 -0.596213 0.180896 0.241313 
10.3622 -4.58801 -1.6581 -0.0185054 -0.773482 -0.606985 0.18153 0.238167 
10.3508 -4.50877 -1.77758 -0.0252122 -0.764689 -0.617614 0.18212 0.235021 
10.3395 -4.42953 -1.89707 -0.031913 -0.755716 -0.628098 0.182668 0.231875 
10.3281 -4.35029 -2.01655 -0.0386063 -0.746565 -0.638433 0.183173 0.228729 
10.3168 -4.27105 -2.13604 -0.0452905 -0.737239 -0.648618 0.183635 0.225584 
10.3054 -4.19181 -2.25552 -0.051964 -0.727738 -0.658651 0.184054 0.222438 
10.2941 -4.11257 -2.37501 -0.0586253 -0.718067 -0.668528 0.184429 0.219292 
10.2828 -4.03333 -2.49449 -0.0652728 -0.708225 -0.678247 0.184761 0.216146 
10.2714 -3.95409 -2.61398 -0.0719049 -0.698218 -0.687807 0.185049 0.213 
10.2601 -3.87485 -2.73346 -0.0785201 -0.688045 -0.697205 0.185293 0.209854 
10.2487 -3.79561 -2.85295 -0.0851167 -0.677711 -0.706439 0.185494 0.206708 
10.2374 -3.71637 -2.97243 -0.0916933 -0.667216 -0.715506 0.185652 0.203562 
10.226 -3.63713 -3.09192 -0.0982483 -0.656565 -0.724404 0.185765 0.200416 
10.3385 -3.54466 -3.02314 -0.0973804 -0.662579 -0.720262 0.180913 0.195418 
10.4509 -3.4522 -2.95436 -0.096505 -0.668541 -0.716064 0.176047 0.190419 
10.5633 -3.35973 -2.88558 -0.0956221 -0.674451 -0.71181 0.171167 0.185421 
10.6757 -3.26727 -2.8168 -0.0947318 -0.680309 -0.707501 0.166274 0.180422 
10.7881 -3.1748 -2.74802 -0.0938341 -0.686114 -0.703138 0.161368 0.175424 
10.9006 -3.08234 -2.67924 -0.0929291 -0.691866 -0.698719 0.15645 0.170425 
11.013 -2.98987 -2.61046 -0.092017 -0.697565 -0.694247 0.151519 0.165427 
11.1254 -2.89741 -2.54169 -0.0910976 -0.703209 -0.68972 0.146577 0.160428 
11.2378 -2.80495 -2.47291 -0.0901712 -0.708798 -0.68514 0.141623 0.15543 
11.3502 -2.71248 -2.40413 -0.0892379 -0.714333 -0.680507 0.136658 0.150431 
11.4627 -2.62002 -2.33535 -0.0882975 -0.719812 -0.675821 0.131683 0.145433 
11.5751 -2.52755 -2.26657 -0.0873504 -0.725235 -0.671083 0.126697 0.140434 
11.6875 -2.43509 -2.19779 -0.0863964 -0.730602 -0.666292 0.121702 0.135436 
11.7999 -2.34262 -2.12901 -0.0854358 -0.735912 -0.66145 0.116697 0.130437 
11.9124 -2.25016 -2.06023 -0.0844685 -0.741165 -0.656556 0.111683 0.125439 
12.0248 -2.15769 -1.99146 -0.0834946 -0.746361 -0.651612 0.10666 0.12044 
12.1372 -2.06523 -1.92268 -0.0825143 -0.751498 -0.646617 0.101629 0.115442 
12.2496 -1.97276 -1.8539 -0.0815276 -0.756578 -0.641571 0.0965906 0.110443 
12.362 -1.8803 -1.78512 -0.0805345 -0.761598 -0.636476 0.0915444 0.105445 
12.4745 -1.78783 -1.71634 -0.0795352 -0.76656 -0.631332 0.086491 0.100446 
12.5869 -1.69537 -1.64756 -0.0785297 -0.771462 -0.626138 0.0814309 0.095448 
12.6993 -1.6029 -1.57878 -0.0775181 -0.776304 -0.620896 0.0763645 0.0904495 
12.8117 -1.51044 -1.51 -0.0765005 -0.781086 -0.615606 0.0712922 0.085451 
12.9242 -1.41798 -1.44122 -0.075477 -0.785807 -0.610268 0.0662143 0.0804525 
13.0366 -1.32551 -1.37245 -0.0744476 -0.790467 -0.604882 0.0611313 0.075454 
13.149 -1.23305 -1.30367 -0.0734125 -0.795066 -0.59945 0.0560436 0.0704555 
13.2614 -1.14058 -1.23489 -0.0723716 -0.799603 -0.593971 0.0509515 0.065457 
13.3738 -1.04812 -1.16611 -0.0713251 -0.804078 -0.588446 0.0458554 0.0604585 
13.4863 -0.955652 -1.09733 -0.0702731 -0.808491 -0.582875 0.0407558 0.05546 
13.5987 -0.863187 -1.02855 -0.0692156 -0.812841 -0.577259 0.0356531 0.0504615 
13.7111 -0.770722 -0.959773 -0.0681528 -0.817128 -0.571598 0.0305475 0.045463 
13.8235 -0.678258 -0.890994 -0.0670846 -0.821351 -0.565893 0.0254396 0.0404645 
13.936 -0.585793 -0.822215 -0.0660113 -0.825511 -0.560144 0.0203297 0.035466 
14.0484 -0.493328 -0.753436 -0.0649328 -0.829606 -0.554352 0.0152183 0.0304675 
14.1608 -0.400864 -0.684657 -0.0638493 -0.833637 -0.548516 0.0101056 0.025469 
14.2732 -0.308399 -0.615878 -0.0627608 -0.837604 -0.542638 0.00499221 0.0204705 
14.3856 -0.215934 -0.5471 -0.0616675 -0.841505 -0.536718 -0.000121601 0.015472 
14.4981 -0.12347 -0.478321 -0.0605694 -0.845341 -0.530756 -0.00523541 0.0104735 
14.6105 -0.031005 -0.409542 -0.0594666 -0.849112 -0.524753 -0.0103488 0.00547505 

