0 0 0 0 0 0 1 4.68859e-310 
0.0267828 -0.0183863 -0.0870927 0.00298911 -0.00379852 -0.000185857 0.999988 0.00220844 
0.116834 -0.0215006 -0.0863291 -0.00548103 -0.00664804 -0.00430712 0.999954 0.00225901 
0.206885 -0.0246149 -0.0855655 -0.0139506 -0.00949691 -0.00842796 0.999822 0.00230958 
0.296936 -0.0277292 -0.0848018 -0.0224189 -0.0123449 -0.012548 0.999594 0.00236015 
0.386987 -0.0308435 -0.0840382 -0.030885 -0.0151916 -0.0166668 0.999269 0.00241072 
0.477038 -0.0339578 -0.0832746 -0.0393481 -0.0180369 -0.020784 0.998847 0.0024613 
0.56709 -0.0370721 -0.0825109 -0.0478074 -0.0208804 -0.0248992 0.998328 0.00251187 
0.657141 -0.0401864 -0.0817473 -0.056262 -0.023722 -0.029012 0.997712 0.00256244 
0.747192 -0.0433007 -0.0809837 -0.0647112 -0.0265612 -0.0331219 0.997 0.00261301 
0.837243 -0.046415 -0.08022 -0.0731541 -0.0293978 -0.0372287 0.996192 0.00266358 
0.927294 -0.0495293 -0.0794564 -0.08159 -0.0322316 -0.0413318 0.995287 0.00271415 
1.01735 -0.0526436 -0.0786928 -0.0900179 -0.0350623 -0.045431 0.994285 0.00276472 
1.1074 -0.0557579 -0.0779291 -0.0984372 -0.0378896 -0.0495257 0.993188 0.0028153 
1.19745 -0.0588722 -0.0771655 -0.106847 -0.0407132 -0.0536157 0.991994 0.00286587 
1.2875 -0.0619865 -0.0764019 -0.115246 -0.0435329 -0.0577004 0.990704 0.00291644 
1.37755 -0.0651008 -0.0756382 -0.123634 -0.0463483 -0.0617796 0.989318 0.00296701 
1.4676 -0.0682151 -0.0748746 -0.132011 -0.0491593 -0.0658528 0.987836 0.00301758 
1.55765 -0.0713294 -0.074111 -0.140374 -0.0519655 -0.0699196 0.986259 0.00306815 
1.6477 -0.0744437 -0.0733473 -0.148724 -0.0547667 -0.0739796 0.984586 0.00311872 
1.73775 -0.077558 -0.0725837 -0.157059 -0.0575625 -0.0780325 0.982817 0.0031693 
1.82781 -0.0806723 -0.0718201 -0.16538 -0.0603528 -0.0820778 0.980954 0.00321987 
1.91786 -0.0837866 -0.0710564 -0.173684 -0.0631373 -0.0861152 0.978995 0.00327044 
2.00791 -0.0869009 -0.0702928 -0.181971 -0.0659156 -0.0901442 0.976942 0.00332101 
2.09796 -0.0900152 -0.0695292 -0.190241 -0.0686876 -0.0941645 0.974794 0.00337158 
2.18801 -0.0931295 -0.0687655 -0.198492 -0.0714529 -0.0981757 0.972552 0.00342215 
2.27806 -0.0962438 -0.0680019 -0.206724 -0.0742112 -0.102177 0.970215 0.00347272 
2.36811 -0.0993581 -0.0672383 -0.214936 -0.0769624 -0.106169 0.967785 0.0035233 
2.45816 -0.102472 -0.0664746 -0.223128 -0.0797062 -0.110151 0.96526 0.00357387 
2.54821 -0.105587 -0.065711 -0.231297 -0.0824422 -0.114121 0.962643 0.00362444 
2.63827 -0.108701 -0.0649474 -0.239445 -0.0851702 -0.118081 0.959932 0.00367501 
2.72832 -0.111815 -0.0641837 -0.247569 -0.08789 -0.12203 0.957128 0.00372558 
2.81837 -0.11493 -0.0634201 -0.255669 -0.0906013 -0.125966 0.954231 0.00377615 
2.90842 -0.118044 -0.0626565 -0.263744 -0.0933037 -0.12989 0.951242 0.00382672 
2.99847 -0.121158 -0.0618928 -0.271794 -0.0959972 -0.133802 0.948161 0.0038773 
3.08852 -0.124272 -0.0611292 -0.279817 -0.0986814 -0.137701 0.944988 0.00392787 
3.17857 -0.127387 -0.0603656 -0.287814 -0.101356 -0.141586 0.941724 0.00397844 
3.26862 -0.130501 -0.0596019 -0.295782 -0.104021 -0.145458 0.938368 0.00402901 
3.35867 -0.133615 -0.0588383 -0.303722 -0.106675 -0.149316 0.934921 0.00407958 
3.44873 -0.13673 -0.0580747 -0.311633 -0.10932 -0.153159 0.931384 0.00413015 
3.53878 -0.139844 -0.057311 -0.319513 -0.111954 -0.156987 0.927757 0.00418072 
3.62883 -0.142958 -0.0565474 -0.327362 -0.114577 -0.1608 0.92404 0.0042313 
3.71888 -0.146073 -0.0557838 -0.33518 -0.117188 -0.164598 0.920233 0.00428187 
3.80893 -0.149187 -0.0550201 -0.342965 -0.119789 -0.16838 0.916337 0.00433244 
3.89898 -0.152301 -0.0542565 -0.350717 -0.122378 -0.172145 0.912353 0.00438301 
3.98903 -0.155415 -0.0534929 -0.358435 -0.124955 -0.175894 0.90828 0.00443358 
4.07908 -0.15853 -0.0527292 -0.366118 -0.12752 -0.179625 0.904119 0.00448415 
4.16913 -0.161644 -0.0519656 -0.373766 -0.130072 -0.183339 0.899871 0.00453472 
4.17345 -0.171586 0.0364179 -0.367555 -0.136731 -0.179659 0.902181 0.00539971 
4.17193 -0.170093 0.0909675 -0.383086 -0.121501 -0.204042 0.892664 0.0167732 
4.17235 -0.186319 0.176568 -0.38306 -0.129347 -0.198293 0.892869 0.0199186 
4.1592 -0.231481 0.261357 -0.381131 -0.127551 -0.199565 0.893669 0.0199154 
4.14718 -0.319392 0.277363 -0.389298 -0.131123 -0.199353 0.88967 0.0199816 
4.14198 -0.359131 0.356848 -0.389663 -0.123472 -0.203095 0.889758 0.0224391 
4.13957 -0.435128 0.364619 -0.381636 -0.13591 -0.21125 0.889526 0.0291055 
4.13103 -0.479317 0.441171 -0.3847 -0.125255 -0.21083 0.88987 0.0290075 
4.108 -0.51423 0.516118 -0.393073 -0.12464 -0.210402 0.886391 0.0340791 
4.09876 -0.588623 0.553869 -0.395623 -0.113592 -0.206064 0.887759 0.0379294 
4.12565 -0.613407 0.614196 -0.380254 -0.115062 -0.193145 0.897142 0.0451728 
4.14253 -0.599834 0.677479 -0.372418 -0.123132 -0.166737 0.904623 0.0486211 
4.14661 -0.674242 0.695888 -0.361847 -0.107808 -0.163884 0.911365 0.0518559 
4.16591 -0.729799 0.758302 -0.359226 -0.101461 -0.155899 0.914526 0.0551023 
4.16325 -0.81127 0.775901 -0.368414 -0.102822 -0.167629 0.908625 0.0545792 
4.13751 -0.834159 0.855318 -0.361916 -0.109526 -0.170598 0.9099 0.0581357 
4.13379 -0.86829 0.928286 -0.357739 -0.101851 -0.158428 0.914631 0.0617829 
4.09451 -0.909168 1.00635 -0.356522 -0.101226 -0.159807 0.914936 0.0633385 
4.07808 -0.967499 1.07046 -0.34986 -0.108183 -0.162534 0.91623 0.065021 
4.12154 -0.97982 1.14401 -0.343911 -0.102084 -0.157584 0.920039 0.0681416 
4.09274 -1.0527 1.17731 -0.349425 -0.0961134 -0.150227 0.919835 0.072028 
4.1042 -1.1236 1.23821 -0.354164 -0.0946461 -0.150392 0.918146 0.0714327 
4.10678 -1.20855 1.23269 -0.356264 -0.104516 -0.146637 0.91687 0.0754268 
4.10899 -1.2313 1.31488 -0.354369 -0.0923858 -0.139971 0.919943 0.0758178 
4.13981 -1.28853 1.37224 -0.350029 -0.0923936 -0.148531 0.920262 0.0795174 
4.1621 -1.35962 1.41834 -0.359543 -0.0925274 -0.144991 0.91714 0.0812841 
4.20426 -1.34394 1.48716 -0.355362 -0.106849 -0.135601 0.918648 0.0811825 
4.24662 -1.39271 1.53865 -0.359705 -0.0929404 -0.134826 0.918584 0.0839786 
4.26657 -1.463 1.57232 -0.348826 -0.0992193 -0.124392 0.923581 0.0864482 
4.25425 -1.49128 1.65357 -0.344113 -0.104273 -0.114699 0.926044 0.0855163 
4.22347 -1.56081 1.66292 -0.340033 -0.0847347 -0.113376 0.929701 0.0885764 
4.2188 -1.62793 1.71509 -0.337534 -0.0712857 -0.114549 0.931594 0.0895793 
4.2655 -1.70294 1.72499 -0.340634 -0.0661122 -0.122918 0.929779 0.0889644 
4.29724 -1.7824 1.73826 -0.350545 -0.0599105 -0.12082 0.926785 0.0901251 
4.2746 -1.86244 1.74775 -0.353639 -0.0727218 -0.127143 0.923843 0.0914923 
4.26918 -1.92168 1.80387 -0.337676 -0.0737177 -0.132731 0.928936 0.0920239 
4.25327 -1.97921 1.84739 -0.347422 -0.0525477 -0.126929 0.927591 0.0940977 
4.28712 -2.05817 1.8559 -0.348668 -0.041935 -0.121536 0.928386 0.0957734 
4.34404 -2.06219 1.92635 -0.348995 -0.0391103 -0.129972 0.927243 0.0961384 
4.41671 -2.11154 1.94161 -0.34206 -0.0369736 -0.128619 0.9301 0.0990667 
4.43985 -2.12162 2.02116 -0.350312 -0.047035 -0.133669 0.925852 0.101016 
4.41186 -2.20312 2.03989 -0.358753 -0.0480181 -0.125869 0.92366 0.101089 
4.40513 -2.2572 2.10424 -0.358684 -0.0387835 -0.136394 0.922626 0.102724 
4.44332 -2.29367 2.16448 -0.34709 -0.0289815 -0.137672 0.927219 0.106699 
4.48205 -2.36503 2.13624 -0.346634 -0.0264431 -0.148075 0.925861 0.109937 
4.53883 -2.42819 2.16691 -0.34076 -0.0294573 -0.143287 0.9287 0.10887 
4.62114 -2.45715 2.19837 -0.342568 -0.0335223 -0.143714 0.927831 0.111556 
4.63125 -2.47039 2.27681 -0.351715 -0.0421153 -0.154908 0.92224 0.113653 
4.70975 -2.50093 2.29696 -0.351916 -0.0347778 -0.163591 0.920969 0.115605 
4.76607 -2.55783 2.33091 -0.351942 -0.0343023 -0.152812 0.922827 0.11769 
4.7815 -2.62052 2.38176 -0.357317 -0.0291284 -0.168286 0.918235 0.117653 
4.79714 -2.68075 2.38949 -0.373893 -0.00992747 -0.148179 0.915504 0.122465 
4.84187 -2.75357 2.38755 -0.375296 -0.0195479 -0.151375 0.914252 0.126666 
4.83602 -2.83685 2.38078 -0.382409 -0.0196407 -0.163999 0.909111 0.125791 
4.90512 -2.88658 2.41206 -0.379788 -0.0216308 -0.172551 0.908581 0.125671 
4.95329 -2.90903 2.48959 -0.381378 -0.0235754 -0.176164 0.907172 0.124287 
5.01718 -2.94433 2.52829 -0.383775 -0.0214109 -0.191312 0.903138 0.125666 
5.07227 -2.99254 2.58451 -0.387175 -0.0182902 -0.192432 0.901516 0.128339 
5.1305 -3.05033 2.60622 -0.378053 -0.00862387 -0.192013 0.905612 0.127118 
5.18538 -3.04406 2.66971 -0.386234 -0.0121541 -0.199517 0.900482 0.130232 
5.24271 -3.09348 2.64086 -0.378126 4.80885e-05 -0.201468 0.903566 0.134123 
5.29173 -3.16051 2.63336 -0.366431 0.00113411 -0.192547 0.910304 0.133712 
5.35037 -3.13522 2.68294 -0.377625 0.0126731 -0.189357 0.906302 0.135989 
5.405 -3.16579 2.74979 -0.376003 0.00474108 -0.190854 0.906738 0.135818 
5.46845 -3.17894 2.80749 -0.377198 -0.00449355 -0.197788 0.904755 0.137281 
5.51642 -3.23979 2.84574 -0.383003 -0.00905415 -0.187778 0.904415 0.138425 
5.54455 -3.28393 2.89431 -0.395834 0.00431213 -0.168999 0.902628 0.136277 
5.51295 -3.33546 2.95606 -0.391954 0.00302984 -0.157087 0.90647 0.135847 
5.46238 -3.36092 3.01766 -0.403082 0.00297489 -0.164146 0.900318 0.137632 
5.48758 -3.43829 2.98929 -0.409997 0.00291318 -0.172636 0.895595 0.139531 
5.54239 -3.47013 2.98723 -0.411965 0.00893208 -0.205719 0.887629 0.141494 
5.59785 -3.51718 3.03997 -0.409106 0.00489356 -0.211175 0.887701 0.144291 
5.67508 -3.55581 3.03918 -0.417742 -0.00453395 -0.208726 0.884254 0.144108 
5.7593 -3.56026 3.04834 -0.428354 0.00484299 -0.206177 0.879762 0.144198 
5.83216 -3.5783 3.09575 -0.431914 0.0140575 -0.210408 0.876916 0.144295 
5.91605 -3.56986 3.11152 -0.441943 0.0102288 -0.202211 0.873895 0.144686 
5.99943 -3.56254 3.09294 -0.446075 0.0229576 -0.202368 0.871514 0.144022 
6.08282 -3.55523 3.07436 -0.450125 0.0356823 -0.202489 0.868972 0.143358 
6.1662 -3.54791 3.05578 -0.454092 0.0484004 -0.202572 0.866269 0.142693 
6.23729 -3.53248 3.08922 -0.460771 0.0557636 -0.187037 0.865793 0.141203 
6.30981 -3.54612 3.12151 -0.452966 0.0413469 -0.178947 0.872405 0.141196 
6.36218 -3.5207 3.18793 -0.453488 0.0475294 -0.172897 0.873039 0.144188 
6.41074 -3.5669 3.23862 -0.459156 0.061372 -0.172027 0.869377 0.144735 
6.4655 -3.59842 3.28915 -0.472746 0.0631279 -0.171579 0.862025 0.148268 
6.51472 -3.6579 3.24685 -0.48129 0.0636779 -0.172965 0.856964 0.150187 
6.59366 -3.69319 3.23401 -0.473024 0.0686063 -0.168292 0.862102 0.149468 
6.67524 -3.6889 3.21131 -0.476483 0.0822513 -0.169561 0.858748 0.148787 
6.75683 -3.6846 3.18861 -0.47984 0.095879 -0.170795 0.855213 0.148106 
6.8044 -3.74337 3.21845 -0.490603 0.0901119 -0.164364 0.850984 0.152385 
6.81225 -3.81577 3.25966 -0.502873 0.0932886 -0.156875 0.844871 0.152774 
6.83779 -3.87002 3.33152 -0.500225 0.0942853 -0.15451 0.846766 0.155034 
6.91335 -3.90086 3.33675 -0.504136 0.096955 -0.168461 0.841467 0.157595 
6.9806 -3.9481 3.36903 -0.499164 0.0958051 -0.161158 0.845981 0.155878 
7.04626 -3.95912 3.35695 -0.506214 0.0704939 -0.158196 0.844838 0.161746 
7.12478 -3.93783 3.33102 -0.509235 0.0834175 -0.159246 0.841643 0.160826 
7.2033 -3.91653 3.30509 -0.512159 0.0963254 -0.160267 0.838289 0.159906 
7.28182 -3.89524 3.27915 -0.514988 0.109215 -0.161258 0.834779 0.158986 
7.36033 -3.87395 3.25322 -0.51772 0.122085 -0.162218 0.831112 0.158066 
7.43885 -3.85265 3.22728 -0.520355 0.134931 -0.163148 0.827289 0.157146 
7.50135 -3.90711 3.21649 -0.519362 0.145371 -0.151693 0.828324 0.156299 
7.57687 -3.93559 3.20598 -0.533184 0.147568 -0.150392 0.819342 0.158219 
7.64827 -3.94693 3.25719 -0.532259 0.151464 -0.142377 0.820663 0.160567 
7.69247 -3.98134 3.20127 -0.544967 0.148481 -0.131421 0.814673 0.163349 
7.73053 -4.0331 3.24975 -0.543355 0.165831 -0.132901 0.812159 0.161505 
7.8114 -4.02715 3.22915 -0.545453 0.180471 -0.134212 0.807402 0.160767 
7.89228 -4.0212 3.20854 -0.547419 0.195068 -0.13549 0.802449 0.16003 
7.97315 -4.01525 3.18794 -0.549251 0.209617 -0.136734 0.7973 0.159292 
8.05403 -4.0093 3.16733 -0.55095 0.224115 -0.137946 0.791958 0.158555 
8.1349 -4.00335 3.14672 -0.552514 0.238559 -0.139124 0.786424 0.157817 
8.21578 -3.9974 3.12612 -0.553945 0.252945 -0.140268 0.780698 0.15708 
8.29665 -3.99145 3.10551 -0.555241 0.267269 -0.141378 0.774782 0.156342 
8.37753 -3.9855 3.0849 -0.556401 0.281529 -0.142454 0.768678 0.155604 
8.4584 -3.97955 3.0643 -0.557427 0.29572 -0.143495 0.762387 0.154867 
8.53928 -3.97359 3.04369 -0.558317 0.309839 -0.144502 0.755911 0.154129 
8.62015 -3.96764 3.02308 -0.559071 0.323882 -0.145473 0.749251 0.153392 
8.70103 -3.96169 3.00248 -0.55969 0.337847 -0.146408 0.742409 0.152654 
8.7819 -3.95574 2.98187 -0.560172 0.35173 -0.147309 0.735386 0.151917 
8.86278 -3.94979 2.96127 -0.560518 0.365528 -0.148173 0.728185 0.151179 
8.94365 -3.94384 2.94066 -0.560728 0.379236 -0.149001 0.720807 0.150442 
9.02453 -3.93789 2.92005 -0.560802 0.392853 -0.149793 0.713253 0.149704 
9.1054 -3.93194 2.89945 -0.560739 0.406373 -0.150549 0.705526 0.148967 
9.18628 -3.92599 2.87884 -0.56054 0.419795 -0.151268 0.697628 0.148229 
9.26715 -3.92004 2.85823 -0.560205 0.433115 -0.15195 0.68956 0.147492 
9.34803 -3.91409 2.83763 -0.559734 0.44633 -0.152596 0.681324 0.146754 
9.4289 -3.90814 2.81702 -0.559126 0.459436 -0.153204 0.672923 0.146017 
9.50978 -3.90219 2.79641 -0.558383 0.472431 -0.153775 0.664358 0.145279 
9.59065 -3.89624 2.77581 -0.557504 0.48531 -0.154309 0.655631 0.144542 
9.67153 -3.89029 2.7552 -0.556489 0.498072 -0.154805 0.646745 0.143804 
9.7524 -3.88434 2.73459 -0.555339 0.510713 -0.155264 0.637702 0.143067 
9.83328 -3.87839 2.71399 -0.554054 0.523229 -0.155684 0.628504 0.142329 
9.91415 -3.87243 2.69338 -0.552634 0.535618 -0.156067 0.619154 0.141591 
9.99503 -3.86648 2.67278 -0.55108 0.547878 -0.156412 0.609652 0.140854 
10.0759 -3.86053 2.65217 -0.549392 0.560003 -0.156719 0.600003 0.140116 
10.1568 -3.85458 2.63156 -0.547571 0.571993 -0.156988 0.590207 0.139379 
10.2377 -3.84863 2.61096 -0.545616 0.583844 -0.157219 0.580269 0.138641 
10.3185 -3.84268 2.59035 -0.543529 0.595553 -0.157411 0.570189 0.137904 
10.3994 -3.83673 2.56974 -0.541309 0.607117 -0.157566 0.55997 0.137166 
10.4803 -3.83078 2.54914 -0.538959 0.618533 -0.157681 0.549616 0.136429 
10.5612 -3.82483 2.52853 -0.536477 0.629799 -0.157759 0.539127 0.135691 
10.642 -3.81888 2.50792 -0.533864 0.640912 -0.157798 0.528508 0.134954 
10.7229 -3.81293 2.48732 -0.531122 0.651869 -0.157799 0.51776 0.134216 
10.8038 -3.80698 2.46671 -0.528251 0.662668 -0.157762 0.506887 0.133479 
10.8847 -3.80103 2.4461 -0.525251 0.673305 -0.157686 0.49589 0.132741 
10.9655 -3.79508 2.4255 -0.522123 0.683779 -0.157572 0.484772 0.132004 
11.0464 -3.78913 2.40489 -0.518869 0.694087 -0.157419 0.473537 0.131266 
11.1273 -3.78318 2.38429 -0.515489 0.704226 -0.157229 0.462187 0.130529 
11.2082 -3.77722 2.36368 -0.511983 0.714194 -0.157 0.450724 0.129791 
11.289 -3.77127 2.34307 -0.508353 0.723988 -0.156732 0.439152 0.129053 
11.3699 -3.76532 2.32247 -0.504599 0.733606 -0.156427 0.427473 0.128316 
11.4508 -3.75937 2.30186 -0.500722 0.743046 -0.156084 0.41569 0.127578 
11.5317 -3.75342 2.28125 -0.496724 0.752305 -0.155703 0.403806 0.126841 
11.6125 -3.74747 2.26065 -0.492605 0.761381 -0.155284 0.391823 0.126103 
11.6934 -3.74152 2.24004 -0.488367 0.770273 -0.154827 0.379746 0.125366 
11.7743 -3.73557 2.21943 -0.484009 0.778976 -0.154333 0.367576 0.124628 
11.8552 -3.72962 2.19883 -0.479534 0.787491 -0.153801 0.355317 0.123891 
11.936 -3.72367 2.17822 -0.474942 0.795814 -0.153231 0.342972 0.123153 
12.0169 -3.71772 2.15761 -0.470235 0.803944 -0.152625 0.330543 0.122416 
12.0978 -3.71177 2.13701 -0.465414 0.811878 -0.151981 0.318034 0.121678 
12.1787 -3.70582 2.1164 -0.460479 0.819615 -0.1513 0.305447 0.120941 
12.2595 -3.69987 2.0958 -0.455433 0.827153 -0.150583 0.292786 0.120203 
12.3404 -3.69392 2.07519 -0.450276 0.834489 -0.149829 0.280054 0.119466 
12.4213 -3.68797 2.05458 -0.445009 0.841623 -0.149039 0.267254 0.118728 
12.5022 -3.68202 2.03398 -0.439634 0.848552 -0.148212 0.254389 0.117991 
12.583 -3.67606 2.01337 -0.434152 0.855275 -0.147349 0.241462 0.117253 
12.6639 -3.67011 1.99276 -0.428565 0.86179 -0.146451 0.228477 0.116516 
12.7448 -3.66416 1.97216 -0.422874 0.868096 -0.145517 0.215436 0.115778 
12.8257 -3.65821 1.95155 -0.417079 0.87419 -0.144547 0.202342 0.11504 
12.9065 -3.65226 1.93094 -0.411184 0.880072 -0.143542 0.1892 0.114303 
12.9874 -3.64631 1.91034 -0.405188 0.88574 -0.142503 0.176011 0.113565 
13.0683 -3.64036 1.88973 -0.399094 0.891193 -0.141429 0.16278 0.112828 
13.1492 -3.63441 1.86912 -0.392903 0.896429 -0.14032 0.149509 0.11209 
13.23 -3.62846 1.84852 -0.386616 0.901447 -0.139178 0.136201 0.111353 
13.2389 -3.62781 1.84626 -0.385923 0.901983 -0.13905 0.134743 0.111272 
13.2723 -3.59121 1.77603 -0.380721 0.90257 -0.140519 0.143784 0.107774 
13.2483 -3.56793 1.70932 -0.389084 0.903559 -0.124837 0.128881 0.105613 
13.2328 -3.58025 1.63181 -0.394642 0.903887 -0.113317 0.120024 0.101161 
13.2415 -3.51344 1.58047 -0.389983 0.906215 -0.119643 0.111233 0.0978782 
13.2395 -3.511 1.513 -0.406744 0.896185 -0.143239 0.104374 0.098947 
13.2973 -3.4507 1.48145 -0.407504 0.896796 -0.135996 0.105842 0.0956528 
13.2837 -3.39112 1.423 -0.406693 0.89678 -0.146074 0.0951273 0.096351 
13.3105 -3.33951 1.36497 -0.397944 0.899728 -0.144087 0.106628 0.0934035 
13.3568 -3.26733 1.3619 -0.409763 0.893552 -0.146297 0.110711 0.0934876 
13.4278 -3.23714 1.36109 -0.415455 0.890389 -0.138025 0.124718 0.088169 
13.435 -3.16394 1.38229 -0.405997 0.898072 -0.128964 0.109549 0.08618 
13.4659 -3.13037 1.41449 -0.43655 0.884195 -0.108232 0.126134 0.0848139 
13.5103 -3.06798 1.39009 -0.438007 0.886248 -0.0910728 0.120087 0.0861082 
13.5243 -2.97855 1.37158 -0.436161 0.887508 -0.0847044 0.122136 0.0866604 
13.5095 -2.90376 1.41952 -0.434543 0.888405 -0.0783364 0.125591 0.0841803 
13.5553 -2.84576 1.37873 -0.43668 0.88497 -0.0897248 0.134489 0.0847511 
13.5828 -2.77492 1.40847 -0.42489 0.891512 -0.094215 0.125692 0.083046 
13.5917 -2.74328 1.32226 -0.423222 0.891408 -0.101574 0.12632 0.0828854 
13.6413 -2.67208 1.32747 -0.414833 0.895032 -0.104094 0.126471 0.0793306 
13.6479 -2.59318 1.3345 -0.400878 0.901685 -0.112275 0.11686 0.0798874 
13.6841 -2.52848 1.37079 -0.391474 0.905842 -0.102072 0.125615 0.0793399 
13.6938 -2.4806 1.29582 -0.388084 0.908098 -0.0956303 0.124917 0.07647 
13.6841 -2.42432 1.229 -0.389798 0.908702 -0.0933897 0.116607 0.0731765 
13.7401 -2.38262 1.20921 -0.383285 0.907254 -0.114918 0.129525 0.0716941 
13.7455 -2.2931 1.19973 -0.390909 0.90326 -0.116823 0.132904 0.0720649 
13.7374 -2.22189 1.14844 -0.390011 0.903202 -0.110233 0.1413 0.0709074 
13.7325 -2.15326 1.08765 -0.391356 0.903811 -0.107413 0.135756 0.0691175 
13.7522 -2.07976 1.0484 -0.401293 0.899079 -0.106115 0.139143 0.066337 
13.7835 -2.06334 1.00616 -0.37903 0.912184 -0.102522 0.117243 0.0554607 
13.8164 -1.99183 0.964544 -0.375528 0.913738 -0.106926 0.112377 0.052105 
13.8327 -1.97052 0.89018 -0.368523 0.917777 -0.109022 0.099951 0.0461212 
13.8745 -1.89852 0.902779 -0.37439 0.91479 -0.103276 0.111016 0.0444547 
13.9181 -1.82423 0.924905 -0.370699 0.91559 -0.11185 0.108472 0.0430877 
13.9429 -1.74064 0.892808 -0.367807 0.916233 -0.112401 0.112255 0.0408274 
13.9533 -1.65044 0.89536 -0.366741 0.916043 -0.109582 0.119825 0.0398082 
13.9699 -1.631 0.81115 -0.366396 0.917878 -0.102595 0.112817 0.0378847 
13.9855 -1.56269 0.790857 -0.36951 0.917134 -0.114402 0.0961207 0.0315379 
14.024 -1.48673 0.753796 -0.364896 0.918362 -0.114976 0.101208 0.0316719 
14.0679 -1.43983 0.685339 -0.3626 0.919623 -0.11208 0.101252 0.0294384 
14.1107 -1.3644 0.647612 -0.365207 0.918917 -0.11271 0.097531 0.0286836 
14.1594 -1.29411 0.615209 -0.358895 0.920529 -0.116512 0.101223 0.0288448 
14.1999 -1.21705 0.585402 -0.360808 0.919452 -0.122269 0.0973437 0.0281315 
14.2263 -1.13521 0.560082 -0.359397 0.920389 -0.123381 0.0921627 0.0233337 
14.2454 -1.05223 0.570409 -0.360686 0.920416 -0.114932 0.0976288 0.0192466 
14.2217 -0.986211 0.561746 -0.369286 0.914669 -0.125362 0.106271 0.00695971 

