0 0 0 0 0 0 1 4.64776e-310 
0.223533 -0.170668 -0.128547 -0.00545239 0.00574095 0.0119025 0.999898 0.00111353 
0.447066 -0.341336 -0.257095 -0.0109037 0.0114807 0.0238026 0.999591 0.00222706 
0.670599 -0.512004 -0.385642 -0.0163527 0.0172182 0.0356978 0.99908 0.00334059 
0.894131 -0.682673 -0.51419 -0.0217984 0.0229521 0.0475857 0.998365 0.00445412 
1.11766 -0.853341 -0.642737 -0.0272397 0.0286813 0.0594639 0.997446 0.00556766 
1.3412 -1.02401 -0.771284 -0.0326753 0.0344047 0.07133 0.996324 0.00668119 
1.56473 -1.19468 -0.899832 -0.0381043 0.040121 0.0831814 0.994997 0.00779472 
1.78826 -1.36535 -1.02838 -0.0435256 0.0458291 0.0950159 0.993467 0.00890825 
2.0118 -1.53601 -1.15693 -0.0489379 0.0515279 0.106831 0.991734 0.0100218 
2.23533 -1.70668 -1.28547 -0.0543402 0.0572161 0.118624 0.989799 0.0111353 
2.45886 -1.87735 -1.41402 -0.0597314 0.0628927 0.130393 0.987661 0.0122488 
2.68239 -2.04802 -1.54257 -0.0651104 0.0685564 0.142135 0.985321 0.0133624 
2.90593 -2.21869 -1.67112 -0.0704761 0.0742061 0.153849 0.98278 0.0144759 
3.12946 -2.38935 -1.79966 -0.0758274 0.0798406 0.165531 0.980038 0.0155894 
3.35299 -2.56002 -1.92821 -0.0811632 0.0854588 0.177179 0.977096 0.016703 
3.57653 -2.73069 -2.05676 -0.0864824 0.0910595 0.18879 0.973954 0.0178165 
3.80006 -2.90136 -2.18531 -0.091784 0.0966416 0.200364 0.970613 0.01893 
4.02359 -3.07203 -2.31385 -0.0970668 0.102204 0.211896 0.967074 0.0200436 
4.24712 -3.24269 -2.4424 -0.10233 0.107745 0.223385 0.963337 0.0211571 
4.47066 -3.41336 -2.57095 -0.107572 0.113265 0.234828 0.959404 0.0222706 
4.69419 -3.58403 -2.6995 -0.112792 0.118761 0.246223 0.955274 0.0233842 
4.80316 -3.63621 -2.76603 -0.0975278 0.120521 0.246183 0.956743 0.0249568 
4.91214 -3.6884 -2.83256 -0.0822405 0.122252 0.246084 0.957984 0.0265295 
5.02111 -3.74058 -2.89909 -0.0669337 0.123953 0.245926 0.958997 0.0281022 
5.13009 -3.79276 -2.96562 -0.0516109 0.125626 0.245709 0.959782 0.0296749 
5.23906 -3.84494 -3.03215 -0.0362758 0.127268 0.245434 0.960338 0.0312476 
5.34803 -3.89713 -3.09868 -0.0209321 0.12888 0.245101 0.960665 0.0328203 
5.45701 -3.94931 -3.16521 -0.00558335 0.130461 0.244709 0.960763 0.034393 
5.56598 -4.00149 -3.23174 0.00976669 0.132011 0.244259 0.960633 0.0359657 
5.67496 -4.05368 -3.29827 0.0251144 0.13353 0.24375 0.960273 0.0375383 
5.78393 -4.10586 -3.36481 0.0404562 0.135017 0.243184 0.959685 0.039111 
5.8929 -4.15804 -3.43134 0.0557883 0.136471 0.242559 0.958868 0.0406837 
6.00188 -4.21022 -3.49787 0.0711071 0.137894 0.241877 0.957823 0.0422564 
6.11085 -4.26241 -3.5644 0.0864089 0.139283 0.241137 0.956549 0.0438291 
6.21982 -4.31459 -3.63093 0.10169 0.140639 0.24034 0.955048 0.0454018 
6.3288 -4.36677 -3.69746 0.116947 0.141962 0.239486 0.953319 0.0469745 
6.43777 -4.41895 -3.76399 0.132176 0.143251 0.238574 0.951363 0.0485471 
6.54675 -4.47114 -3.83052 0.147374 0.144505 0.237606 0.94918 0.0501198 
6.65572 -4.52332 -3.89705 0.162537 0.145726 0.236581 0.946771 0.0516925 
6.76469 -4.5755 -3.96359 0.177661 0.146911 0.235499 0.944137 0.0532652 
6.87367 -4.62768 -4.03012 0.192742 0.148062 0.234362 0.941277 0.0548379 
6.98264 -4.67987 -4.09665 0.207778 0.149177 0.233168 0.938194 0.0564106 
7.09162 -4.73205 -4.16318 0.222764 0.150257 0.23192 0.934886 0.0579833 
7.20059 -4.78423 -4.22971 0.237697 0.151301 0.230615 0.931356 0.059556 
7.30956 -4.83642 -4.29624 0.252573 0.152309 0.229256 0.927605 0.0611286 
7.41854 -4.8886 -4.36277 0.26739 0.15328 0.227843 0.923632 0.0627013 
7.52751 -4.94078 -4.4293 0.282142 0.154216 0.226375 0.919439 0.064274 
7.63649 -4.99296 -4.49583 0.296827 0.155114 0.224853 0.915027 0.0658467 
7.74546 -5.04515 -4.56237 0.311442 0.155975 0.223277 0.910397 0.0674194 
7.85443 -5.09733 -4.6289 0.325982 0.1568 0.221649 0.90555 0.0689921 
7.96341 -5.14951 -4.69543 0.340445 0.157586 0.219967 0.900488 0.0705648 
8.07238 -5.20169 -4.76196 0.354827 0.158336 0.218233 0.895211 0.0721375 
8.18136 -5.25388 -4.82849 0.369124 0.159047 0.216447 0.88972 0.0737101 
8.29033 -5.30606 -4.89502 0.383333 0.159721 0.21461 0.884018 0.0752828 
8.3993 -5.35824 -4.96155 0.397451 0.160357 0.212721 0.878105 0.0768555 
8.50828 -5.41043 -5.02808 0.411474 0.160954 0.210782 0.871983 0.0784282 
8.61725 -5.46261 -5.09461 0.425399 0.161513 0.208793 0.865653 0.0800009 
8.72622 -5.51479 -5.16114 0.439223 0.162034 0.206753 0.859117 0.0815736 
8.8352 -5.56697 -5.22768 0.452942 0.162516 0.204665 0.852376 0.0831463 
8.94417 -5.61916 -5.29421 0.466553 0.162959 0.202528 0.845432 0.084719 
9.05315 -5.67134 -5.36074 0.480053 0.163364 0.200342 0.838287 0.0862916 
9.16212 -5.72352 -5.42727 0.493439 0.163729 0.198109 0.830942 0.0878643 
9.27109 -5.7757 -5.4938 0.506707 0.164056 0.195828 0.823398 0.089437 
9.38007 -5.82789 -5.56033 0.519854 0.164343 0.193501 0.815659 0.0910097 
9.48904 -5.88007 -5.62686 0.532878 0.164592 0.191128 0.807726 0.0925824 
9.5016 -5.76245 -5.58743 0.528899 0.156687 0.180826 0.814259 0.0934609 
9.51417 -5.64483 -5.548 0.5248 0.148748 0.170483 0.820606 0.0943393 
9.52673 -5.52722 -5.50858 0.520582 0.140774 0.160101 0.826768 0.0952178 
9.53929 -5.4096 -5.46915 0.516245 0.132768 0.149683 0.832742 0.0960963 
9.55185 -5.29198 -5.42972 0.511791 0.124733 0.139231 0.838526 0.0969748 
9.56441 -5.17437 -5.39029 0.507221 0.116668 0.128747 0.84412 0.0978533 
9.57698 -5.05675 -5.35086 0.502536 0.108578 0.118234 0.849523 0.0987318 
9.58954 -4.93913 -5.31143 0.497737 0.100462 0.107695 0.854732 0.0996102 
9.6021 -4.82151 -5.272 0.492825 0.0923244 0.0971302 0.859747 0.100489 
9.61466 -4.7039 -5.23257 0.4878 0.0841653 0.0865439 0.864568 0.101367 
9.62723 -4.58628 -5.19314 0.482665 0.0759872 0.0759378 0.869191 0.102246 
9.63979 -4.46866 -5.15371 0.477421 0.0677917 0.0653146 0.873618 0.103124 
9.65235 -4.35104 -5.11429 0.472068 0.0595809 0.0546765 0.877845 0.104003 
9.66491 -4.23343 -5.07486 0.466607 0.0513565 0.044026 0.881874 0.104881 
9.67747 -4.11581 -5.03543 0.461041 0.0431205 0.0333655 0.885702 0.10576 
9.69004 -3.99819 -4.996 0.45537 0.0348747 0.0226974 0.889329 0.106638 
9.7026 -3.88057 -4.95657 0.449596 0.0266209 0.0120241 0.892754 0.107517 
9.71516 -3.76296 -4.91714 0.443719 0.0183611 0.00134813 0.895977 0.108395 
9.72772 -3.64534 -4.87771 -0.437742 -0.0100972 0.00932815 -0.898996 0.109274 
9.74068 -3.52403 -4.83704 -0.431473 -0.00157142 0.0203373 -0.901895 0.11018 
9.75363 -3.40272 -4.79638 -0.4251 0.00695472 0.0313416 -0.904577 0.111086 
9.76659 -3.28141 -4.75571 -0.418623 0.0154792 0.0423383 -0.90704 0.111992 
9.77955 -3.1601 -4.71504 -0.412046 0.0239999 0.0533248 -0.909284 0.112898 
9.7925 -3.03879 -4.67438 -0.40537 0.0325148 0.0642984 -0.911309 0.113804 
9.80546 -2.91748 -4.63371 -0.398595 0.0410219 0.0752564 -0.913113 0.11471 
9.81842 -2.79617 -4.59304 -0.391724 0.049519 0.0861963 -0.914697 0.115616 
9.83137 -2.67486 -4.55238 -0.384758 0.0580042 0.0971153 -0.91606 0.116522 
9.84433 -2.55355 -4.51171 -0.3777 0.0664754 0.108011 -0.917201 0.117428 
9.85729 -2.43224 -4.47104 -0.37055 0.0749305 0.11888 -0.918121 0.118334 
9.87024 -2.31093 -4.43038 -0.363311 0.0833675 0.129721 -0.918819 0.11924 
9.8832 -2.18962 -4.38971 -0.355984 0.0917844 0.140531 -0.919295 0.120146 
9.89616 -2.06831 -4.34904 -0.348571 0.100179 0.151306 -0.919548 0.121052 
9.90911 -1.947 -4.30838 -0.341073 0.10855 0.162045 -0.91958 0.121958 
9.92207 -1.82569 -4.26771 -0.333494 0.116894 0.172745 -0.91939 0.122864 
9.93502 -1.70439 -4.22704 -0.325833 0.12521 0.183403 -0.918977 0.12377 
9.94798 -1.58308 -4.18638 -0.318094 0.133496 0.194016 -0.918342 0.124677 
9.96094 -1.46177 -4.14571 -0.310278 0.141749 0.204583 -0.917486 0.125583 
9.97389 -1.34046 -4.10504 -0.302388 0.149968 0.215101 -0.916408 0.126489 
9.98685 -1.21915 -4.06438 -0.294424 0.158151 0.225566 -0.915108 0.127395 
9.99981 -1.09784 -4.02371 -0.286389 0.166296 0.235977 -0.913587 0.128301 
10.0128 -0.976528 -3.98304 -0.278284 0.174401 0.246331 -0.911846 0.129207 
10.0257 -0.855218 -3.94238 -0.270113 0.182463 0.256626 -0.909884 0.130113 
10.0387 -0.733909 -3.90171 -0.261876 0.190482 0.266858 -0.907703 0.131019 
10.0516 -0.612599 -3.86104 -0.253576 0.198454 0.277026 -0.905302 0.131925 
10.0646 -0.491289 -3.82038 -0.245215 0.206379 0.287127 -0.902682 0.132831 
10.0775 -0.36998 -3.77971 -0.236795 0.214253 0.297159 -0.899845 0.133737 
10.0905 -0.24867 -3.73904 -0.228317 0.222076 0.307118 -0.89679 0.134643 
10.1035 -0.127361 -3.69838 -0.219784 0.229845 0.317004 -0.893518 0.135549 
10.1164 -0.00605094 -3.65771 -0.211198 0.237559 0.326813 -0.89003 0.136455 
10.1294 0.115259 -3.61704 -0.202561 0.245215 0.336543 -0.886328 0.137361 
10.1423 0.236568 -3.57638 -0.193875 0.252812 0.346192 -0.882411 0.138267 
10.1553 0.357878 -3.53571 -0.185142 0.260348 0.355757 -0.878281 0.139173 
10.1682 0.479187 -3.49504 -0.176365 0.267821 0.365236 -0.873939 0.14008 
10.1812 0.600497 -3.45438 -0.167545 0.27523 0.374627 -0.869386 0.140986 
10.1942 0.721807 -3.41371 -0.158684 0.282572 0.383928 -0.864622 0.141892 
10.2071 0.843116 -3.37304 -0.149785 0.289845 0.393136 -0.85965 0.142798 
10.2201 0.964426 -3.33237 -0.14085 0.297049 0.402248 -0.85447 0.143704 
10.233 1.08574 -3.29171 -0.131881 0.30418 0.411264 -0.849084 0.14461 
10.246 1.20705 -3.25104 -0.12288 0.311239 0.42018 -0.843493 0.145516 
10.2589 1.32835 -3.21037 -0.113849 0.318222 0.428995 -0.837697 0.146422 
10.2719 1.44966 -3.16971 -0.104791 0.325128 0.437706 -0.8317 0.147328 
10.2848 1.57097 -3.12904 -0.0957078 0.331956 0.446311 -0.825501 0.148234 
10.2978 1.69228 -3.08837 -0.0866012 0.338703 0.454808 -0.819103 0.14914 
10.3108 1.81359 -3.04771 -0.0774736 0.345369 0.463196 -0.812507 0.150046 
10.3237 1.9349 -3.00704 -0.0683274 0.351951 0.471472 -0.805715 0.150952 
10.3367 2.05621 -2.96637 -0.0591646 0.358448 0.479633 -0.798728 0.151858 
10.4363 1.99872 -2.88111 -0.0518625 0.346102 0.485454 -0.80116 0.148405 
10.536 1.94122 -2.79584 -0.0445476 0.333671 0.491156 -0.803396 0.144951 
10.6356 1.88373 -2.71057 -0.0372219 0.321159 0.496737 -0.805434 0.141498 
10.7352 1.82623 -2.6253 -0.0298869 0.308567 0.502196 -0.807274 0.138044 
10.8349 1.76874 -2.54004 -0.0225447 0.2959 0.507532 -0.808917 0.134591 
10.9345 1.71124 -2.45477 -0.0151969 0.28316 0.512744 -0.81036 0.131137 
11.0341 1.65375 -2.3695 -0.00784538 0.27035 0.517829 -0.811605 0.127684 
11.1338 1.59625 -2.28424 -0.000491935 0.257474 0.522787 -0.81265 0.12423 
11.2334 1.53876 -2.19897 0.00686163 0.244535 0.527617 -0.813496 0.120777 
11.3331 1.48126 -2.1137 0.0142135 0.231535 0.532317 -0.814142 0.117323 
11.4327 1.42377 -2.02843 0.0215619 0.218479 0.536887 -0.814589 0.11387 
11.5323 1.36627 -1.94317 0.028905 0.20537 0.541325 -0.814835 0.110417 
11.632 1.30878 -1.8579 0.036241 0.19221 0.545629 -0.814881 0.106963 
11.7316 1.25128 -1.77263 0.0435681 0.179002 0.5498 -0.814727 0.10351 
11.8313 1.19378 -1.68736 0.0508845 0.165751 0.553836 -0.814373 0.100056 
11.9309 1.13629 -1.6021 0.0581884 0.152459 0.557736 -0.813819 0.0966026 
12.0305 1.07879 -1.51683 0.065478 0.139129 0.561499 -0.813065 0.0931491 
12.1302 1.0213 -1.43156 0.0727516 0.125766 0.565124 -0.812112 0.0896957 
12.2298 0.963804 -1.34629 0.0800073 0.112371 0.56861 -0.810959 0.0862422 
12.3295 0.906309 -1.26103 0.0872433 0.0989492 0.571957 -0.809607 0.0827887 
12.4291 0.848814 -1.17576 0.0944579 0.0855028 0.575163 -0.808056 0.0793352 
12.5287 0.791319 -1.09049 0.101649 0.0720355 0.578228 -0.806307 0.0758817 
12.6284 0.733823 -1.00523 0.108816 0.0585504 0.581151 -0.80436 0.0724283 
12.728 0.676328 -0.919958 0.115956 0.045051 0.583932 -0.802215 0.0689748 
12.8277 0.618833 -0.834691 0.123067 0.0315405 0.586568 -0.799873 0.0655213 
12.9273 0.561338 -0.749423 0.130148 0.0180222 0.589061 -0.797335 0.0620678 
13.0269 0.503843 -0.664156 0.137197 0.00449957 0.59141 -0.794601 0.0586144 
13.1266 0.446348 -0.578889 0.144212 -0.0090242 0.593613 -0.791672 0.0551609 
13.2262 0.388853 -0.493621 0.151192 -0.0225458 0.59567 -0.788549 0.0517074 
13.3259 0.331357 -0.408354 0.158135 -0.0360618 0.597581 -0.785232 0.0482539 
13.4255 0.273862 -0.323087 0.165039 -0.0495689 0.599345 -0.781722 0.0448004 
13.5251 0.216367 -0.237819 0.171903 -0.0630639 0.600963 -0.778021 0.041347 
13.6248 0.158872 -0.152552 0.178724 -0.0765434 0.602432 -0.774128 0.0378935 
13.7244 0.101377 -0.0672845 0.185502 -0.0900041 0.603754 -0.770045 0.03444 
13.824 0.0438816 0.0179829 0.192233 -0.103443 0.604927 -0.765773 0.0309865 
13.9237 -0.0136136 0.10325 0.198918 -0.116856 0.605952 -0.761313 0.0275331 
14.0233 -0.0711088 0.188518 0.205554 -0.13024 0.606828 -0.756667 0.0240796 
14.123 -0.128604 0.273785 0.212139 -0.143593 0.607556 -0.751834 0.0206261 
14.2226 -0.186099 0.359052 0.218673 -0.15691 0.608133 -0.746817 0.0171726 
14.3222 -0.243594 0.44432 0.225152 -0.170189 0.608562 -0.741616 0.0137191 
14.4219 -0.301089 0.529587 0.231577 -0.183426 0.608841 -0.736233 0.0102657 
14.5215 -0.358585 0.614854 0.237944 -0.196618 0.608971 -0.73067 0.00681219 

