0 0 0 0 0 0 1 4.64248e-310 
0.0673101 0.0568776 0.0272211 0.00573788 0.00249401 0.000853932 0.99998 0.00145373 
0.0687454 0.0568021 0.0271829 -0.00572503 -0.0024348 -0.000906267 -0.99998 0.00145454 
0.163257 0.0518261 0.0246687 -0.00487904 0.00146388 -0.00435216 -0.999978 0.00150748 
0.257768 0.0468501 0.0221545 -0.00403292 0.00536253 -0.00779792 -0.999947 0.00156042 
0.352279 0.0418741 0.0196404 -0.00318669 0.00926102 -0.0112435 -0.999889 0.00161335 
0.44679 0.0368981 0.0171262 -0.00234036 0.0131593 -0.0146887 -0.999803 0.00166629 
0.541301 0.0319221 0.014612 -0.00149397 0.0170571 -0.0181335 -0.999689 0.00171923 
0.635813 0.0269462 0.0120978 -0.000647543 0.0209545 -0.0215779 -0.999547 0.00177217 
0.730324 0.0219702 0.00958366 0.000198905 0.0248513 -0.0250216 -0.999378 0.00182511 
0.824835 0.0169942 0.00706949 0.00104535 0.0287475 -0.0284646 -0.999181 0.00187805 
0.919346 0.0120182 0.00455532 0.00189176 0.0326428 -0.0319069 -0.998956 0.00193099 
1.01386 0.00704222 0.00204114 0.00273812 0.0365372 -0.0353482 -0.998703 0.00198393 
1.10837 0.00206624 -0.000473034 0.00358441 0.0404306 -0.0387886 -0.998423 0.00203687 
1.20288 -0.00290975 -0.00298721 0.00443059 0.0443229 -0.0422279 -0.998115 0.00208981 
1.29739 -0.00788573 -0.00550138 0.00527666 0.0482139 -0.045666 -0.997779 0.00214275 
1.3919 -0.0128617 -0.00801556 0.00612257 0.0521036 -0.0491029 -0.997415 0.00219569 
1.48641 -0.0178377 -0.0105297 0.00696832 0.0559919 -0.0525383 -0.997024 0.00224863 
1.58092 -0.0228137 -0.0130439 0.00781387 0.0598786 -0.0559724 -0.996605 0.00230157 
1.67544 -0.0277897 -0.0155581 0.0086592 0.0637636 -0.0594048 -0.996158 0.00235451 
1.76995 -0.0327657 -0.0180723 0.0095043 0.0676469 -0.0628357 -0.995683 0.00240745 
1.86446 -0.0377416 -0.0205864 0.0103491 0.0715283 -0.0662647 -0.995181 0.00246038 
1.95897 -0.0427176 -0.0231006 0.0111937 0.0754077 -0.069692 -0.994651 0.00251332 
2.05348 -0.0476936 -0.0256148 0.0120379 0.079285 -0.0731173 -0.994094 0.00256626 
2.14799 -0.0526696 -0.028129 0.0128818 0.0831601 -0.0765405 -0.993509 0.0026192 
2.2425 -0.0576456 -0.0306431 0.0137253 0.0870329 -0.0799617 -0.992896 0.00267214 
2.33701 -0.0626216 -0.0331573 0.0145685 0.0909033 -0.0833806 -0.992256 0.00272508 
2.43152 -0.0675975 -0.0356715 0.0154112 0.0947711 -0.0867972 -0.991588 0.00277802 
2.52604 -0.0725735 -0.0381857 0.0162536 0.0986363 -0.0902114 -0.990893 0.00283096 
2.62055 -0.0775495 -0.0406998 0.0170954 0.102499 -0.093623 -0.99017 0.0028839 
2.71506 -0.0825255 -0.043214 0.0179368 0.106358 -0.0970321 -0.989419 0.00293684 
2.80957 -0.0875015 -0.0457282 0.0187777 0.110215 -0.100439 -0.988642 0.00298978 
2.90408 -0.0924775 -0.0482424 0.0196181 0.114069 -0.103842 -0.987836 0.00304272 
2.99859 -0.0974535 -0.0507565 0.020458 0.117919 -0.107243 -0.987003 0.00309566 
3.0931 -0.102429 -0.0532707 0.0212972 0.121766 -0.110641 -0.986143 0.0031486 
3.18761 -0.107405 -0.0557849 0.0221359 0.12561 -0.114035 -0.985255 0.00320154 
3.28213 -0.112381 -0.0582991 0.0229739 0.12945 -0.117427 -0.98434 0.00325448 
3.37664 -0.117357 -0.0608132 0.0238114 0.133287 -0.120815 -0.983398 0.00330741 
3.47115 -0.122333 -0.0633274 0.0246481 0.13712 -0.1242 -0.982428 0.00336035 
3.56566 -0.127309 -0.0658416 0.0254842 0.140949 -0.127581 -0.981431 0.00341329 
3.66017 -0.132285 -0.0683557 0.0263196 0.144774 -0.130959 -0.980407 0.00346623 
3.75468 -0.137261 -0.0708699 0.0271542 0.148596 -0.134333 -0.979355 0.00351917 
3.84919 -0.142237 -0.0733841 0.0279881 0.152413 -0.137704 -0.978276 0.00357211 
3.9437 -0.147213 -0.0758983 0.0288212 0.156226 -0.14107 -0.97717 0.00362505 
4.03822 -0.152189 -0.0784124 0.0296535 0.160034 -0.144433 -0.976037 0.00367799 
4.13273 -0.157165 -0.0809266 0.0304849 0.163838 -0.147792 -0.974877 0.00373093 
4.22724 -0.162141 -0.0834408 0.0313156 0.167638 -0.151146 -0.97369 0.00378387 
4.32175 -0.167117 -0.085955 0.0321453 0.171433 -0.154497 -0.972475 0.00383681 
4.41626 -0.172093 -0.0884691 0.0329742 0.175223 -0.157843 -0.971234 0.00388975 
4.51077 -0.177069 -0.0909833 0.0338021 0.179008 -0.161185 -0.969965 0.00394269 
4.60528 -0.182045 -0.0934975 0.0346291 0.182788 -0.164522 -0.96867 0.00399563 
4.69979 -0.187021 -0.0960117 0.0354552 0.186563 -0.167855 -0.967348 0.00404857 
4.7943 -0.191997 -0.0985258 0.0362802 0.190333 -0.171183 -0.965999 0.00410151 
4.88882 -0.196973 -0.10104 0.0371043 0.194098 -0.174506 -0.964623 0.00415445 
4.98333 -0.201949 -0.103554 0.0379273 0.197857 -0.177824 -0.96322 0.00420738 
5.07784 -0.206925 -0.106068 0.0387493 0.201611 -0.181138 -0.96179 0.00426032 
5.17235 -0.211901 -0.108583 0.0395702 0.205359 -0.184446 -0.960334 0.00431326 
5.26686 -0.216877 -0.111097 0.04039 0.209102 -0.18775 -0.958851 0.0043662 
5.36137 -0.221853 -0.113611 0.0412086 0.212839 -0.191048 -0.957341 0.00441914 
5.45588 -0.226829 -0.116125 0.0420262 0.216569 -0.194341 -0.955805 0.00447208 
5.55039 -0.231805 -0.118639 0.0428425 0.220294 -0.197628 -0.954242 0.00452502 
5.64491 -0.236781 -0.121153 0.0436577 0.224013 -0.20091 -0.952653 0.00457796 
5.73942 -0.241757 -0.123668 0.0444716 0.227725 -0.204186 -0.951037 0.0046309 
5.83393 -0.246733 -0.126182 0.0452843 0.231431 -0.207457 -0.949395 0.00468384 
5.92844 -0.251709 -0.128696 0.0460958 0.235131 -0.210722 -0.947726 0.00473678 
6.02295 -0.256685 -0.13121 0.046906 0.238824 -0.213981 -0.946031 0.00478972 
6.11746 -0.261661 -0.133724 0.0477148 0.24251 -0.217234 -0.94431 0.00484266 
6.21197 -0.266637 -0.136238 0.0485224 0.24619 -0.220481 -0.942563 0.0048956 
6.30648 -0.271613 -0.138753 0.0493286 0.249863 -0.223722 -0.940789 0.00494854 
6.40099 -0.276589 -0.141267 0.0501334 0.253529 -0.226956 -0.938989 0.00500148 
6.49551 -0.281565 -0.143781 0.0509369 0.257188 -0.230185 -0.937163 0.00505441 
6.59002 -0.286541 -0.146295 0.0517389 0.26084 -0.233407 -0.935311 0.00510735 
6.68453 -0.291517 -0.148809 0.0525395 0.264484 -0.236622 -0.933433 0.00516029 
6.77904 -0.296493 -0.151324 0.0533386 0.268121 -0.239831 -0.931529 0.00521323 
6.87355 -0.301469 -0.153838 0.0541362 0.271751 -0.243033 -0.9296 0.00526617 
6.96806 -0.306445 -0.156352 0.0549323 0.275373 -0.246229 -0.927644 0.00531911 
7.06257 -0.311421 -0.158866 0.055727 0.278988 -0.249418 -0.925663 0.00537205 
7.15708 -0.316397 -0.16138 0.05652 0.282595 -0.252599 -0.923655 0.00542499 
7.2516 -0.321373 -0.163894 0.0573115 0.286193 -0.255774 -0.921623 0.00547793 
7.34611 -0.326349 -0.166409 0.0581014 0.289784 -0.258942 -0.919564 0.00553087 
7.44062 -0.331325 -0.168923 0.0588897 0.293367 -0.262102 -0.91748 0.00558381 
7.53513 -0.336301 -0.171437 0.0596763 0.296942 -0.265255 -0.915371 0.00563675 
7.62964 -0.341277 -0.173951 0.0604613 0.300509 -0.268401 -0.913236 0.00568969 
7.72415 -0.346253 -0.176465 0.0612446 0.304067 -0.271539 -0.911076 0.00574263 
7.81866 -0.351229 -0.178979 0.0620262 0.307616 -0.27467 -0.90889 0.00579557 
7.91317 -0.356205 -0.181494 0.0628061 0.311158 -0.277793 -0.906679 0.00584851 
8.00768 -0.361181 -0.184008 0.0635842 0.31469 -0.280909 -0.904443 0.00590144 
8.1022 -0.366157 -0.186522 0.0643606 0.318214 -0.284016 -0.902182 0.00595438 
8.19671 -0.371133 -0.189036 0.0651352 0.321729 -0.287116 -0.899896 0.00600732 
8.29122 -0.376109 -0.19155 0.065908 0.325235 -0.290208 -0.897585 0.00606026 
8.38573 -0.381085 -0.194064 0.0666789 0.328732 -0.293291 -0.895248 0.0061132 
8.48024 -0.386061 -0.196579 0.067448 0.332219 -0.296367 -0.892887 0.00616614 
8.57475 -0.391037 -0.199093 0.0682152 0.335698 -0.299434 -0.890501 0.00621908 
8.66926 -0.396013 -0.201607 0.0689805 0.339167 -0.302493 -0.888091 0.00627202 
8.76377 -0.400989 -0.204121 0.0697439 0.342627 -0.305544 -0.885656 0.00632496 
8.85829 -0.405964 -0.206635 0.0705054 0.346077 -0.308586 -0.883196 0.0063779 
8.9528 -0.41094 -0.20915 0.0712649 0.349518 -0.311619 -0.880711 0.00643084 
9.04731 -0.415916 -0.211664 0.0720224 0.352949 -0.314644 -0.878202 0.00648378 
9.14182 -0.420892 -0.214178 0.0727779 0.35637 -0.31766 -0.875669 0.00653672 
9.23633 -0.425868 -0.216692 0.0735314 0.359781 -0.320667 -0.873111 0.00658966 
9.33084 -0.430844 -0.219206 0.0742828 0.363183 -0.323666 -0.870529 0.0066426 
9.42535 -0.43582 -0.22172 0.0750322 0.366574 -0.326655 -0.867923 0.00669554 
9.51986 -0.440796 -0.224235 0.0757795 0.369955 -0.329635 -0.865293 0.00674847 
9.61437 -0.445772 -0.226749 0.0765247 0.373325 -0.332606 -0.862639 0.00680141 
9.70889 -0.450748 -0.229263 0.0772678 0.376686 -0.335568 -0.85996 0.00685435 
9.8034 -0.455724 -0.231777 0.0780087 0.380035 -0.338521 -0.857258 0.00690729 
9.89791 -0.4607 -0.234291 0.0787475 0.383375 -0.341464 -0.854532 0.00696023 
9.99242 -0.465676 -0.236805 0.0794841 0.386703 -0.344397 -0.851782 0.00701317 
10.0869 -0.470652 -0.23932 0.0802184 0.390021 -0.347321 -0.849009 0.00706611 
10.1814 -0.475628 -0.241834 0.0809505 0.393328 -0.350236 -0.846212 0.00711905 
10.276 -0.480604 -0.244348 0.0816804 0.396624 -0.353141 -0.843391 0.00717199 
10.3705 -0.48558 -0.246862 0.082408 0.39991 -0.356035 -0.840547 0.00722493 
10.465 -0.490556 -0.249376 0.0831334 0.403184 -0.35892 -0.83768 0.00727787 
10.5595 -0.495532 -0.25189 0.0838564 0.406446 -0.361795 -0.83479 0.00733081 
10.654 -0.500508 -0.254405 0.084577 0.409698 -0.36466 -0.831876 0.00738375 
10.7485 -0.505484 -0.256919 0.0852954 0.412938 -0.367515 -0.828939 0.00743669 
10.843 -0.51046 -0.259433 0.0860113 0.416166 -0.37036 -0.825979 0.00748963 
10.9375 -0.515436 -0.261947 0.0867249 0.419384 -0.373194 -0.822996 0.00754257 
11.032 -0.520412 -0.264461 0.0874361 0.422589 -0.376018 -0.81999 0.00759551 
11.1266 -0.525388 -0.266976 0.0881448 0.425783 -0.378831 -0.816962 0.00764844 
11.2211 -0.530364 -0.26949 0.0888511 0.428964 -0.381634 -0.81391 0.00770138 
11.3156 -0.53534 -0.272004 0.0895549 0.432134 -0.384427 -0.810837 0.00775432 
11.4101 -0.540316 -0.274518 0.0902562 0.435292 -0.387208 -0.80774 0.00780726 
11.5046 -0.545292 -0.277032 0.090955 0.438438 -0.389979 -0.804621 0.0078602 
11.5991 -0.550268 -0.279546 0.0916513 0.441572 -0.392739 -0.80148 0.00791314 
11.6936 -0.555244 -0.282061 0.092345 0.444693 -0.395489 -0.798317 0.00796608 
11.7881 -0.56022 -0.284575 0.0930362 0.447802 -0.398227 -0.795131 0.00801902 
11.8826 -0.565196 -0.287089 0.0937248 0.450898 -0.400954 -0.791923 0.00807196 
11.9772 -0.570172 -0.289603 0.0944108 0.453982 -0.40367 -0.788693 0.0081249 
12.0717 -0.575148 -0.292117 0.0950941 0.457054 -0.406375 -0.785442 0.00817784 
12.1662 -0.580124 -0.294631 0.0957748 0.460113 -0.409068 -0.782168 0.00823078 
12.2607 -0.5851 -0.297146 0.0964529 0.463158 -0.41175 -0.778873 0.00828372 
12.3552 -0.590076 -0.29966 0.0971283 0.466191 -0.414421 -0.775556 0.00833666 
12.4497 -0.595052 -0.302174 0.0978009 0.469212 -0.41708 -0.772218 0.0083896 
12.5442 -0.600028 -0.304688 0.0984709 0.472219 -0.419727 -0.768858 0.00844254 
12.6387 -0.605004 -0.307202 0.0991381 0.475213 -0.422363 -0.765476 0.00849547 
12.7332 -0.60998 -0.309717 0.0998026 0.478193 -0.424987 -0.762074 0.00854841 
12.8278 -0.614956 -0.312231 0.100464 0.481161 -0.4276 -0.75865 0.00860135 
12.9223 -0.619932 -0.314745 0.101123 0.484115 -0.4302 -0.755205 0.00865429 
13.0168 -0.624908 -0.317259 0.101779 0.487055 -0.432789 -0.751739 0.00870723 
13.1113 -0.629884 -0.319773 0.102433 0.489982 -0.435365 -0.748253 0.00876017 
13.2058 -0.63486 -0.322287 0.103083 0.492896 -0.437929 -0.744745 0.00881311 
13.3003 -0.639836 -0.324802 0.10373 0.495796 -0.440482 -0.741217 0.00886605 
13.3948 -0.644812 -0.327316 0.104375 0.498682 -0.443022 -0.737668 0.00891899 
13.4893 -0.649788 -0.32983 0.105017 0.501554 -0.445549 -0.734099 0.00897193 
13.5838 -0.654764 -0.332344 0.105656 0.504412 -0.448064 -0.730509 0.00902487 
13.6784 -0.65974 -0.334858 0.106292 0.507256 -0.450567 -0.726899 0.00907781 
13.7729 -0.664716 -0.337372 0.106925 0.510086 -0.453058 -0.723269 0.00913075 
13.8674 -0.669692 -0.339887 0.107555 0.512902 -0.455535 -0.719619 0.00918369 
13.9619 -0.674668 -0.342401 0.108182 0.515704 -0.458 -0.715949 0.00923663 
14.0564 -0.679644 -0.344915 0.108806 0.518491 -0.460453 -0.712258 0.00928957 
14.1509 -0.68462 -0.347429 0.109427 0.521264 -0.462892 -0.708548 0.0093425 
14.2454 -0.689596 -0.349943 0.110045 0.524022 -0.465319 -0.704819 0.00939544 

