0 0 0 0 0 0 1 4.66072e-310 
0.0220224 -0.0763053 -0.0198213 0.0144764 0.00196522 -0.00324468 0.999888 0.00492903 
0.0440448 -0.152611 -0.0396426 0.0289496 0.00392999 -0.00648864 0.999552 0.00985807 
0.0660672 -0.228916 -0.0594638 0.0434162 0.00589389 -0.00973114 0.998992 0.0147871 
0.0880896 -0.305221 -0.0792851 0.0578732 0.00785646 -0.0129715 0.998209 0.0197161 
0.110112 -0.381526 -0.0991064 0.0723172 0.00981728 -0.0162089 0.997202 0.0246452 
0.132134 -0.457832 -0.118928 0.086745 0.0117759 -0.0194427 0.995971 0.0295742 
0.154157 -0.534137 -0.138749 0.101153 0.0137319 -0.0226721 0.994518 0.0345032 
0.176179 -0.610442 -0.15857 0.115539 0.0156848 -0.0258965 0.992841 0.0394323 
0.198202 -0.686747 -0.178391 0.129899 0.0176342 -0.029115 0.990943 0.0443613 
0.220224 -0.763053 -0.198213 0.14423 0.0195796 -0.0323271 0.988822 0.0492903 
0.242246 -0.839358 -0.218034 0.158528 0.0215207 -0.0355318 0.98648 0.0542194 
0.264269 -0.915663 -0.237855 0.172791 0.0234569 -0.0387287 0.983917 0.0591484 
0.286291 -0.991968 -0.257677 0.187015 0.0253879 -0.0419168 0.981134 0.0640774 
0.308313 -1.06827 -0.277498 0.201198 0.0273132 -0.0450956 0.978131 0.0690065 
0.330336 -1.14458 -0.297319 0.215335 0.0292324 -0.0482643 0.974909 0.0739355 
0.352358 -1.22088 -0.31714 0.229424 0.031145 -0.0514222 0.971468 0.0788646 
0.374381 -1.29719 -0.336962 0.243462 0.0330507 -0.0545685 0.96781 0.0837936 
0.396403 -1.37349 -0.356783 0.257445 0.0349489 -0.0577026 0.963935 0.0887226 
0.418425 -1.4498 -0.376604 0.27137 0.0368393 -0.0608238 0.959845 0.0936517 
0.440448 -1.52611 -0.396426 0.285235 0.0387215 -0.0639314 0.955539 0.0985807 
0.46247 -1.60241 -0.416247 0.299036 0.040595 -0.0670247 0.951019 0.10351 
0.484493 -1.67872 -0.436068 0.31277 0.0424594 -0.0701029 0.946286 0.108439 
0.506515 -1.75502 -0.455889 0.326433 0.0443143 -0.0731655 0.941342 0.113368 
0.528537 -1.83133 -0.475711 0.340024 0.0461593 -0.0762116 0.936186 0.118297 
0.55056 -1.90763 -0.495532 0.353539 0.0479939 -0.0792407 0.930821 0.123226 
0.572582 -1.98394 -0.515353 0.366974 0.0498178 -0.0822521 0.925248 0.128155 
0.594605 -2.06024 -0.535174 0.380327 0.0516306 -0.085245 0.919467 0.133084 
0.616627 -2.13655 -0.554996 0.393595 0.0534317 -0.0882188 0.91348 0.138013 
0.638649 -2.21285 -0.574817 0.406775 0.0552209 -0.0911729 0.907288 0.142942 
0.660672 -2.28916 -0.594638 0.419864 0.0569978 -0.0941066 0.900894 0.147871 
0.682694 -2.36546 -0.61446 0.432858 0.0587618 -0.0970191 0.894298 0.1528 
0.704717 -2.44177 -0.634281 0.445756 0.0605127 -0.09991 0.887501 0.157729 
0.726739 -2.51807 -0.654102 0.458554 0.0622501 -0.102778 0.880505 0.162658 
0.748761 -2.59438 -0.673923 0.471249 0.0639735 -0.105624 0.873313 0.167587 
0.770784 -2.67068 -0.693745 0.483839 0.0656826 -0.108446 0.865925 0.172516 
0.792806 -2.74699 -0.713566 0.49632 0.067377 -0.111243 0.858342 0.177445 
0.814828 -2.82329 -0.733387 0.50869 0.0690563 -0.114016 0.850568 0.182374 
0.836851 -2.8996 -0.753208 0.520946 0.0707201 -0.116763 0.842603 0.187303 
0.858873 -2.97591 -0.77303 0.533086 0.072368 -0.119484 0.834449 0.192232 
0.880896 -3.05221 -0.792851 0.545106 0.0739998 -0.122178 0.826109 0.197161 
0.902918 -3.12852 -0.812672 0.557004 0.075615 -0.124845 0.817583 0.20209 
0.92494 -3.20482 -0.832494 0.568777 0.0772133 -0.127484 0.808875 0.207019 
0.946963 -3.28113 -0.852315 0.580423 0.0787942 -0.130094 0.799985 0.211948 
0.968985 -3.35743 -0.872136 0.591939 0.0803576 -0.132675 0.790916 0.216878 
0.991008 -3.43374 -0.891957 0.603322 0.0819029 -0.135226 0.78167 0.221807 
1.01303 -3.51004 -0.911779 0.614571 0.0834299 -0.137747 0.772249 0.226736 
1.03505 -3.58635 -0.9316 0.625681 0.0849381 -0.140238 0.762655 0.231665 
1.05707 -3.66265 -0.951421 0.636652 0.0864274 -0.142697 0.75289 0.236594 
1.0791 -3.73896 -0.971243 0.647479 0.0878973 -0.145123 0.742956 0.241523 
1.10112 -3.81526 -0.991064 0.658162 0.0893476 -0.147518 0.732856 0.246452 
1.12314 -3.89157 -1.01089 0.668698 0.0907778 -0.149879 0.722592 0.251381 
1.14516 -3.96787 -1.03071 0.679083 0.0921877 -0.152207 0.712166 0.25631 
1.16719 -4.04418 -1.05053 0.689317 0.0935769 -0.154501 0.70158 0.261239 
1.18921 -4.12048 -1.07035 0.699396 0.0949452 -0.15676 0.690838 0.266168 
1.21123 -4.19679 -1.09017 0.709319 0.0962922 -0.158984 0.67994 0.271097 
1.23325 -4.27309 -1.10999 0.719082 0.0976176 -0.161172 0.668891 0.276026 
1.25528 -4.3494 -1.12981 0.728685 0.0989212 -0.163325 0.657691 0.280955 
1.2773 -4.42571 -1.14963 0.738124 0.100203 -0.16544 0.646345 0.285884 
1.29932 -4.50201 -1.16946 0.747398 0.101462 -0.167519 0.634853 0.290813 
1.32134 -4.57832 -1.18928 0.756505 0.102698 -0.16956 0.62322 0.295742 
1.34337 -4.65462 -1.2091 0.765442 0.103911 -0.171563 0.611446 0.300671 
1.36539 -4.73093 -1.22892 0.774208 0.105101 -0.173528 0.599536 0.3056 
1.38741 -4.80723 -1.24874 0.782801 0.106268 -0.175454 0.587492 0.310529 
1.40943 -4.88354 -1.26856 0.791218 0.10741 -0.17734 0.575316 0.315458 
1.43146 -4.95984 -1.28838 0.799458 0.108529 -0.179187 0.563011 0.320387 
1.45348 -5.03615 -1.3082 0.807518 0.109623 -0.180994 0.55058 0.325316 
1.4755 -5.11245 -1.32803 0.815398 0.110693 -0.18276 0.538025 0.330245 
1.52069 -5.07022 -1.39302 0.807358 0.117051 -0.191543 0.545695 0.328968 
1.56587 -5.02799 -1.45801 0.799124 0.12338 -0.200281 0.553232 0.327691 
1.61106 -4.98575 -1.523 0.790697 0.12968 -0.208969 0.560636 0.326413 
1.65624 -4.94352 -1.58799 0.782079 0.135949 -0.217608 0.567906 0.325136 
1.70143 -4.90129 -1.65298 0.773273 0.142184 -0.226194 0.575038 0.323859 
1.74661 -4.85906 -1.71798 0.764281 0.148386 -0.234725 0.582032 0.322581 
1.7918 -4.81682 -1.78297 0.755104 0.154552 -0.2432 0.588885 0.321304 
1.83698 -4.77459 -1.84796 0.745745 0.16068 -0.251616 0.595596 0.320027 
1.88217 -4.73236 -1.91295 0.736207 0.16677 -0.259972 0.602164 0.318749 
1.92735 -4.69012 -1.97794 0.726491 0.17282 -0.268265 0.608587 0.317472 
1.97254 -4.64789 -2.04293 0.7166 0.178828 -0.276493 0.614863 0.316195 
2.01773 -4.60566 -2.10793 0.706536 0.184793 -0.284655 0.620991 0.314917 
2.06291 -4.56343 -2.17292 0.696302 0.190713 -0.292748 0.626969 0.31364 
2.1081 -4.52119 -2.23791 0.6859 0.196587 -0.300771 0.632797 0.312363 
2.15328 -4.47896 -2.3029 0.675333 0.202414 -0.308721 0.638471 0.311085 
2.19847 -4.43673 -2.36789 0.664603 0.208192 -0.316596 0.643992 0.309808 
2.24365 -4.39449 -2.43288 0.653713 0.21392 -0.324396 0.649357 0.308531 
2.28884 -4.35226 -2.49788 0.642665 0.219597 -0.332117 0.654566 0.307253 
2.33402 -4.31003 -2.56287 0.631463 0.22522 -0.339758 0.659618 0.305976 
2.37921 -4.26779 -2.62786 0.620108 0.23079 -0.347317 0.66451 0.304699 
2.42439 -4.22556 -2.69285 0.608604 0.236303 -0.354793 0.669242 0.303421 
2.46958 -4.18333 -2.75784 0.596953 0.24176 -0.362182 0.673813 0.302144 
2.51476 -4.1411 -2.82283 0.585158 0.247158 -0.369485 0.678221 0.300867 
2.55995 -4.09886 -2.88783 0.573222 0.252497 -0.376699 0.682466 0.299589 
2.60514 -4.05663 -2.95282 0.561148 0.257775 -0.383822 0.686546 0.298312 
2.65032 -4.0144 -3.01781 0.548939 0.262991 -0.390852 0.690461 0.297035 
2.69551 -3.97216 -3.0828 0.536597 0.268143 -0.397788 0.69421 0.295757 
2.74069 -3.92993 -3.14779 0.524126 0.273231 -0.404628 0.697791 0.29448 
2.78588 -3.8877 -3.21278 0.511529 0.278253 -0.411371 0.701204 0.293203 
2.83106 -3.84547 -3.27778 0.498809 0.283208 -0.418015 0.704448 0.291925 
2.87625 -3.80323 -3.34277 0.485968 0.288095 -0.424557 0.707522 0.290648 
2.92143 -3.761 -3.40776 0.47301 0.292912 -0.430998 0.710426 0.289371 
2.96662 -3.71877 -3.47275 0.459938 0.297658 -0.437334 0.713158 0.288093 
3.0118 -3.67653 -3.53774 0.446755 0.302333 -0.443566 0.715719 0.286816 
3.05699 -3.6343 -3.60273 0.433465 0.306935 -0.44969 0.718107 0.285539 
3.10217 -3.59207 -3.66773 0.42007 0.311463 -0.455706 0.720322 0.284261 
3.14736 -3.54984 -3.73272 0.406574 0.315916 -0.461612 0.722363 0.282984 
3.19255 -3.5076 -3.79771 0.39298 0.320293 -0.467407 0.724231 0.281707 
3.23773 -3.46537 -3.8627 0.379291 0.324593 -0.473089 0.725923 0.280429 
3.28292 -3.42314 -3.92769 0.365511 0.328814 -0.478657 0.727441 0.279152 
3.3281 -3.3809 -3.99269 0.351643 0.332956 -0.48411 0.728784 0.277875 
3.37329 -3.33867 -4.05768 0.337689 0.337018 -0.489446 0.72995 0.276597 
3.41847 -3.29644 -4.12267 0.323655 0.340999 -0.494664 0.730941 0.27532 
3.46366 -3.25421 -4.18766 0.309543 0.344897 -0.499763 0.731756 0.274043 
3.50884 -3.21197 -4.25265 0.295355 0.348712 -0.504741 0.732394 0.272765 
3.55403 -3.16974 -4.31764 0.281097 0.352444 -0.509598 0.732856 0.271488 
3.59921 -3.12751 -4.38264 0.266771 0.35609 -0.514332 0.733141 0.270211 
3.6444 -3.08527 -4.44763 0.252381 0.35965 -0.518942 0.73325 0.268933 
3.68959 -3.04304 -4.51262 0.23793 0.363124 -0.523427 0.733181 0.267656 
3.73477 -3.00081 -4.57761 0.223421 0.366511 -0.527785 0.732936 0.266379 
3.77996 -2.95858 -4.6426 0.208859 0.369809 -0.532017 0.732515 0.265101 
3.82514 -2.91634 -4.70759 0.194246 0.373017 -0.53612 0.731916 0.263824 
3.87033 -2.87411 -4.77259 0.179586 0.376136 -0.540094 0.731142 0.262547 
3.91551 -2.83188 -4.83758 0.164884 0.379165 -0.543938 0.730191 0.261269 
3.9607 -2.78964 -4.90257 0.150141 0.382101 -0.547651 0.729064 0.259992 
4.00588 -2.74741 -4.96756 0.135362 0.384946 -0.551232 0.727761 0.258715 
4.05107 -2.70518 -5.03255 0.120551 0.387698 -0.55468 0.726284 0.257437 
4.09625 -2.66295 -5.09754 0.105711 0.390357 -0.557994 0.72463 0.25616 
4.14144 -2.62071 -5.16254 0.0908447 0.392921 -0.561174 0.722803 0.254883 
4.18662 -2.57848 -5.22753 0.0759569 0.395391 -0.564219 0.720801 0.253605 
4.23181 -2.53625 -5.29252 0.0610508 0.397765 -0.567127 0.718625 0.252328 
4.277 -2.49401 -5.35751 0.04613 0.400044 -0.569899 0.716277 0.251051 
4.32218 -2.45178 -5.4225 0.0311981 0.402226 -0.572533 0.713755 0.249773 
4.36737 -2.40955 -5.48749 0.0162586 0.404311 -0.57503 0.711062 0.248496 
4.47506 -2.3427 -5.54892 0.0110045 0.417393 -0.57399 0.704413 0.246426 
4.58275 -2.27586 -5.61034 0.00574758 0.430372 -0.572811 0.697592 0.244355 
4.69044 -2.20902 -5.67177 0.000489306 0.443247 -0.571491 0.690601 0.242285 
4.79814 -2.14217 -5.73319 -0.00476909 0.456013 -0.570032 0.683442 0.240215 
4.90583 -2.07533 -5.79462 -0.0100263 0.468668 -0.568434 0.676115 0.238145 
5.01352 -2.00848 -5.85604 -0.0152811 0.481209 -0.566698 0.668624 0.236074 
5.12121 -1.94164 -5.91746 -0.0205322 0.493632 -0.564823 0.66097 0.234004 
5.22891 -1.87479 -5.97889 -0.0257782 0.505935 -0.56281 0.653154 0.231934 
5.3366 -1.80795 -6.04031 -0.031018 0.518114 -0.56066 0.645179 0.229863 
5.44429 -1.74111 -6.10174 -0.0362501 0.530167 -0.558373 0.637047 0.227793 
5.55198 -1.67426 -6.16316 -0.0414735 0.542091 -0.55595 0.628759 0.225723 
5.65968 -1.60742 -6.22458 -0.0466867 0.553882 -0.553391 0.620317 0.223652 
5.76737 -1.54057 -6.28601 -0.0518885 0.565538 -0.550697 0.611725 0.221582 
5.87506 -1.47373 -6.34743 -0.0570777 0.577056 -0.547869 0.602983 0.219512 
5.98275 -1.40689 -6.40886 -0.0622529 0.588433 -0.544907 0.594093 0.217442 
6.09044 -1.34004 -6.47028 -0.067413 0.599667 -0.541812 0.585059 0.215371 
6.19814 -1.2732 -6.53171 -0.0725566 0.610755 -0.538585 0.575882 0.213301 
6.30583 -1.20635 -6.59313 -0.0776825 0.621693 -0.535227 0.566565 0.211231 
6.41352 -1.13951 -6.65455 -0.0827894 0.63248 -0.531737 0.557109 0.20916 
6.52121 -1.07267 -6.71598 -0.0878761 0.643112 -0.528119 0.547518 0.20709 
6.62891 -1.00582 -6.7774 -0.0929414 0.653587 -0.524371 0.537793 0.20502 
6.7366 -0.938977 -6.83883 -0.097984 0.663903 -0.520495 0.527936 0.202949 
6.84429 -0.872133 -6.90025 -0.103003 0.674057 -0.516492 0.517951 0.200879 
6.95198 -0.805289 -6.96168 -0.107996 0.684046 -0.512364 0.507839 0.198809 
7.05968 -0.738445 -7.0231 -0.112964 0.693869 -0.50811 0.497604 0.196739 
7.16737 -0.671601 -7.08452 -0.117903 0.703522 -0.503732 0.487247 0.194668 
7.27506 -0.604756 -7.14595 -0.122814 0.713004 -0.499231 0.476771 0.192598 
7.38275 -0.537912 -7.20737 -0.127695 0.722311 -0.494609 0.466179 0.190528 
7.49045 -0.471068 -7.2688 -0.132545 0.731442 -0.489866 0.455473 0.188457 
7.59814 -0.404224 -7.33022 -0.137362 0.740395 -0.485003 0.444656 0.186387 
7.70583 -0.33738 -7.39164 -0.142146 0.749167 -0.480022 0.43373 0.184317 
7.81352 -0.270536 -7.45307 -0.146895 0.757757 -0.474924 0.422699 0.182246 
7.92122 -0.203692 -7.51449 -0.151609 0.766161 -0.46971 0.411564 0.180176 
8.02891 -0.136848 -7.57592 -0.156285 0.774379 -0.464381 0.400329 0.178106 
8.1366 -0.0700035 -7.63734 -0.160923 0.782407 -0.458939 0.388996 0.176036 
8.24429 -0.00315941 -7.69877 -0.165522 0.790245 -0.453385 0.377569 0.173965 
8.35199 0.0636847 -7.76019 -0.170081 0.797889 -0.44772 0.366049 0.171895 
8.45968 0.130529 -7.82161 -0.174598 0.805339 -0.441946 0.35444 0.169825 
8.56737 0.197373 -7.88304 -0.179072 0.812593 -0.436065 0.342744 0.167754 
8.67506 0.264217 -7.94446 -0.183503 0.819648 -0.430076 0.330965 0.165684 
8.78276 0.331061 -8.00589 -0.187889 0.826503 -0.423983 0.319105 0.163614 
8.89045 0.397905 -8.06731 -0.192229 0.833157 -0.417787 0.307167 0.161543 
8.99814 0.464749 -8.12874 -0.196522 0.839607 -0.411488 0.295154 0.159473 
9.06663 0.46481 -8.02246 -0.206581 0.837698 -0.404106 0.303784 0.157518 
9.13511 0.46487 -7.91619 -0.216592 0.835592 -0.39663 0.312343 0.155562 
9.2036 0.46493 -7.80992 -0.226551 0.833292 -0.389061 0.320828 0.153607 
9.27209 0.464991 -7.70365 -0.236458 0.830796 -0.381401 0.329239 0.151652 
9.34057 0.465051 -7.59738 -0.24631 0.828106 -0.373652 0.337573 0.149696 
9.40906 0.465111 -7.49111 -0.256104 0.825223 -0.365816 0.345827 0.147741 
9.47754 0.465172 -7.38484 -0.265838 0.822147 -0.357894 0.354001 0.145786 
9.54603 0.465232 -7.27856 -0.27551 0.818878 -0.349888 0.362092 0.14383 
9.61452 0.465292 -7.17229 -0.285118 0.815418 -0.3418 0.370099 0.141875 
9.683 0.465353 -7.06602 -0.294659 0.811768 -0.333633 0.378019 0.13992 
9.75149 0.465413 -6.95975 -0.304131 0.807928 -0.325388 0.38585 0.137964 
9.81998 0.465473 -6.85348 -0.313532 0.803898 -0.317066 0.393592 0.136009 
9.88846 0.465534 -6.74721 -0.322859 0.799681 -0.30867 0.401241 0.134053 
9.95695 0.465594 -6.64094 -0.332111 0.795277 -0.300203 0.408797 0.132098 
10.0254 0.465654 -6.53467 -0.341286 0.790687 -0.291665 0.416257 0.130143 
10.0939 0.465714 -6.42839 -0.350381 0.785912 -0.283059 0.423619 0.128187 
10.1624 0.465775 -6.32212 -0.359394 0.780954 -0.274386 0.430883 0.126232 
10.2309 0.465835 -6.21585 -0.368322 0.775812 -0.26565 0.438046 0.124277 
10.2994 0.465895 -6.10958 -0.377165 0.77049 -0.256851 0.445106 0.122321 
10.3679 0.465956 -6.00331 -0.385919 0.764987 -0.247993 0.452063 0.120366 
10.4364 0.466016 -5.89704 -0.394584 0.759306 -0.239076 0.458913 0.118411 
10.5048 0.466076 -5.79077 -0.403156 0.753446 -0.230104 0.465657 0.116455 
10.5733 0.466137 -5.6845 -0.411634 0.747411 -0.221077 0.472291 0.1145 
10.6418 0.466197 -5.57822 -0.420015 0.741201 -0.211999 0.478815 0.112545 
10.7103 0.466257 -5.47195 -0.428298 0.734818 -0.202872 0.485228 0.110589 
10.7788 0.466318 -5.36568 -0.436482 0.728263 -0.193697 0.491526 0.108634 
10.8473 0.466378 -5.25941 -0.444563 0.721538 -0.184477 0.49771 0.106678 
10.9158 0.466438 -5.15314 -0.45254 0.714644 -0.175213 0.503778 0.104723 
10.9842 0.466499 -5.04687 -0.460412 0.707583 -0.165909 0.509727 0.102768 
11.0527 0.466559 -4.9406 -0.468175 0.700356 -0.156566 0.515558 0.100812 
11.1219 0.46662 -4.83331 -0.475902 0.692895 -0.147096 0.521322 0.0988383 
11.191 0.466681 -4.72602 -0.483516 0.685268 -0.137591 0.526962 0.0968642 
11.2602 0.466742 -4.61873 -0.491015 0.677478 -0.128054 0.532476 0.0948901 
11.3293 0.466802 -4.51144 -0.498396 0.669526 -0.118486 0.537864 0.092916 
11.3984 0.466863 -4.40415 -0.505659 0.661415 -0.10889 0.543123 0.090942 
11.4676 0.466924 -4.29687 -0.512801 0.653146 -0.0992675 0.548253 0.0889679 
11.5367 0.466985 -4.18958 -0.519821 0.644722 -0.0896216 0.553252 0.0869938 
11.6059 0.467046 -4.08229 -0.526717 0.636144 -0.0799544 0.558119 0.0850197 
11.675 0.467107 -3.975 -0.533488 0.627414 -0.0702682 0.562854 0.0830456 
11.7441 0.467168 -3.86771 -0.540131 0.618535 -0.0605652 0.567454 0.0810716 
11.8133 0.467229 -3.76042 -0.546646 0.609509 -0.0508477 0.571919 0.0790975 
11.8824 0.46729 -3.65313 -0.553031 0.600337 -0.0411182 0.576248 0.0771234 
11.9516 0.46735 -3.54585 -0.559284 0.591022 -0.0313788 0.580439 0.0751493 
12.0207 0.467411 -3.43856 -0.565403 0.581567 -0.021632 0.584492 0.0731753 
12.0899 0.467472 -3.33127 -0.571388 0.571973 -0.01188 0.588406 0.0712012 
12.159 0.467533 -3.22398 -0.577237 0.562242 -0.00212519 0.59218 0.0692271 
12.2281 0.467594 -3.11669 -0.582948 0.552378 0.00763013 0.595812 0.067253 
12.2973 0.467655 -3.0094 -0.58852 0.542382 0.0173836 0.599303 0.0652789 
12.3664 0.467716 -2.90211 -0.593952 0.532257 0.027133 0.602651 0.0633049 
12.4356 0.467777 -2.79483 -0.599242 0.522005 0.0368759 0.605855 0.0613308 
12.5047 0.467838 -2.68754 -0.60439 0.511628 0.04661 0.608915 0.0593567 
12.5739 0.467898 -2.58025 -0.609393 0.50113 0.056333 0.611829 0.0573826 
12.643 0.467959 -2.47296 -0.614252 0.490512 0.0660426 0.614598 0.0554086 
12.7121 0.46802 -2.36567 -0.618964 0.479777 0.0757364 0.617221 0.0534345 
12.7813 0.468081 -2.25838 -0.623528 0.468928 0.0854122 0.619696 0.0514604 
12.8504 0.468142 -2.15109 -0.627944 0.457967 0.0950677 0.622024 0.0494863 
12.9196 0.468203 -2.04381 -0.632211 0.446898 0.1047 0.624203 0.0475122 
12.9887 0.468264 -1.93652 -0.636326 0.435721 0.114308 0.626234 0.0455382 
13.0578 0.468325 -1.82923 -0.640291 0.424441 0.123889 0.628116 0.0435641 
13.127 0.468386 -1.72194 -0.644102 0.41306 0.13344 0.629848 0.04159 
13.1961 0.468447 -1.61465 -0.64776 0.40158 0.142959 0.631429 0.0396159 
13.2653 0.468507 -1.50736 -0.651264 0.390005 0.152444 0.632861 0.0376418 
13.3344 0.468568 -1.40008 -0.654612 0.378336 0.161893 0.634141 0.0356678 
13.4036 0.468629 -1.29279 -0.657805 0.366578 0.171304 0.635271 0.0336937 
13.4727 0.46869 -1.1855 -0.66084 0.354732 0.180673 0.636249 0.0317196 
13.5418 0.468751 -1.07821 -0.663719 0.342801 0.19 0.637075 0.0297455 
13.611 0.468812 -0.970921 -0.666439 0.330789 0.199281 0.63775 0.0277715 
13.6801 0.468873 -0.863633 -0.669 0.318698 0.208515 0.638273 0.0257974 
13.7493 0.468934 -0.756344 -0.671402 0.306531 0.217699 0.638643 0.0238233 
13.8184 0.468995 -0.649056 -0.673644 0.294292 0.226831 0.638861 0.0218492 
13.8875 0.469055 -0.541767 -0.675725 0.281982 0.235909 0.638928 0.0198751 
13.9567 0.469116 -0.434478 -0.677646 0.269604 0.244931 0.638842 0.0179011 
14.0258 0.469177 -0.32719 -0.679405 0.257163 0.253894 0.638603 0.015927 
14.095 0.469238 -0.219901 -0.681002 0.24466 0.262797 0.638213 0.0139529 
14.1641 0.469299 -0.112613 -0.682437 0.232099 0.271637 0.63767 0.0119788 
14.2333 0.46936 -0.00532437 -0.683709 0.219483 0.280413 0.636976 0.0100047 
14.3024 0.469421 0.101964 -0.684818 0.206814 0.289122 0.63613 0.00803067 

