0 0 0 0 0 0 1 4.65186e-310 
0.00716987 0.0530053 -0.0729963 -0.0019811 -0.0138204 0.0068623 0.999879 0.00215779 
0.0143397 0.106011 -0.145993 -0.00396172 -0.0276375 0.0137229 0.999516 0.00431558 
0.0215096 0.159016 -0.218989 -0.00594138 -0.0414478 0.0205803 0.998911 0.00647336 
0.0286795 0.212021 -0.291985 -0.00791961 -0.0552482 0.0274326 0.998064 0.00863115 
0.0358494 0.265027 -0.364981 -0.00989592 -0.0690351 0.0342783 0.996976 0.0107889 
0.0430192 0.318032 -0.437978 -0.0118698 -0.0828054 0.0411157 0.995646 0.0129467 
0.0501891 0.371037 -0.510974 -0.0138409 -0.0965556 0.0479431 0.994076 0.0151045 
0.057359 0.424043 -0.58397 -0.0158086 -0.110282 0.054759 0.992265 0.0172623 
0.0645289 0.477048 -0.656966 -0.0177724 -0.123983 0.0615616 0.990213 0.0194201 
0.0716987 0.530053 -0.729963 -0.019732 -0.137653 0.0683493 0.987922 0.0215779 
0.0788686 0.583059 -0.802959 -0.0216868 -0.15129 0.0751204 0.985392 0.0237357 
0.0860385 0.636064 -0.875955 -0.0236363 -0.16489 0.0818734 0.982624 0.0258935 
0.0932084 0.689069 -0.948952 -0.0255801 -0.17845 0.0886065 0.979617 0.0280512 
0.100378 0.742075 -1.02195 -0.0275177 -0.191967 0.0953182 0.976374 0.030209 
0.107548 0.79508 -1.09494 -0.0294487 -0.205438 0.102007 0.972894 0.0323668 
0.114718 0.848085 -1.16794 -0.0313725 -0.218859 0.108671 0.969179 0.0345246 
0.121888 0.901091 -1.24094 -0.0332888 -0.232227 0.115308 0.965229 0.0366824 
0.129058 0.954096 -1.31393 -0.035197 -0.245538 0.121918 0.961045 0.0388402 
0.136228 1.0071 -1.38693 -0.0370966 -0.258791 0.128498 0.956629 0.040998 
0.143397 1.06011 -1.45993 -0.0389873 -0.27198 0.135048 0.951982 0.0431558 
0.150567 1.11311 -1.53292 -0.0408686 -0.285104 0.141564 0.947103 0.0453135 
0.157737 1.16612 -1.60592 -0.0427399 -0.298159 0.148046 0.941996 0.0474713 
0.164907 1.21912 -1.67891 -0.044601 -0.311142 0.154493 0.936661 0.0496291 
0.172077 1.27213 -1.75191 -0.0464512 -0.324049 0.160901 0.931099 0.0517869 
0.179247 1.32513 -1.82491 -0.0482902 -0.336878 0.167271 0.925312 0.0539447 
0.186417 1.37814 -1.8979 -0.0501175 -0.349626 0.173601 0.9193 0.0561025 
0.193587 1.43114 -1.9709 -0.0519326 -0.362288 0.179889 0.913066 0.0582603 
0.200756 1.48415 -2.0439 -0.0537352 -0.374863 0.186132 0.906612 0.0604181 
0.207926 1.53715 -2.11689 -0.0555248 -0.387348 0.192331 0.899937 0.0625758 
0.215096 1.59016 -2.18989 -0.0573009 -0.399738 0.198484 0.893045 0.0647336 
0.222266 1.64317 -2.26288 -0.0590632 -0.412032 0.204588 0.885937 0.0668914 
0.229436 1.69617 -2.33588 -0.0608112 -0.424226 0.210643 0.878615 0.0690492 
0.236606 1.74918 -2.40888 -0.0625445 -0.436318 0.216647 0.871079 0.071207 
0.243776 1.80218 -2.48187 -0.0642626 -0.448304 0.222598 0.863333 0.0733648 
0.250946 1.85519 -2.55487 -0.0659652 -0.460181 0.228496 0.855378 0.0755226 
0.258115 1.90819 -2.62787 -0.0676518 -0.471947 0.234338 0.847216 0.0776804 
0.265285 1.9612 -2.70086 -0.069322 -0.483599 0.240123 0.838849 0.0798381 
0.272455 2.0142 -2.77386 -0.0709755 -0.495134 0.245851 0.830279 0.0819959 
0.279625 2.06721 -2.84685 -0.0726117 -0.506548 0.251519 0.821508 0.0841537 
0.286795 2.12021 -2.91985 -0.0742304 -0.517841 0.257126 0.812538 0.0863115 
0.293965 2.17322 -2.99285 -0.0758312 -0.529008 0.26267 0.803371 0.0884693 
0.301135 2.22622 -3.06584 -0.0774136 -0.540047 0.268151 0.79401 0.0906271 
0.308305 2.27923 -3.13884 -0.0789772 -0.550955 0.273568 0.784457 0.0927849 
0.315474 2.33223 -3.21184 -0.0805217 -0.56173 0.278918 0.774714 0.0949427 
0.322644 2.38524 -3.28483 -0.0820468 -0.572368 0.2842 0.764783 0.0971004 
0.329814 2.43825 -3.35783 -0.083552 -0.582869 0.289414 0.754667 0.0992582 
0.336984 2.49125 -3.43082 -0.0850369 -0.593228 0.294558 0.744369 0.101416 
0.344154 2.54426 -3.50382 -0.0865013 -0.603444 0.29963 0.73389 0.103574 
0.351324 2.59726 -3.57682 -0.0879447 -0.613513 0.30463 0.723234 0.105732 
0.358494 2.65027 -3.64981 -0.0893669 -0.623434 0.309556 0.712403 0.107889 
0.365664 2.70327 -3.72281 -0.0907674 -0.633205 0.314408 0.701399 0.110047 
0.372833 2.75628 -3.79581 -0.092146 -0.642822 0.319183 0.690226 0.112205 
0.380003 2.80928 -3.8688 -0.0935022 -0.652283 0.323881 0.678885 0.114363 
0.387173 2.86229 -3.9418 -0.0948359 -0.661587 0.3285 0.667381 0.116521 
0.394343 2.91529 -4.01479 -0.0961465 -0.67073 0.33304 0.655714 0.118678 
0.401513 2.9683 -4.08779 -0.0974339 -0.679711 0.3375 0.643889 0.120836 
0.408683 3.0213 -4.16079 -0.0986977 -0.688528 0.341877 0.631908 0.122994 
0.415853 3.07431 -4.23378 -0.0999377 -0.697178 0.346172 0.619775 0.125152 
0.423023 3.12731 -4.30678 -0.101153 -0.705659 0.350384 0.607491 0.127309 
0.430192 3.18032 -4.37978 -0.102345 -0.713969 0.35451 0.59506 0.129467 
0.437362 3.23333 -4.45277 -0.103511 -0.722107 0.358551 0.582485 0.131625 
0.444532 3.28633 -4.52577 -0.104653 -0.730069 0.362504 0.569769 0.133783 
0.451702 3.33934 -4.59877 -0.105769 -0.737856 0.36637 0.556916 0.135941 
0.515241 3.31883 -4.66955 -0.107633 -0.727376 0.370268 0.567662 0.136665 
0.57878 3.29833 -4.74033 -0.109471 -0.716719 0.374075 0.578271 0.13739 
0.642319 3.27782 -4.81111 -0.111282 -0.705887 0.377791 0.588738 0.138114 
0.705859 3.25732 -4.88189 -0.113066 -0.694883 0.381415 0.599062 0.138838 
0.769398 3.23681 -4.95268 -0.114823 -0.68371 0.384946 0.60924 0.139563 
0.832937 3.21631 -5.02346 -0.116551 -0.67237 0.388383 0.619269 0.140287 
0.896476 3.1958 -5.09424 -0.118251 -0.660865 0.391725 0.629147 0.141012 
0.960015 3.1753 -5.16502 -0.119923 -0.6492 0.394971 0.638871 0.141736 
1.02355 3.15479 -5.2358 -0.121565 -0.637376 0.398122 0.648439 0.142461 
1.08709 3.13429 -5.30659 -0.123177 -0.625396 0.401175 0.65785 0.143185 
1.15063 3.11378 -5.37737 -0.124759 -0.613264 0.40413 0.667099 0.14391 
1.21417 3.09328 -5.44815 -0.126311 -0.600982 0.406986 0.676186 0.144634 
1.27771 3.07277 -5.51893 -0.127832 -0.588554 0.409744 0.685108 0.145358 
1.34125 3.05227 -5.58972 -0.129322 -0.575982 0.412401 0.693863 0.146083 
1.40479 3.03176 -5.6605 -0.13078 -0.563269 0.414957 0.702449 0.146807 
1.46833 3.01126 -5.73128 -0.132206 -0.550419 0.417413 0.710863 0.147532 
1.53187 2.99075 -5.80206 -0.1336 -0.537435 0.419766 0.719104 0.148256 
1.59541 2.97025 -5.87284 -0.134962 -0.52432 0.422018 0.727169 0.148981 
1.65895 2.94974 -5.94363 -0.13629 -0.511077 0.424166 0.735057 0.149705 
1.72249 2.92924 -6.01441 -0.137586 -0.497709 0.426211 0.742766 0.15043 
1.78602 2.90873 -6.08519 -0.138847 -0.484219 0.428151 0.750293 0.151154 
1.84956 2.88823 -6.15597 -0.140075 -0.470612 0.429988 0.757637 0.151878 
1.9131 2.86772 -6.22676 -0.141269 -0.456889 0.431719 0.764797 0.152603 
1.97664 2.84722 -6.29754 -0.142428 -0.443056 0.433345 0.77177 0.153327 
2.04018 2.82671 -6.36832 -0.143553 -0.429114 0.434865 0.778554 0.154052 
2.10372 2.8062 -6.4391 -0.144642 -0.415067 0.436279 0.785149 0.154776 
2.16726 2.7857 -6.50988 -0.145696 -0.400919 0.437587 0.791552 0.155501 
2.2308 2.76519 -6.58067 -0.146715 -0.386673 0.438788 0.797762 0.156225 
2.29434 2.74469 -6.65145 -0.147698 -0.372333 0.439882 0.803777 0.15695 
2.35788 2.72418 -6.72223 -0.148644 -0.357903 0.440869 0.809596 0.157674 
2.42142 2.70368 -6.79301 -0.149555 -0.343384 0.441748 0.815218 0.158398 
2.48495 2.68317 -6.8638 -0.150429 -0.328782 0.442519 0.82064 0.159123 
2.54849 2.66267 -6.93458 -0.151266 -0.3141 0.443182 0.825863 0.159847 
2.61203 2.64216 -7.00536 -0.152067 -0.299341 0.443737 0.830884 0.160572 
2.67557 2.62166 -7.07614 -0.15283 -0.284509 0.444184 0.835702 0.161296 
2.73911 2.60115 -7.14692 -0.153556 -0.269608 0.444523 0.840316 0.162021 
2.80265 2.58065 -7.21771 -0.154245 -0.254641 0.444753 0.844726 0.162745 
2.86619 2.56014 -7.28849 -0.154895 -0.239612 0.444874 0.848929 0.16347 
2.92973 2.53964 -7.35927 -0.155509 -0.224524 0.444887 0.852925 0.164194 
2.99327 2.51913 -7.43005 -0.156084 -0.209382 0.444792 0.856713 0.164918 
3.05681 2.49863 -7.50084 -0.156621 -0.194188 0.444588 0.860292 0.165643 
3.12035 2.47812 -7.57162 -0.15712 -0.178947 0.444275 0.863661 0.166367 
3.18389 2.45762 -7.6424 -0.15758 -0.163663 0.443854 0.86682 0.167092 
3.24742 2.43711 -7.71318 -0.158002 -0.148338 0.443325 0.869767 0.167816 
3.31096 2.41661 -7.78396 -0.158386 -0.132978 0.442688 0.872501 0.168541 
3.3745 2.3961 -7.85475 -0.158731 -0.117584 0.441942 0.875023 0.169265 
3.43804 2.3756 -7.92553 -0.159037 -0.102163 0.441089 0.877331 0.16999 
3.50158 2.35509 -7.99631 0.159305 0.0867158 -0.440128 -0.879426 0.170714 
3.65594 2.27392 -7.95853 0.169339 0.0817115 -0.430045 -0.883011 0.171551 
3.8103 2.19276 -7.92076 0.179332 0.0766876 -0.419859 -0.886384 0.172387 
3.96465 2.11159 -7.88298 0.189283 0.0716453 -0.409572 -0.889545 0.173224 
4.11901 2.03042 -7.8452 0.199188 0.0665858 -0.399187 -0.892491 0.17406 
4.27337 1.94925 -7.80742 0.209045 0.0615102 -0.388705 -0.895223 0.174897 
4.42773 1.86808 -7.76965 0.218852 0.0564199 -0.37813 -0.897741 0.175733 
4.58209 1.78691 -7.73187 0.228606 0.0513161 -0.367465 -0.900042 0.17657 
4.73644 1.70574 -7.69409 0.238306 0.0461999 -0.356711 -0.902127 0.177407 
4.8908 1.62457 -7.65632 0.247948 0.0410726 -0.345871 -0.903996 0.178243 
5.04516 1.5434 -7.61854 0.25753 0.0359354 -0.334948 -0.905647 0.17908 
5.19952 1.46223 -7.58076 0.267051 0.0307896 -0.323945 -0.907081 0.179916 
5.35387 1.38107 -7.54298 0.276508 0.0256364 -0.312864 -0.908296 0.180753 
5.50823 1.2999 -7.50521 0.285898 0.0204771 -0.301708 -0.909294 0.181589 
5.66259 1.21873 -7.46743 0.295219 0.0153128 -0.290479 -0.910073 0.182426 
5.81695 1.13756 -7.42965 0.30447 0.0101448 -0.279181 -0.910633 0.183263 
5.97131 1.05639 -7.39187 0.313647 0.00497446 -0.267815 -0.910975 0.184099 
6.12566 0.975221 -7.3541 0.322749 -0.000197128 -0.256386 -0.911098 0.184936 
6.28002 0.894052 -7.31632 0.331773 -0.00536866 -0.244894 -0.911002 0.185772 
6.43438 0.812883 -7.27854 0.340718 -0.0105389 -0.233344 -0.910687 0.186609 
6.58874 0.731714 -7.24077 0.349581 -0.0157066 -0.221737 -0.910153 0.187445 
6.74309 0.650545 -7.20299 0.35836 -0.0208706 -0.210078 -0.909401 0.188282 
6.89745 0.569376 -7.16521 0.367053 -0.0260295 -0.198368 -0.90843 0.189119 
7.05181 0.488207 -7.12743 0.375658 -0.0311822 -0.18661 -0.907241 0.189955 
7.20617 0.407038 -7.08966 0.384172 -0.0363273 -0.174807 -0.905834 0.190792 
7.36053 0.325869 -7.05188 0.392594 -0.0414638 -0.162963 -0.904209 0.191628 
7.51488 0.2447 -7.0141 0.400922 -0.0465903 -0.151079 -0.902367 0.192465 
7.66924 0.163531 -6.97632 0.409153 -0.0517056 -0.139159 -0.900308 0.193301 
7.8236 0.0823621 -6.93855 0.417286 -0.0568085 -0.127205 -0.898033 0.194138 
7.97796 0.00119307 -6.90077 0.425319 -0.0618977 -0.115221 -0.895542 0.194975 
8.13231 -0.0799759 -6.86299 0.43325 -0.0669721 -0.10321 -0.892836 0.195811 
8.28667 -0.161145 -6.82522 0.441077 -0.0720303 -0.0911732 -0.889916 0.196648 
8.44103 -0.242314 -6.78744 0.448797 -0.0770713 -0.0791148 -0.886782 0.197484 
8.59539 -0.323483 -6.74966 0.45641 -0.0820937 -0.0670374 -0.883434 0.198321 
8.74975 -0.404652 -6.71188 0.463913 -0.0870965 -0.0549439 -0.879875 0.199157 
8.9041 -0.485821 -6.67411 0.471305 -0.0920782 -0.0428371 -0.876104 0.199994 
9.0592 -0.567381 -6.63615 0.478618 -0.0970618 -0.0306617 -0.872103 0.200835 
9.2143 -0.648941 -6.59819 0.485816 -0.102022 -0.0184789 -0.86789 0.201675 
9.36941 -0.7305 -6.56023 0.492895 -0.106957 -0.00629161 -0.863467 0.202516 
9.52451 -0.81206 -6.52227 0.499855 -0.111866 0.00589722 -0.858834 0.203356 
9.67961 -0.89362 -6.48431 0.506693 -0.116748 0.0180846 -0.853993 0.204197 
9.83471 -0.97518 -6.44635 0.513409 -0.121602 0.0302676 -0.848945 0.205038 
9.98981 -1.05674 -6.40839 0.52 -0.126426 0.0424433 -0.843691 0.205878 
10.1449 -1.1383 -6.37043 0.526465 -0.13122 0.0546087 -0.838233 0.206719 
10.3 -1.21986 -6.33247 0.532802 -0.135982 0.0667608 -0.832571 0.207559 
10.4551 -1.30142 -6.29451 0.53901 -0.140711 0.0788968 -0.826707 0.2084 
10.6102 -1.38298 -6.25655 0.545087 -0.145405 0.0910136 -0.820642 0.209241 
10.7653 -1.46454 -6.2186 0.551032 -0.150065 0.103108 -0.814379 0.210081 
10.9204 -1.5461 -6.18064 0.556844 -0.154688 0.115178 -0.807918 0.210922 
11.0755 -1.62766 -6.14268 0.56252 -0.159273 0.12722 -0.801261 0.211762 
11.2306 -1.70922 -6.10472 0.56806 -0.16382 0.139231 -0.794409 0.212603 
11.3857 -1.79078 -6.06676 0.573462 -0.168327 0.151208 -0.787365 0.213444 
11.5408 -1.87234 -6.0288 0.578725 -0.172794 0.163148 -0.78013 0.214284 
11.6959 -1.9539 -5.99084 0.583847 -0.177218 0.175049 -0.772705 0.215125 
11.851 -2.03546 -5.95288 -0.588828 0.1816 -0.186908 0.765094 0.215965 
11.913 -2.01073 -5.84706 -0.593191 0.187759 -0.198105 0.75738 0.211545 
11.9749 -1.98601 -5.74125 -0.597411 0.193872 -0.209254 0.749484 0.207125 
12.0368 -1.96128 -5.63543 -0.601486 0.199939 -0.220352 0.741406 0.202705 
12.0988 -1.93656 -5.52961 -0.605416 0.205958 -0.231398 0.733149 0.198285 
12.1607 -1.91183 -5.4238 -0.609199 0.211926 -0.242387 0.724715 0.193865 
12.2226 -1.88711 -5.31798 -0.612835 0.217844 -0.253318 0.716105 0.189445 
12.2846 -1.86238 -5.21216 -0.616323 0.223709 -0.264187 0.707323 0.185024 
12.3465 -1.83766 -5.10634 -0.619662 0.229519 -0.274993 0.698369 0.180604 
12.4084 -1.81293 -5.00053 -0.622851 0.235274 -0.285732 0.689246 0.176184 
12.4704 -1.78821 -4.89471 -0.625889 0.240972 -0.296402 0.679957 0.171764 
12.5323 -1.76348 -4.78889 -0.628776 0.246612 -0.307 0.670503 0.167344 
12.5942 -1.73876 -4.68308 -0.631511 0.252193 -0.317524 0.660887 0.162924 
12.6562 -1.71404 -4.57726 -0.634093 0.257712 -0.327971 0.651111 0.158503 
12.7181 -1.68931 -4.47144 -0.636521 0.263169 -0.338339 0.641178 0.154083 
12.78 -1.66459 -4.36562 -0.638796 0.268562 -0.348625 0.63109 0.149663 
12.8419 -1.63986 -4.25981 -0.640916 0.273891 -0.358827 0.620849 0.145243 
12.9039 -1.61514 -4.15399 -0.642882 0.279153 -0.368942 0.610458 0.140823 
12.9658 -1.59041 -4.04817 -0.644692 0.284348 -0.378968 0.599919 0.136403 
13.0277 -1.56569 -3.94236 -0.646346 0.289473 -0.388902 0.589235 0.131983 
13.0897 -1.54096 -3.83654 -0.647843 0.294529 -0.398742 0.578409 0.127562 
13.1516 -1.51624 -3.73072 -0.649184 0.299514 -0.408485 0.567443 0.123142 
13.2135 -1.49151 -3.6249 -0.650368 0.304426 -0.41813 0.556339 0.118722 
13.2755 -1.46679 -3.51909 -0.651395 0.309265 -0.427674 0.545101 0.114302 
13.3374 -1.44206 -3.41327 -0.652264 0.314029 -0.437114 0.533731 0.109882 
13.3993 -1.41734 -3.30745 -0.652975 0.318716 -0.446449 0.522232 0.105462 
13.4613 -1.39261 -3.20164 -0.653529 0.323327 -0.455676 0.510607 0.101042 
13.5232 -1.36789 -3.09582 -0.653924 0.32786 -0.464792 0.498859 0.0966214 
13.5851 -1.34316 -2.99 -0.654161 0.332313 -0.473796 0.486989 0.0922012 
13.6471 -1.31844 -2.88418 -0.65424 0.336686 -0.482685 0.475002 0.087781 
13.709 -1.29371 -2.77837 -0.654161 0.340977 -0.491458 0.4629 0.0833609 
13.7709 -1.26899 -2.67255 -0.653924 0.345187 -0.500112 0.450686 0.0789407 
13.8329 -1.24426 -2.56673 -0.653528 0.349312 -0.508645 0.438363 0.0745206 
13.8948 -1.21954 -2.46092 -0.652975 0.353353 -0.517055 0.425934 0.0701004 
13.9567 -1.19481 -2.3551 -0.652263 0.357309 -0.525339 0.413403 0.0656803 
14.0187 -1.17009 -2.24928 -0.651394 0.361178 -0.533497 0.400771 0.0612601 
14.0806 -1.14536 -2.14346 -0.650367 0.36496 -0.541526 0.388042 0.05684 
14.1425 -1.12064 -2.03765 -0.649183 0.368653 -0.549424 0.375219 0.0524198 
14.2045 -1.09591 -1.93183 -0.647842 0.372258 -0.557189 0.362306 0.0479997 
14.2664 -1.07119 -1.82601 -0.646344 0.375772 -0.564819 0.349305 0.0435795 
14.3283 -1.04646 -1.7202 -0.64469 0.379196 -0.572312 0.336219 0.0391594 
14.3903 -1.02174 -1.61438 -0.64288 0.382528 -0.579668 0.323052 0.0347392 
14.4522 -0.997015 -1.50856 -0.640915 0.385767 -0.586883 0.309807 0.0303191 
14.5141 -0.97229 -1.40274 -0.638795 0.388913 -0.593956 0.296488 0.0258989 
14.5761 -0.947565 -1.29693 -0.63652 0.391965 -0.600885 0.283096 0.0214787 
14.638 -0.92284 -1.19111 -0.634091 0.394922 -0.607669 0.269636 0.0170586 
14.6999 -0.898116 -1.08529 -0.631509 0.397784 -0.614306 0.256111 0.0126384 
14.7619 -0.873391 -0.979476 -0.628774 0.400549 -0.620795 0.242523 0.00821829 

