0 0 0 0 0 0 1 4.65477e-310 
0.0754285 0.185646 -0.0403252 0.0106301 -0.00521631 -0.00997264 0.99988 2.87013e-05 
0.150857 0.371293 -0.0806505 0.0212577 -0.0104314 -0.0199429 0.999521 5.74025e-05 
0.226285 0.556939 -0.120976 0.0318801 -0.0156439 -0.0299084 0.998922 8.61038e-05 
0.301714 0.742586 -0.161301 0.0424949 -0.0208527 -0.0398667 0.998083 0.000114805 
0.377142 0.928232 -0.201626 0.0530996 -0.0260565 -0.0498154 0.997005 0.000143506 
0.452571 1.11388 -0.241951 0.0636915 -0.0312541 -0.0597522 0.995689 0.000172208 
0.527999 1.29953 -0.282277 0.0742681 -0.0364442 -0.0696747 0.994134 0.000200909 
0.603428 1.48517 -0.322602 0.084827 -0.0416255 -0.0795805 0.99234 0.00022961 
0.678856 1.67082 -0.362927 0.0953655 -0.0467969 -0.0894672 0.990309 0.000258311 
0.754285 1.85646 -0.403252 0.105881 -0.051957 -0.0993325 0.98804 0.000287013 
0.829713 2.04211 -0.443578 0.116371 -0.0571047 -0.109174 0.985534 0.000315714 
0.905142 2.22776 -0.483903 0.126834 -0.0622387 -0.118989 0.982792 0.000344415 
0.98057 2.4134 -0.524228 0.137266 -0.0673578 -0.128776 0.979815 0.000373116 
1.056 2.59905 -0.564553 0.147665 -0.0724607 -0.138532 0.976603 0.000401818 
1.13143 2.7847 -0.604879 0.158029 -0.0775463 -0.148255 0.973157 0.000430519 
1.20686 2.97034 -0.645204 0.168354 -0.0826133 -0.157942 0.969477 0.00045922 
1.28228 3.15599 -0.685529 0.17864 -0.0876605 -0.167591 0.965565 0.000487922 
1.35771 3.34164 -0.725854 0.188882 -0.0926867 -0.1772 0.961422 0.000516623 
1.43314 3.52728 -0.766179 0.19908 -0.0976907 -0.186767 0.957048 0.000545324 
1.50857 3.71293 -0.806505 0.20923 -0.102671 -0.196289 0.952445 0.000574025 
1.584 3.89858 -0.84683 0.219329 -0.107627 -0.205764 0.947614 0.000602727 
1.65943 4.08422 -0.887155 0.229376 -0.112557 -0.215189 0.942556 0.000631428 
1.73486 4.26987 -0.92748 0.239368 -0.11746 -0.224563 0.937271 0.000660129 
1.81028 4.45551 -0.967806 0.249303 -0.122335 -0.233884 0.931762 0.00068883 
1.88571 4.64116 -1.00813 0.259177 -0.127181 -0.243148 0.92603 0.000717532 
1.96114 4.82681 -1.04846 0.26899 -0.131996 -0.252353 0.920076 0.000746233 
2.03657 5.01245 -1.08878 0.278738 -0.13678 -0.261499 0.913901 0.000774934 
2.112 5.1981 -1.12911 0.28842 -0.141531 -0.270581 0.907507 0.000803636 
2.18743 5.38375 -1.16943 0.298032 -0.146248 -0.279599 0.900895 0.000832337 
2.26285 5.56939 -1.20976 0.307573 -0.150929 -0.28855 0.894068 0.000861038 
2.33828 5.75504 -1.25008 0.31704 -0.155575 -0.297432 0.887027 0.000889739 
2.36126 5.73825 -1.35535 0.317496 -0.153909 -0.300385 0.886159 0.00585409 
2.38424 5.72146 -1.46062 0.317947 -0.152242 -0.303335 0.88528 0.0108184 
2.40722 5.70467 -1.56588 0.318395 -0.150572 -0.30628 0.88439 0.0157828 
2.4302 5.68788 -1.67115 0.318838 -0.1489 -0.309222 0.883489 0.0207471 
2.45318 5.67109 -1.77641 0.319278 -0.147227 -0.31216 0.882577 0.0257115 
2.47615 5.6543 -1.88168 0.319713 -0.145552 -0.315094 0.881654 0.0306758 
2.49913 5.63751 -1.98695 0.320145 -0.143875 -0.318025 0.88072 0.0356402 
2.52211 5.62072 -2.09221 0.320572 -0.142196 -0.320951 0.879775 0.0406045 
2.54509 5.60393 -2.19748 0.320996 -0.140515 -0.323873 0.878819 0.0455689 
2.56807 5.58714 -2.30275 0.321415 -0.138833 -0.326792 0.877852 0.0505332 
2.59105 5.57035 -2.40801 0.321831 -0.137149 -0.329706 0.876875 0.0554976 
2.61403 5.55356 -2.51328 0.322242 -0.135463 -0.332616 0.875886 0.0604619 
2.637 5.53677 -2.61855 0.32265 -0.133776 -0.335522 0.874886 0.0654263 
2.65998 5.51998 -2.72381 0.323054 -0.132087 -0.338424 0.873876 0.0703906 
2.68296 5.50319 -2.82908 0.323453 -0.130396 -0.341321 0.872854 0.075355 
2.70594 5.4864 -2.93434 0.323849 -0.128704 -0.344214 0.871822 0.0803193 
2.72892 5.46961 -3.03961 0.32424 -0.12701 -0.347103 0.870779 0.0852837 
2.7519 5.45282 -3.14488 0.324627 -0.125314 -0.349988 0.869725 0.090248 
2.77487 5.43603 -3.25014 0.325011 -0.123617 -0.352868 0.86866 0.0952124 
2.79785 5.41924 -3.35541 0.32539 -0.121918 -0.355744 0.867585 0.100177 
2.82083 5.40245 -3.46068 0.325765 -0.120218 -0.358616 0.866498 0.105141 
2.84381 5.38566 -3.56594 0.326137 -0.118516 -0.361483 0.865401 0.110105 
2.86679 5.36887 -3.67121 0.326504 -0.116813 -0.364345 0.864293 0.11507 
2.88977 5.35208 -3.77648 0.326867 -0.115108 -0.367203 0.863174 0.120034 
2.91275 5.33529 -3.88174 0.327226 -0.113402 -0.370057 0.862045 0.124998 
2.93572 5.3185 -3.98701 0.327581 -0.111695 -0.372906 0.860904 0.129963 
2.9587 5.30171 -4.09228 0.327931 -0.109986 -0.37575 0.859753 0.134927 
2.98168 5.28492 -4.19754 0.328278 -0.108276 -0.378589 0.858592 0.139891 
3.00466 5.26813 -4.30281 0.328621 -0.106564 -0.381424 0.857419 0.144856 
3.02764 5.25134 -4.40807 0.328959 -0.104851 -0.384254 0.856236 0.14982 
3.05062 5.23456 -4.51334 0.329294 -0.103137 -0.387079 0.855043 0.154785 
3.0736 5.21777 -4.61861 0.329624 -0.101422 -0.3899 0.853838 0.159749 
3.09657 5.20098 -4.72387 0.329951 -0.0997049 -0.392715 0.852623 0.164713 
3.11955 5.18419 -4.82914 0.330273 -0.0979869 -0.395526 0.851398 0.169678 
3.14253 5.1674 -4.93441 0.330591 -0.0962676 -0.398332 0.850161 0.174642 
3.16551 5.15061 -5.03967 0.330905 -0.0945472 -0.401132 0.848914 0.179606 
3.18849 5.13382 -5.14494 0.331214 -0.0928256 -0.403928 0.847657 0.184571 
3.21147 5.11703 -5.25021 0.33152 -0.0911029 -0.406719 0.846389 0.189535 
3.23444 5.10024 -5.35547 0.331822 -0.089379 -0.409505 0.84511 0.194499 
3.25742 5.08345 -5.46074 0.332119 -0.087654 -0.412285 0.843821 0.199464 
3.2804 5.06666 -5.56601 0.332412 -0.0859279 -0.415061 0.842522 0.204428 
3.30338 5.04987 -5.67127 0.332702 -0.0842007 -0.417831 0.841212 0.209392 
3.32636 5.03308 -5.77654 0.332986 -0.0824725 -0.420596 0.839891 0.214357 
3.34934 5.01629 -5.8818 0.333267 -0.0807432 -0.423356 0.83856 0.219321 
3.37232 4.9995 -5.98707 0.333544 -0.079013 -0.42611 0.837219 0.224285 
3.39529 4.98271 -6.09234 0.333817 -0.0772817 -0.42886 0.835867 0.22925 
3.41827 4.96592 -6.1976 0.334085 -0.0755495 -0.431603 0.834505 0.234214 
3.44125 4.94913 -6.30287 0.334349 -0.0738164 -0.434342 0.833132 0.239178 
3.46423 4.93234 -6.40814 0.334609 -0.0720823 -0.437075 0.831749 0.244143 
3.48721 4.91555 -6.5134 0.334865 -0.0703474 -0.439803 0.830355 0.249107 
3.51019 4.89876 -6.61867 0.335117 -0.0686115 -0.442525 0.828952 0.254072 
3.53317 4.88197 -6.72394 0.335364 -0.0668748 -0.445242 0.827538 0.259036 
3.55614 4.86518 -6.8292 0.335608 -0.0651373 -0.447953 0.826113 0.264 
3.57912 4.84839 -6.93447 0.335847 -0.063399 -0.450658 0.824679 0.268965 
3.6021 4.8316 -7.03973 0.336082 -0.0616599 -0.453358 0.823234 0.273929 
3.62508 4.81481 -7.145 0.336313 -0.05992 -0.456052 0.821778 0.278893 
3.64806 4.79802 -7.25027 0.336539 -0.0581793 -0.458741 0.820313 0.283858 
3.67104 4.78123 -7.35553 0.336762 -0.056438 -0.461424 0.818837 0.288822 
3.90494 4.80907 -7.22468 0.336592 -0.0602607 -0.450933 0.82446 0.28434 
4.13884 4.83692 -7.09382 0.336369 -0.0640741 -0.440372 0.829954 0.279858 
4.37274 4.86476 -6.96296 0.336094 -0.0678774 -0.429742 0.835318 0.275376 
4.60664 4.89261 -6.83211 0.335766 -0.0716701 -0.419045 0.840551 0.270894 
4.84054 4.92045 -6.70125 0.335386 -0.0754517 -0.408282 0.845653 0.266412 
5.07444 4.94829 -6.57039 0.334953 -0.0792214 -0.397456 0.850623 0.26193 
5.30834 4.97614 -6.43953 0.334468 -0.0829787 -0.386567 0.85546 0.257448 
5.54224 5.00398 -6.30868 0.333931 -0.0867231 -0.375618 0.860163 0.252966 
5.77614 5.03183 -6.17782 0.333341 -0.0904539 -0.36461 0.864732 0.248484 
6.02917 5.06195 -6.03626 0.332645 -0.094474 -0.352638 0.869522 0.243635 
6.2822 5.09207 -5.8947 0.331887 -0.0984768 -0.340601 0.874153 0.238786 
6.53524 5.12219 -5.75313 0.331069 -0.102462 -0.328502 0.878625 0.233938 
6.78827 5.15231 -5.61157 0.330191 -0.106428 -0.316342 0.882935 0.229089 
7.04131 5.18244 -5.47001 0.329252 -0.110374 -0.304125 0.887084 0.22424 
7.29434 5.21256 -5.32845 0.328253 -0.114301 -0.291852 0.891071 0.219392 
7.54738 5.24268 -5.18689 0.327193 -0.118206 -0.279526 0.894895 0.214543 
7.80041 5.2728 -5.04532 0.326074 -0.12209 -0.267149 0.898555 0.209694 
8.05345 5.30292 -4.90376 0.324896 -0.125951 -0.254722 0.902051 0.204846 
8.30648 5.33304 -4.7622 0.323657 -0.12979 -0.242249 0.905381 0.199997 
8.55952 5.36317 -4.62064 0.32236 -0.133605 -0.229732 0.908547 0.195148 
8.81255 5.39329 -4.47908 0.321004 -0.137395 -0.217173 0.911545 0.1903 
9.06559 5.42341 -4.33751 0.319589 -0.14116 -0.204574 0.914378 0.185451 
9.31862 5.45353 -4.19595 0.318115 -0.144899 -0.191938 0.917042 0.180602 
9.57166 5.48365 -4.05439 0.316583 -0.148612 -0.179267 0.919539 0.175754 
9.82469 5.51378 -3.91283 0.314994 -0.152298 -0.166562 0.921868 0.170905 
10.0777 5.5439 -3.77126 0.313346 -0.155956 -0.153828 0.924029 0.166056 
10.3308 5.57402 -3.6297 0.311642 -0.159585 -0.141065 0.92602 0.161208 
10.5838 5.60414 -3.48814 0.30988 -0.163185 -0.128276 0.927842 0.156359 
10.8368 5.63426 -3.34658 0.308062 -0.166755 -0.115464 0.929494 0.15151 
11.0899 5.66439 -3.20502 0.306187 -0.170295 -0.102631 0.930976 0.146662 
11.3429 5.69451 -3.06345 0.304257 -0.173804 -0.0897788 0.932287 0.141813 
11.3317 5.5588 -3.10554 0.315327 -0.174408 -0.0792399 0.929447 0.142272 
11.3206 5.42309 -3.14763 0.326321 -0.174971 -0.0686818 0.926382 0.142732 
11.3094 5.28738 -3.18972 0.337235 -0.175492 -0.058107 0.923092 0.143191 
11.2983 5.15167 -3.2318 0.348069 -0.17597 -0.0475182 0.919579 0.143651 
11.2871 5.01596 -3.27389 0.358818 -0.176405 -0.0369179 0.915843 0.14411 
11.276 4.88025 -3.31598 0.36948 -0.176798 -0.0263087 0.911886 0.14457 
11.2648 4.74454 -3.35807 0.380052 -0.177147 -0.0156931 0.907707 0.145029 
11.2536 4.60883 -3.40016 0.390533 -0.177454 -0.00507366 0.90331 0.145489 
11.2425 4.47312 -3.44224 0.400919 -0.177718 0.00554698 0.898693 0.145948 
11.2313 4.33741 -3.48433 0.411208 -0.177939 0.0161663 0.893859 0.146408 
11.2202 4.2017 -3.52642 0.421398 -0.178117 0.0267817 0.888809 0.146867 
11.209 4.06599 -3.56851 0.431485 -0.178252 0.0373906 0.883543 0.147327 
11.1979 3.93028 -3.61059 0.441468 -0.178344 0.0479904 0.878064 0.147786 
11.1867 3.79457 -3.65268 0.451345 -0.178392 0.0585786 0.872372 0.148246 
11.1755 3.65886 -3.69477 0.461112 -0.178398 0.0691527 0.866469 0.148705 
11.1644 3.52315 -3.73686 0.470767 -0.17836 0.07971 0.860356 0.149165 
11.1532 3.38744 -3.77895 0.480309 -0.178279 0.090248 0.854035 0.149624 
11.1421 3.25173 -3.82103 0.489734 -0.178155 0.100764 0.847507 0.150084 
11.1309 3.11602 -3.86312 0.49904 -0.177987 0.111256 0.840774 0.150543 
11.1198 2.98031 -3.90521 0.508226 -0.177777 0.121721 0.833838 0.151003 
11.1086 2.8446 -3.9473 0.517289 -0.177524 0.132156 0.8267 0.151462 
11.0974 2.70889 -3.98938 0.526227 -0.177227 0.14256 0.819361 0.151922 
11.0863 2.57318 -4.03147 0.535037 -0.176888 0.152929 0.811824 0.152381 
11.0751 2.43747 -4.07356 0.543718 -0.176506 0.16326 0.804091 0.15284 
11.064 2.30176 -4.11565 0.552267 -0.176081 0.173553 0.796163 0.1533 
11.0528 2.16605 -4.15773 0.560682 -0.175614 0.183803 0.788043 0.153759 
11.0417 2.03034 -4.19982 0.568962 -0.175104 0.194009 0.779732 0.154219 
11.0305 1.89463 -4.24191 0.577104 -0.174551 0.204168 0.771232 0.154678 
11.0193 1.75892 -4.284 0.585106 -0.173957 0.214277 0.762545 0.155138 
11.0082 1.62321 -4.32609 0.592967 -0.17332 0.224335 0.753674 0.155597 
10.997 1.4875 -4.36817 0.600684 -0.172641 0.234338 0.74462 0.156057 
10.9859 1.35179 -4.41026 0.608256 -0.171921 0.244285 0.735386 0.156516 
10.9747 1.21608 -4.45235 0.615681 -0.171159 0.254172 0.725974 0.156976 
10.9636 1.08037 -4.49444 0.622956 -0.170355 0.263998 0.716386 0.157435 
10.9524 0.944659 -4.53652 0.630081 -0.169511 0.27376 0.706625 0.157895 
10.9413 0.808949 -4.57861 0.637053 -0.168625 0.283456 0.696693 0.158354 
10.9301 0.673239 -4.6207 0.643871 -0.167698 0.293083 0.686593 0.158814 
10.9189 0.537529 -4.66279 0.650533 -0.166731 0.30264 0.676326 0.159273 
10.9078 0.401819 -4.70488 0.657038 -0.165724 0.312123 0.665895 0.159733 
10.8966 0.266109 -4.74696 0.663384 -0.164676 0.32153 0.655303 0.160192 
10.8855 0.1304 -4.78905 0.669569 -0.163589 0.33086 0.644553 0.160652 
10.8743 -0.00531043 -4.83114 0.675592 -0.162462 0.340109 0.633646 0.161111 
10.8632 -0.14102 -4.87323 0.681451 -0.161295 0.349276 0.622586 0.161571 
10.9346 -0.139827 -4.76531 0.671329 -0.168218 0.357546 0.627042 0.158238 
11.006 -0.138634 -4.6574 0.661045 -0.1751 0.365731 0.631348 0.154906 
11.0775 -0.13744 -4.54949 0.650605 -0.181941 0.373828 0.635503 0.151574 
11.1489 -0.136247 -4.44157 0.640008 -0.188738 0.381836 0.639506 0.148241 
11.2203 -0.135054 -4.33366 0.62926 -0.195491 0.389753 0.643357 0.144909 
11.2918 -0.13386 -4.22574 0.618361 -0.202196 0.397576 0.647055 0.141577 
11.3632 -0.132667 -4.11783 0.607314 -0.208854 0.405305 0.650598 0.138244 
11.4346 -0.131473 -4.00992 0.596122 -0.215461 0.412938 0.653985 0.134912 
11.5061 -0.13028 -3.902 0.584789 -0.222017 0.420471 0.657217 0.13158 
11.5775 -0.129087 -3.79409 0.573315 -0.22852 0.427905 0.660292 0.128248 
11.649 -0.127893 -3.68618 0.561705 -0.234969 0.435236 0.663209 0.124915 
11.7204 -0.1267 -3.57826 0.549961 -0.241362 0.442464 0.665968 0.121583 
11.7918 -0.125507 -3.47035 0.538086 -0.247697 0.449585 0.668568 0.118251 
11.8633 -0.124313 -3.36244 0.526082 -0.253972 0.4566 0.671009 0.114918 
11.9347 -0.12312 -3.25452 0.513952 -0.260188 0.463505 0.673289 0.111586 
12.0061 -0.121926 -3.14661 0.5017 -0.266341 0.4703 0.675409 0.108254 
12.0776 -0.120733 -3.03869 0.489329 -0.27243 0.476983 0.677367 0.104921 
12.149 -0.11954 -2.93078 0.47684 -0.278455 0.483552 0.679164 0.101589 
12.2204 -0.118346 -2.82287 0.464238 -0.284413 0.490006 0.680799 0.0982568 
12.2919 -0.117153 -2.71495 0.451525 -0.290303 0.496342 0.682271 0.0949245 
12.3633 -0.11596 -2.60704 0.438704 -0.296124 0.50256 0.683581 0.0915922 
12.4347 -0.114766 -2.49913 0.425778 -0.301874 0.508658 0.684727 0.0882599 
12.5062 -0.113573 -2.39121 0.412751 -0.307553 0.514635 0.68571 0.0849276 
12.5776 -0.112379 -2.2833 0.399626 -0.313157 0.520489 0.686529 0.0815953 
12.6491 -0.111186 -2.17539 0.386405 -0.318688 0.526219 0.687185 0.078263 
12.7205 -0.109993 -2.06747 0.373091 -0.324142 0.531823 0.687677 0.0749307 
12.7919 -0.108799 -1.95956 0.359689 -0.329518 0.537301 0.688004 0.0715984 
12.8634 -0.107606 -1.85164 0.346201 -0.334816 0.54265 0.688167 0.0682661 
12.9348 -0.106413 -1.74373 0.33263 -0.340035 0.547869 0.688166 0.0649338 
13.0062 -0.105219 -1.63582 0.31898 -0.345172 0.552958 0.688001 0.0616015 
13.0777 -0.104026 -1.5279 0.305254 -0.350226 0.557915 0.687672 0.0582692 
13.1491 -0.102833 -1.41999 0.291455 -0.355197 0.562739 0.687178 0.0549369 
13.2205 -0.101639 -1.31208 0.277586 -0.360084 0.567428 0.686521 0.0516046 
13.292 -0.100446 -1.20416 0.263652 -0.364884 0.571982 0.685699 0.0482723 
13.3634 -0.0992524 -1.09625 0.249654 -0.369598 0.5764 0.684714 0.04494 
13.4349 -0.0980591 -0.988335 0.235597 -0.374223 0.58068 0.683566 0.0416077 
13.5063 -0.0968657 -0.880421 0.221483 -0.378758 0.584821 0.682255 0.0382754 
13.5777 -0.0956723 -0.772508 0.207317 -0.383204 0.588823 0.68078 0.0349431 
13.6492 -0.0944789 -0.664594 0.193101 -0.387558 0.592684 0.679144 0.0316108 
13.7206 -0.0932856 -0.55668 0.178839 -0.391819 0.596404 0.677345 0.0282784 
13.792 -0.0920922 -0.448767 0.164534 -0.395987 0.599982 0.675384 0.0249461 
13.8635 -0.0908988 -0.340853 0.15019 -0.400061 0.603416 0.673263 0.0216138 
13.9349 -0.0897055 -0.232939 0.13581 -0.404039 0.606707 0.670981 0.0182815 
14.0063 -0.0885121 -0.125026 0.121398 -0.407921 0.609852 0.668538 0.0149492 
14.0778 -0.0873187 -0.0171121 0.106957 -0.411705 0.612853 0.665936 0.0116169 
14.1492 -0.0861254 0.0908016 0.0924905 -0.415391 0.615706 0.663175 0.00828462 

