0 0 0 0 0 0 1 4.68182e-310 0 0 0 0 0
0.0359688 -0.00122266 -0.00102823 -0.00361661 0.0214909 -0.0254143 0.999439 0.211816 0.622989 -0.0212782 0.12644 -0.149524 0.340864
0.143397 -0.00979052 -0.00818831 -0.00722917 0.0429576 -0.0508001 0.997758 0.423632 0.622989 -0.0212782 0.12644 -0.149524 0.340864
0.275714 -0.0235153 -0.0170642 -0.0347853 0.0253872 -0.0510133 0.997769 0.360663 -0.185203 -0.167065 -0.0949181 0.00646288 0.340864
0.38698 -0.0350947 -0.0202805 -0.0623043 0.00778963 -0.0511722 0.996714 0.297694 -0.185203 -0.167065 -0.0949181 0.00646288 0.340864
0.477012 -0.0443125 -0.0194608 -0.0897567 -0.00981625 -0.0512763 0.994594 0.234725 -0.185203 -0.167065 -0.0949181 0.00646288 0.340864
0.545701 -0.0510911 -0.0162402 -0.117113 -0.0274116 -0.0513257 0.991413 0.171755 -0.185203 -0.167065 -0.0949181 0.00646288 0.340864
0.593019 -0.0554922 -0.0122511 -0.144345 -0.0449778 -0.0513202 0.987172 0.108786 -0.185203 -0.167065 -0.0949181 0.00646288 0.340864
0.619016 -0.0577152 -0.00910974 -0.171422 -0.0624958 -0.05126 0.981876 0.0458171 -0.185203 -0.167065 -0.0949181 0.00646288 0.340864
0.666885 -0.062276 -0.00201859 -0.144605 -0.0666157 -0.0620935 0.98529 0.240103 0.571428 0.161091 -0.0415567 -0.0475367 0.340864
0.779398 -0.0756175 0.0155808 -0.117664 -0.070678 -0.0728734 0.987851 0.434388 0.571428 0.161091 -0.0415567 -0.0475367 0.340864
0.914784 -0.0886578 0.0389535 -0.133317 -0.0865884 -0.0420367 0.986388 0.377589 -0.167057 -0.11164 -0.0650241 0.18311 0.340864
1.0312 -0.0918195 0.0618992 -0.148777 -0.102373 -0.011139 0.983494 0.320789 -0.167057 -0.11164 -0.0650241 0.18311 0.340864
1.12819 -0.0876586 0.0832288 -0.164021 -0.118009 0.0197748 0.979173 0.263989 -0.167057 -0.11164 -0.0650241 0.18311 0.340864
1.20556 -0.0788034 0.101897 -0.179027 -0.133474 0.05066 0.973431 0.20719 -0.167057 -0.11164 -0.0650241 0.18311 0.340864
1.26341 -0.0679234 0.117014 -0.193773 -0.148746 0.0814716 0.966276 0.15039 -0.167057 -0.11164 -0.0650241 0.18311 0.340864
1.30211 -0.0576987 0.127851 -0.208238 -0.163801 0.112165 0.957719 0.0935909 -0.167057 -0.11164 -0.0650241 0.18311 0.340864
1.32229 -0.0507887 0.133852 -0.222401 -0.178619 0.142696 0.947772 0.0367914 -0.167057 -0.11164 -0.0650241 0.18311 0.340864
1.34345 -0.0428893 0.14079 -0.198026 -0.188002 0.130171 0.953151 0.102217 0.192429 0.163987 -0.0425963 -0.0364623 0.340864
1.38451 -0.0288034 0.15562 -0.17348 -0.197223 0.117533 0.957702 0.167643 0.192429 0.163987 -0.0425963 -0.0364623 0.340864
1.4454 -0.00989901 0.179608 -0.148783 -0.206272 0.104793 0.961423 0.233069 0.192429 0.163987 -0.0425963 -0.0364623 0.340864
1.52598 0.0123535 0.213901 -0.123958 -0.215143 0.0919618 0.964309 0.298494 0.192429 0.163987 -0.0425963 -0.0364623 0.340864
1.62608 0.0363917 0.259519 -0.099024 -0.223826 0.0790511 0.966358 0.36392 0.192429 0.163987 -0.0425963 -0.0364623 0.340864
1.74547 0.0605712 0.317351 -0.0740045 -0.232316 0.0660717 0.967568 0.429346 0.192429 0.163987 -0.0425963 -0.0364623 0.340864
1.86088 0.0813729 0.373959 -0.0898516 -0.227359 0.0599946 0.967799 0.336602 -0.272777 -0.0837201 0.0197259 -0.0584954 0.340864
1.94892 0.0966019 0.415835 -0.105671 -0.222331 0.0538987 0.967728 0.243858 -0.272777 -0.0837201 0.0197259 -0.0584954 0.340864
2.04284 0.111495 0.455392 -0.137271 -0.188015 0.0443809 0.971513 0.362135 0.347874 -0.176032 0.184429 -0.118084 0.340864
2.13551 0.125651 0.493409 -0.133768 -0.213907 0.0439633 0.966653 0.23297 -0.379895 0.0233163 -0.152785 0.0236665 0.340864
2.21143 0.135129 0.525679 -0.114891 -0.195175 0.0216124 0.973776 0.255592 0.0665352 0.136251 0.102792 -0.119946 0.340864
2.2959 0.140498 0.558376 -0.0958698 -0.176198 -0.000765671 0.979675 0.278214 0.0665352 0.136251 0.102792 -0.119946 0.340864
2.38884 0.140987 0.590765 -0.0767277 -0.156999 -0.0231428 0.984342 0.300836 0.0665352 0.136251 0.102792 -0.119946 0.340864
2.4901 0.135873 0.622059 -0.0574892 -0.137602 -0.0454908 0.987771 0.323458 0.0665352 0.136251 0.102792 -0.119946 0.340864
2.59946 0.124487 0.651421 -0.0381784 -0.118033 -0.0677816 0.989958 0.34608 0.0665352 0.136251 0.102792 -0.119946 0.340864
2.7166 0.10622 0.677976 -0.0188195 -0.0983153 -0.0899872 0.9909 0.368702 0.0665352 0.136251 0.102792 -0.119946 0.340864
2.84112 0.080535 0.700813 0.00056295 -0.0784738 -0.11208 0.990596 0.391324 0.0665352 0.136251 0.102792 -0.119946 0.340864
2.97256 0.0469676 0.718998 0.0199447 -0.0585337 -0.134031 0.989046 0.413946 0.0665352 0.136251 0.102792 -0.119946 0.340864
3.11037 0.00513616 0.73158 0.0393014 -0.03852 -0.155814 0.986252 0.436568 0.0665352 0.136251 0.102792 -0.119946 0.340864
3.24547 -0.038704 0.744471 0.0206188 -0.062867 -0.152762 0.986046 0.402468 -0.100295 -0.131367 -0.124897 0.00765693 0.340864
3.32607 -0.0636852 0.755462 0.03628 -0.0793694 -0.138019 0.986577 0.0981492 -0.895054 0.0705029 -0.111397 0.0897909 0.340864
3.3644 -0.0746444 0.763119 0.0117024 -0.116176 -0.131667 0.984393 0.140681 0.125093 -0.175074 -0.196089 0.0157668 0.340864
3.41562 -0.0884926 0.777768 -0.0128986 -0.152749 -0.125051 0.980236 0.183213 0.125093 -0.175074 -0.196089 0.0157668 0.340864
3.47898 -0.104384 0.801506 -0.0374738 -0.189017 -0.118184 0.974115 0.225744 0.125093 -0.175074 -0.196089 0.0157668 0.340864
3.55351 -0.121292 0.836276 -0.0619739 -0.224906 -0.111081 0.966042 0.268276 0.125093 -0.175074 -0.196089 0.0157668 0.340864
3.63803 -0.138027 0.883842 -0.0863498 -0.260344 -0.103755 0.956033 0.310808 0.125093 -0.175074 -0.196089 0.0157668 0.340864
3.73118 -0.153249 0.945749 -0.110553 -0.29526 -0.0962205 0.944109 0.35334 0.125093 -0.175074 -0.196089 0.0157668 0.340864
3.83142 -0.165485 1.0233 -0.134534 -0.329585 -0.0884937 0.930292 0.395871 0.125093 -0.175074 -0.196089 0.0157668 0.340864
3.94054 -0.171855 1.11737 -0.130457 -0.352077 -0.0571525 0.925071 0.452613 0.166886 -0.0543063 -0.110555 0.194544 0.340864
4.02277 -0.174757 1.19139 -0.115115 -0.354671 -0.0669604 0.925458 0.198453 -0.747527 0.103227 -0.0259999 -0.019477 0.340864
4.05733 -0.176985 1.22467 -0.128523 -0.383363 -0.0822502 0.910906 0.0840727 -0.336414 -0.0622619 -0.191675 -0.0975352 0.340864
4.07974 -0.178058 1.24732 -0.146265 -0.372776 -0.0691024 0.913712 0.103532 0.0572326 -0.117484 0.0815925 0.0237949 0.340864
4.10757 -0.178056 1.27394 -0.163919 -0.361961 -0.0559127 0.915963 0.122991 0.0572326 -0.117484 0.0815925 0.0237949 0.340864
4.14101 -0.176563 1.30419 -0.181472 -0.350927 -0.0426889 0.917658 0.14245 0.0572326 -0.117484 0.0815925 0.0237949 0.340864
4.18029 -0.173177 1.3377 -0.198916 -0.33968 -0.0294393 0.918795 0.161909 0.0572326 -0.117484 0.0815925 0.0237949 0.340864
4.22557 -0.167517 1.37406 -0.216238 -0.328226 -0.0161717 0.919373 0.181368 0.0572326 -0.117484 0.0815925 0.0237949 0.340864
4.27703 -0.159221 1.41285 -0.23343 -0.316573 -0.00289434 0.919393 0.200827 0.0572326 -0.117484 0.0815925 0.0237949 0.340864
4.3348 -0.147952 1.45358 -0.250479 -0.304727 0.0103848 0.918855 0.220286 0.0572326 -0.117484 0.0815925 0.0237949 0.340864
4.3657 -0.141141 1.47398 -0.215685 -0.286246 0.0410224 0.932663 0.00115615 -0.6445 0.152431 0.17199 0.199982 0.340864
4.37078 -0.139885 1.47687 -0.199109 -0.25979 0.0593363 0.94305 0.0340144 0.0966418 0.0669088 0.189915 0.0923335 0.340864
4.3857 -0.13603 1.48439 -0.182252 -0.232965 0.0775661 0.9521 0.0668726 0.0966418 0.0669088 0.189915 0.0923335 0.340864
