4.3857 -0.13603 1.48439 -0.182252 -0.232965 0.0775661 0.9521 0.0668726 0 0 0 0 0
4.41088 -0.129159 1.49537 -0.165136 -0.20581 0.0956859 0.9598 0.0997308 0.0966418 0.0669088 0.189915 0.0923335 0.340864
4.4466 -0.118797 1.50864 -0.147786 -0.178364 0.11367 0.966139 0.132589 0.0966418 0.0669088 0.189915 0.0923335 0.340864
4.493 -0.104419 1.52302 -0.130226 -0.150664 0.131493 0.971108 0.165447 0.0966418 0.0669088 0.189915 0.0923335 0.340864
4.55008 -0.0854521 1.53732 -0.112482 -0.122751 0.149129 0.9747 0.198305 0.0966418 0.0669088 0.189915 0.0923335 0.340864
4.61772 -0.0612828 1.55038 -0.0945784 -0.0946638 0.166554 0.97691 0.231164 0.0966418 0.0669088 0.189915 0.0923335 0.340864
4.69562 -0.0312638 1.56107 -0.0765405 -0.0664424 0.183743 0.977735 0.264022 0.0966418 0.0669088 0.189915 0.0923335 0.340864
4.78112 0.00196423 1.57096 -0.099596 -0.0751969 0.171958 0.977168 0.278692 0.0431478 -0.118803 -0.0808078 -0.0722448 0.340864
4.87178 0.0352119 1.5825 -0.122577 -0.0838953 0.160045 0.97587 0.293362 0.0431478 -0.118803 -0.0808078 -0.0722448 0.340864
4.96757 0.0683328 1.59587 -0.145466 -0.0925309 0.148012 0.973843 0.308033 0.0431478 -0.118803 -0.0808078 -0.0722448 0.340864
5.06846 0.101191 1.6113 -0.168247 -0.101097 0.135868 0.971088 0.322703 0.0431478 -0.118803 -0.0808078 -0.0722448 0.340864
5.1744 0.133664 1.629 -0.190902 -0.109588 0.123623 0.967607 0.337373 0.0431478 -0.118803 -0.0808078 -0.0722448 0.340864
5.28533 0.16564 1.6492 -0.213414 -0.117997 0.111285 0.963404 0.352043 0.0431478 -0.118803 -0.0808078 -0.0722448 0.340864
5.40117 0.197022 1.67213 -0.235767 -0.126318 0.0988643 0.95848 0.366714 0.0431478 -0.118803 -0.0808078 -0.0722448 0.340864
5.52183 0.227727 1.69804 -0.257944 -0.134544 0.0863696 0.95284 0.381384 0.0431478 -0.118803 -0.0808078 -0.0722448 0.340864
5.64721 0.257688 1.72715 -0.279927 -0.14267 0.0738103 0.946487 0.396054 0.0431478 -0.118803 -0.0808078 -0.0722448 0.340864
5.76677 0.283034 1.75114 -0.304011 -0.10264 0.0651864 0.944877 0.336789 -0.17431 -0.146938 0.196937 -0.133493 0.340864
5.86895 0.300506 1.76351 -0.327408 -0.0623778 0.0564151 0.941132 0.277523 -0.17431 -0.146938 0.196937 -0.133493 0.340864
5.95639 0.313471 1.77208 -0.315111 -0.0769105 0.0509649 0.944559 0.244875 -0.0960235 0.0815077 -0.0856181 0.00119098 0.340864
6.03263 0.324604 1.78211 -0.302686 -0.0914121 0.045494 0.947605 0.212227 -0.0960235 0.0815077 -0.0856181 0.00119098 0.340864
6.0977 0.333905 1.79287 -0.290139 -0.105877 0.0400048 0.950268 0.179579 -0.0960235 0.0815077 -0.0856181 0.00119098 0.340864
6.15164 0.341406 1.80361 -0.277475 -0.120299 0.0344994 0.952547 0.146931 -0.0960235 0.0815077 -0.0856181 0.00119098 0.340864
6.19452 0.347168 1.81361 -0.264699 -0.134672 0.0289801 0.954441 0.114283 -0.0960235 0.0815077 -0.0856181 0.00119098 0.340864
6.24994 0.354901 1.82911 -0.248009 -0.158304 0.0311939 0.955227 0.227346 0.332537 0.0972136 -0.12578 0.0623209 0.340864
6.34062 0.368745 1.85912 -0.231111 -0.181802 0.0333814 0.955208 0.340408 0.332537 0.0972136 -0.12578 0.0623209 0.340864
6.46508 0.389268 1.90706 -0.214017 -0.205147 0.0355408 0.954384 0.453471 0.332537 0.0972136 -0.12578 0.0623209 0.340864
6.56172 0.407107 1.94553 -0.197222 -0.193438 0.0579238 0.959338 0.167365 -0.841488 0.07108 0.103418 0.130171 0.340864
6.58972 0.413053 1.9564 -0.207345 -0.206312 0.0633077 0.954167 0.0127593 -0.454723 -0.0648678 -0.07574 0.0355621 0.340864
6.6087 0.41707 1.96381 -0.214935 -0.195444 0.0532761 0.955388 0.109399 0.284236 -0.0329902 0.0474209 -0.0792302 0.340864
6.65823 0.426414 1.98211 -0.222466 -0.184522 0.0432298 0.956343 0.206039 0.284236 -0.0329902 0.0474209 -0.0792302 0.340864
6.73894 0.439681 2.0102 -0.229935 -0.173548 0.0331714 0.957032 0.30268 0.284236 -0.0329902 0.0474209 -0.0792302 0.340864
6.85137 0.455419 2.04698 -0.237341 -0.162526 0.0231038 0.957455 0.39932 0.284236 -0.0329902 0.0474209 -0.0792302 0.340864
6.96172 0.470017 2.08273 -0.236921 -0.169376 0.0253384 0.956315 0.288418 -0.326183 -0.000435781 -0.0364904 0.0227039 0.340864
7.0361 0.480479 2.10786 -0.236489 -0.176216 0.0275716 0.955123 0.177515 -0.326183 -0.000435781 -0.0364904 0.0227039 0.340864
7.07487 0.486252 2.1215 -0.236045 -0.183047 0.0298033 0.953881 0.0666132 -0.326183 -0.000435781 -0.0364904 0.0227039 0.340864
7.10207 0.491579 2.1312 -0.248227 -0.188405 0.0635237 0.948078 0.106129 0.116223 -0.111808 0.00837501 0.184588 0.340864
7.14117 0.502309 2.14487 -0.260075 -0.193509 0.0971585 0.940997 0.145645 0.116223 -0.111808 0.00837501 0.184588 0.340864
7.1916 0.520247 2.1621 -0.271572 -0.198352 0.130662 0.932648 0.185161 0.116223 -0.111808 0.00837501 0.184588 0.340864
7.25259 0.54712 2.18233 -0.282704 -0.202928 0.16399 0.923042 0.224676 0.116223 -0.111808 0.00837501 0.184588 0.340864
7.35118 0.595344 2.21418 -0.27484 -0.200038 0.170656 0.924838 0.447542 0.655488 0.0349387 0.0365074 0.0390429 0.340864
7.43465 0.635007 2.24048 -0.296134 -0.194781 0.150685 0.922854 0.117702 -0.970119 -0.100843 -0.0274021 -0.14023 0.340864
7.46611 0.650184 2.25065 -0.311031 -0.216419 0.169056 0.909858 0.0963272 -0.0628664 -0.105398 -0.11358 0.131899 0.340864
7.4904 0.663733 2.25927 -0.325556 -0.237799 0.187225 0.895774 0.0749526 -0.0628664 -0.105398 -0.11358 0.131899 0.340864
7.50789 0.674932 2.26605 -0.339692 -0.258894 0.20517 0.880618 0.053578 -0.0628664 -0.105398 -0.11358 0.131899 0.340864
7.51904 0.683074 2.27074 -0.353421 -0.279679 0.22287 0.864409 0.0322035 -0.0628664 -0.105398 -0.11358 0.131899 0.340864
7.52436 0.687475 2.27314 -0.366727 -0.300129 0.240302 0.847165 0.0108289 -0.0628664 -0.105398 -0.11358 0.131899 0.340864
7.5424 0.704834 2.28121 -0.356198 -0.29135 0.278883 0.842889 0.143901 0.39139 -0.0372849 0.134347 0.198009 0.340864
7.58933 0.755226 2.30059 -0.345065 -0.282078 0.31699 0.837185 0.276974 0.39139 -0.0372849 0.134347 0.198009 0.340864
7.66164 0.842764 2.32784 -0.333347 -0.272327 0.354561 0.830063 0.410046 0.39139 -0.0372849 0.134347 0.198009 0.340864
7.71679 0.911716 2.3477 -0.361353 -0.281596 0.331107 0.824922 0.122322 -0.846247 -0.0899459 -0.157935 -0.130518 0.340864
7.74686 0.950318 2.35945 -0.343139 -0.29539 0.353804 0.818427 0.173727 0.15119 0.0638625 0.00603485 0.18231 0.340864
7.78414 1.00437 2.37634 -0.324554 -0.308864 0.376119 0.81105 0.225132 0.15119 0.0638625 0.00603485 0.18231 0.340864
7.8268 1.07464 2.39898 -0.305618 -0.322005 0.398029 0.802797 0.276536 0.15119 0.0638625 0.00603485 0.18231 0.340864
7.87296 1.16172 2.42803 -0.286353 -0.334798 0.419509 0.793678 0.327941 0.15119 0.0638625 0.00603485 0.18231 0.340864
7.92066 1.26599 2.46414 -0.266778 -0.347231 0.440536 0.783702 0.379345 0.15119 0.0638625 0.00603485 0.18231 0.340864
7.96792 1.38765 2.50802 -0.246916 -0.359288 0.461087 0.77288 0.43075 0.15119 0.0638625 0.00603485 0.18231 0.340864
8.00447 1.49857 2.55102 -0.245471 -0.390804 0.462171 0.757241 0.301405 -0.380424 0.0670568 -0.170876 0.0961923 0.340864
8.02412 1.57034 2.58167 -0.243722 -0.421834 0.462682 0.740663 0.172061 -0.380424 0.0670568 -0.170876 0.0961923 0.340864
8.03124 1.60283 2.59672 -0.24167 -0.452342 0.462618 0.723165 0.0427169 -0.380424 0.0670568 -0.170876 0.0961923 0.340864
