8.03124 1.60283 2.59672 -0.24167 -0.452342 0.462618 0.723165 0.0427169 0 0 0 0 0
8.03284 1.61266 2.60119 -0.252357 -0.444923 0.488286 0.707062 0.0214958 -0.062415 -0.156873 -0.0038819 0.114049 0.340864
8.03327 1.61607 2.60254 -0.26277 -0.43702 0.513424 0.69019 0.000274684 -0.062415 -0.156873 -0.0038819 0.114049 0.340864
8.03527 1.65005 2.61618 -0.220858 -0.454508 0.524454 0.685268 0.215462 0.632904 0.187086 0.059998 0.194493 0.340864
8.03614 1.74953 2.66267 -0.178458 -0.470993 0.534325 0.678833 0.43065 0.632904 0.187086 0.059998 0.194493 0.340864
8.03749 1.86639 2.72511 -0.165181 -0.472717 0.508059 0.700807 0.348916 -0.240392 0.15431 0.0681684 -0.135386 0.340864
8.04392 1.95587 2.77912 -0.15168 -0.473802 0.481106 0.721833 0.267183 -0.240392 0.15431 0.0681684 -0.135386 0.340864
8.05254 2.01915 2.822 -0.137974 -0.474246 0.453502 0.741883 0.18545 -0.240392 0.15431 0.0681684 -0.135386 0.340864
8.06048 2.05781 2.85129 -0.124082 -0.474049 0.425285 0.76093 0.103716 -0.240392 0.15431 0.0681684 -0.135386 0.340864
8.06492 2.0738 2.86474 -0.110022 -0.473211 0.396493 0.778948 0.0219831 -0.240392 0.15431 0.0681684 -0.135386 0.340864
8.069 2.0843 2.87383 -0.130805 -0.444753 0.381543 0.799694 0.0631245 0.121004 -0.106594 0.130038 -0.193219 0.340864
8.07905 2.10496 2.89059 -0.151341 -0.415451 0.365869 0.818924 0.104266 0.121004 -0.106594 0.130038 -0.193219 0.340864
8.0971 2.13558 2.91378 -0.171589 -0.385362 0.349502 0.836601 0.145407 0.121004 -0.106594 0.130038 -0.193219 0.340864
8.12502 2.17565 2.94201 -0.191512 -0.354543 0.332473 0.852693 0.186549 0.121004 -0.106594 0.130038 -0.193219 0.340864
8.16457 2.22444 2.97382 -0.211071 -0.323051 0.314813 0.867168 0.22769 0.121004 -0.106594 0.130038 -0.193219 0.340864
8.21734 2.28093 3.00766 -0.230231 -0.290948 0.296556 0.879999 0.268832 0.121004 -0.106594 0.130038 -0.193219 0.340864
8.2847 2.34389 3.04193 -0.248954 -0.258292 0.277737 0.891162 0.309973 0.121004 -0.106594 0.130038 -0.193219 0.340864
8.36782 2.41185 3.075 -0.267206 -0.225147 0.258392 0.900635 0.351114 0.121004 -0.106594 0.130038 -0.193219 0.340864
8.46764 2.48315 3.10524 -0.284951 -0.191575 0.238557 0.908401 0.392256 0.121004 -0.106594 0.130038 -0.193219 0.340864
8.5848 2.55593 3.13104 -0.302155 -0.15764 0.218269 0.914445 0.433397 0.121004 -0.106594 0.130038 -0.193219 0.340864
8.6946 2.62085 3.14854 -0.286875 -0.136135 0.237919 0.917913 0.324002 -0.321751 0.0425307 0.173469 0.0772067 0.340864
8.77207 2.66888 3.15711 -0.271281 -0.114481 0.257309 0.920376 0.214607 -0.321751 0.0425307 0.173469 0.0772067 0.340864
8.81755 2.69852 3.15998 -0.255391 -0.0927014 0.276417 0.921833 0.105211 -0.321751 0.0425307 0.173469 0.0772067 0.340864
8.858 2.72549 3.16223 -0.241218 -0.103043 0.270908 0.926177 0.181101 0.223207 0.103207 -0.0389428 -0.0136689 0.340864
8.92003 2.76631 3.16791 -0.226958 -0.113349 0.265303 0.930191 0.256992 0.223207 0.103207 -0.0389428 -0.0136689 0.340864
9.00368 2.82058 3.17855 -0.212618 -0.123613 0.259604 0.933873 0.332882 0.223207 0.103207 -0.0389428 -0.0136689 0.340864
9.10896 2.88779 3.19568 -0.198202 -0.133834 0.253811 0.937222 0.408772 0.223207 0.103207 -0.0389428 -0.0136689 0.340864
9.23586 2.96736 3.22081 -0.183715 -0.144007 0.247928 0.940235 0.484662 0.223207 0.103207 -0.0389428 -0.0136689 0.340864
9.33951 3.03207 3.24477 -0.154749 -0.151523 0.250713 0.943524 0.247811 -0.696622 0.172389 0.00646557 0.043272 0.340864
9.37584 3.05494 3.25438 -0.125641 -0.158902 0.253268 0.945949 0.0109596 -0.696622 0.172389 0.00646557 0.043272 0.340864
9.38695 3.06212 3.25734 -0.105543 -0.139227 0.26741 0.947612 0.0688427 0.170244 0.0705461 0.151453 0.0804713 0.340864
9.41407 3.08027 3.26371 -0.0853393 -0.119414 0.281286 0.948333 0.126726 0.170244 0.0705461 0.151453 0.0804713 0.340864
9.45693 3.1101 3.27236 -0.0650512 -0.0994816 0.294882 0.948112 0.184609 0.170244 0.0705461 0.151453 0.0804713 0.340864
9.51515 3.15234 3.28223 -0.0446984 -0.0794508 0.308185 0.946949 0.242492 0.170244 0.0705461 0.151453 0.0804713 0.340864
9.58824 3.20777 3.2923 -0.0243012 -0.0593411 0.321182 0.944844 0.300375 0.170244 0.0705461 0.151453 0.0804713 0.340864
9.65618 3.25735 3.3001 -0.0225258 -0.0525792 0.292107 0.954673 0.196594 -0.305238 0.00864766 0.0402176 -0.180543 0.340864
9.69746 3.2838 3.30418 -0.0207282 -0.0457652 0.262743 0.963557 0.0928128 -0.305238 0.00864766 0.0402176 -0.180543 0.340864
9.72284 3.29784 3.30637 -0.0208785 -0.042819 0.233578 0.97117 0.0783439 -0.0425556 0.00337438 0.0149624 -0.177499 0.340864
9.7446 3.30822 3.3081 -0.0210097 -0.0398336 0.204199 0.977893 0.063875 -0.0425556 0.00337438 0.0149624 -0.177499 0.340864
9.78001 3.32265 3.31146 -0.0300659 -0.057226 0.180054 0.98153 0.161912 0.288345 -0.0250997 -0.113075 -0.143255 0.340864
9.84708 3.34652 3.32002 -0.0390927 -0.0745624 0.155733 0.984205 0.25995 0.288345 -0.0250997 -0.113075 -0.143255 0.340864
9.94636 3.37687 3.33602 -0.048081 -0.0918256 0.131258 0.985915 0.357987 0.288345 -0.0250997 -0.113075 -0.143255 0.340864
10.078 3.41068 3.36181 -0.0570222 -0.108999 0.106655 0.986657 0.456025 0.288345 -0.0250997 -0.113075 -0.143255 0.340864
10.2279 3.44482 3.39344 -0.0559238 -0.107197 0.101439 0.987467 0.466886 0.0319449 0.00886113 0.00991844 -0.0306841 0.340864
10.3817 3.47806 3.42541 -0.0548235 -0.105391 0.0962188 0.988245 0.477747 0.0319449 0.00886113 0.00991844 -0.0306841 0.340864
10.5395 3.51033 3.45768 -0.0537214 -0.103582 0.090996 0.988992 0.488609 0.0319449 0.00886113 0.00991844 -0.0306841 0.340864
10.6562 3.53254 3.47782 -0.0480921 -0.0699976 0.0849957 0.992755 0.220341 -0.789023 0.0196218 0.198831 -0.0441133 0.340864
10.7365 3.54565 3.48644 -0.0411033 -0.043703 0.0714457 0.995639 0.260983 0.119534 0.0340665 0.154425 -0.0851445 0.340864
10.7946 3.55442 3.49263 -0.0628221 -0.0741572 0.0721118 0.99265 0.086391 -0.513505 -0.115323 -0.18814 0.00693852 0.340864
10.836 3.56088 3.49788 -0.0587525 -0.0611239 0.0736571 0.993673 0.162156 0.222837 0.0179389 0.0788488 0.00554845 0.340864
10.9028 3.57137 3.50464 -0.0546718 -0.0480791 0.0751885 0.994508 0.23792 0.222837 0.0179389 0.0788488 0.00554845 0.340864
10.9952 3.58596 3.51159 -0.0505807 -0.0350251 0.0767055 0.995154 0.313685 0.222837 0.0179389 0.0788488 0.00554845 0.340864
11.093 3.60403 3.51842 -0.0655527 -0.0446127 0.101639 0.991656 0.272986 -0.119704 -0.0895101 -0.0561905 0.147325 0.340864
11.1539 3.61582 3.52434 -0.0882051 -0.0688307 0.0768414 0.990746 0.0934552 -0.528031 -0.111533 -0.164662 -0.140752 0.340864
11.1707 3.61829 3.52686 -0.0661439 -0.0982033 0.0460703 0.991896 0.00773732 -0.252111 0.154963 -0.176777 -0.155739 0.340864
11.2138 3.62102 3.53476 -0.0618331 -0.0892166 0.0148297 0.99398 0.250069 0.71274 0.0415815 0.042659 -0.183883 0.340864
11.3382 3.62166 3.55593 -0.0574556 -0.0801336 -0.0164269 0.994991 0.492401 0.71274 0.0415815 0.042659 -0.183883 0.340864
11.4753 3.61761 3.57734 -0.0537411 -0.0721744 -0.0218058 0.995704 0.324287 -0.49445 0.0252864 0.0447447 -0.0323527 0.340864
11.5561 3.61426 3.58872 -0.0500209 -0.0642074 -0.0271823 0.996311 0.156174 -0.49445 0.0252864 0.0447447 -0.0323527 0.340864
