11.5561 3.61426 3.58872 -0.0500209 -0.0642074 -0.0271823 0.996311 0.156174 0 0 0 0 0
11.6147 3.61017 3.59442 -0.0614539 -0.0296138 -0.0468256 0.996571 0.191345 0.103442 -0.0539931 0.198944 -0.129615 0.340864
11.6853 3.60222 3.59664 -0.0727815 0.00503058 -0.0663886 0.995123 0.226515 0.103442 -0.0539931 0.198944 -0.129615 0.340864
11.7672 3.58933 3.59389 -0.0839845 0.0396663 -0.0858379 0.99197 0.261686 0.103442 -0.0539931 0.198944 -0.129615 0.340864
11.8598 3.57036 3.58475 -0.0950435 0.0742341 -0.10514 0.987118 0.296856 0.103442 -0.0539931 0.198944 -0.129615 0.340864
11.962 3.54421 3.56792 -0.10594 0.108675 -0.124262 0.980574 0.332026 0.103442 -0.0539931 0.198944 -0.129615 0.340864
12.0728 3.50978 3.5422 -0.116654 0.142929 -0.143171 0.97235 0.367197 0.103442 -0.0539931 0.198944 -0.129615 0.340864
12.1908 3.46602 3.50653 -0.127169 0.176939 -0.161835 0.96246 0.402367 0.103442 -0.0539931 0.198944 -0.129615 0.340864
12.3144 3.41191 3.45999 -0.137466 0.210645 -0.180222 0.950922 0.437538 0.103442 -0.0539931 0.198944 -0.129615 0.340864
12.4403 3.35297 3.41108 -0.162538 0.194558 -0.176448 0.951102 0.429201 -0.0245189 -0.152498 -0.0605871 0.0653869 0.340864
12.5659 3.2956 3.36866 -0.187463 0.178295 -0.172514 0.950425 0.420865 -0.0245189 -0.152498 -0.0605871 0.0653869 0.340864
12.6912 3.24009 3.33252 -0.212219 0.161872 -0.168426 0.948891 0.412528 -0.0245189 -0.152498 -0.0605871 0.0653869 0.340864
12.8158 3.18675 3.30246 -0.236784 0.145303 -0.164185 0.946501 0.404192 -0.0245189 -0.152498 -0.0605871 0.0653869 0.340864
12.9395 3.13584 3.27821 -0.261135 0.128603 -0.159796 0.943258 0.395856 -0.0245189 -0.152498 -0.0605871 0.0653869 0.340864
13.0622 3.0876 3.25953 -0.285251 0.111786 -0.155263 0.939164 0.387519 -0.0245189 -0.152498 -0.0605871 0.0653869 0.340864
13.1837 3.04226 3.24613 -0.30911 0.0948694 -0.150591 0.934223 0.379183 -0.0245189 -0.152498 -0.0605871 0.0653869 0.340864
13.3045 2.99408 3.23422 -0.293861 0.108971 -0.178569 0.932676 0.389027 0.0289547 0.0778797 0.0139788 -0.189314 0.340864
13.4248 2.93716 3.22003 -0.278254 0.12294 -0.206331 0.929994 0.398872 0.0289547 0.0778797 0.0139788 -0.189314 0.340864
13.5442 2.87142 3.20325 -0.262309 0.136759 -0.233841 0.92618 0.408717 0.0289547 0.0778797 0.0139788 -0.189314 0.340864
13.6617 2.79684 3.18362 -0.246045 0.150412 -0.261067 0.921239 0.418561 0.0289547 0.0778797 0.0139788 -0.189314 0.340864
13.7609 2.73262 3.16761 -0.228663 0.123699 -0.24809 0.933201 0.28301 -0.39868 0.0819839 -0.163291 0.112 0.340864
13.8237 2.69576 3.1601 -0.210977 0.0968215 -0.234783 0.943923 0.147459 -0.39868 0.0819839 -0.163291 0.112 0.340864
13.8475 2.68299 3.15818 -0.193011 0.0698156 -0.221165 0.953393 0.0119076 -0.39868 0.0819839 -0.163291 0.112 0.340864
13.859 2.67666 3.15715 -0.178557 0.0979405 -0.246134 0.947598 0.0654481 0.157472 0.100844 0.112988 -0.18549 0.340864
13.8853 2.66008 3.15322 -0.163808 0.125903 -0.270696 0.940234 0.118989 0.157472 0.100844 0.112988 -0.18549 0.340864
13.9249 2.63162 3.14456 -0.148786 0.153657 -0.294809 0.931311 0.172529 0.157472 0.100844 0.112988 -0.18549 0.340864
13.9761 2.58987 3.12933 -0.133519 0.181157 -0.318433 0.920845 0.22607 0.157472 0.100844 0.112988 -0.18549 0.340864
14.0367 2.5337 3.10575 -0.11803 0.208356 -0.34153 0.908853 0.27961 0.157472 0.100844 0.112988 -0.18549 0.340864
14.0842 2.48824 3.08366 -0.0990832 0.222973 -0.32324 0.91432 0.12865 -0.443999 0.156894 0.0460867 0.0754047 0.340864
14.1151 2.45867 3.0673 -0.083508 0.235892 -0.340275 0.906418 0.140565 0.0350423 0.0813958 0.0403106 -0.134621 0.340864
14.1469 2.4255 3.04815 -0.067869 0.248632 -0.357051 0.897826 0.152479 0.0350423 0.0813958 0.0403106 -0.134621 0.340864
14.1794 2.38869 3.02597 -0.0521784 0.261182 -0.373555 0.888549 0.164393 0.0350423 0.0813958 0.0403106 -0.134621 0.340864
14.2121 2.34825 3.00055 -0.036448 0.273533 -0.389773 0.878594 0.176308 0.0350423 0.0813958 0.0403106 -0.134621 0.340864
14.2448 2.3042 2.97168 -0.0206898 0.285675 -0.405695 0.86797 0.188222 0.0350423 0.0813958 0.0403106 -0.134621 0.340864
14.277 2.25662 2.93916 -0.00491587 0.2976 -0.421308 0.856685 0.200137 0.0350423 0.0813958 0.0403106 -0.134621 0.340864
14.3083 2.2056 2.90278 0.0108618 0.309298 -0.4366 0.844747 0.212051 0.0350423 0.0813958 0.0403106 -0.134621 0.340864
14.3397 2.14783 2.86179 -0.0149701 0.324085 -0.45071 0.831628 0.243772 0.0932963 -0.115244 0.164623 -0.0558754 0.340864
14.3716 2.07956 2.81583 -0.0407832 0.338464 -0.464254 0.817464 0.275492 0.0932963 -0.115244 0.164623 -0.0558754 0.340864
14.4031 2.00032 2.76541 -0.0665451 0.352418 -0.477214 0.802272 0.307213 0.0932963 -0.115244 0.164623 -0.0558754 0.340864
14.4353 1.89795 2.70051 -0.0671629 0.383286 -0.492676 0.778365 0.430672 0.363115 0.0423363 0.190975 -0.150928 0.340864
14.4669 1.78194 2.62157 -0.0592487 0.400625 -0.479455 0.778532 0.415542 -0.0445011 0.116368 0.061301 0.0363252 0.340864
14.4972 1.67357 2.54047 -0.0513026 0.417748 -0.465977 0.77828 0.400412 -0.0445011 0.116368 0.061301 0.0363252 0.340864
14.5259 1.57275 2.45771 -0.0433288 0.434646 -0.452248 0.77761 0.385281 -0.0445011 0.116368 0.061301 0.0363252 0.340864
14.553 1.47939 2.37381 -0.0353318 0.45131 -0.438276 0.776521 0.370151 -0.0445011 0.116368 0.061301 0.0363252 0.340864
14.5783 1.39335 2.28925 -0.0273157 0.467731 -0.424068 0.775015 0.35502 -0.0445011 0.116368 0.061301 0.0363252 0.340864
14.6019 1.31448 2.20454 -0.0192849 0.483901 -0.409631 0.773091 0.33989 -0.0445011 0.116368 0.061301 0.0363252 0.340864
14.6236 1.24258 2.12013 -0.0112438 0.49981 -0.394975 0.770752 0.32476 -0.0445011 0.116368 0.061301 0.0363252 0.340864
14.6435 1.17746 2.0365 -0.00319663 0.515451 -0.380105 0.767997 0.309629 -0.0445011 0.116368 0.061301 0.0363252 0.340864
14.6603 1.11434 1.95138 -0.0163999 0.537244 -0.379682 0.752955 0.321609 0.0352346 -0.00992163 0.173616 0.00790235 0.340864
14.6728 1.04856 1.86238 -0.0295887 0.558566 -0.378927 0.737253 0.333589 0.0352346 -0.00992163 0.173616 0.00790235 0.340864
14.6804 0.980084 1.76974 -0.0427517 0.5794 -0.377839 0.720906 0.345569 0.0352346 -0.00992163 0.173616 0.00790235 0.340864
14.6828 0.908888 1.67377 -0.0558772 0.599726 -0.376421 0.703928 0.357548 0.0352346 -0.00992163 0.173616 0.00790235 0.340864
14.6796 0.83493 1.5748 -0.0689538 0.619527 -0.374673 0.686333 0.369528 0.0352346 -0.00992163 0.173616 0.00790235 0.340864
14.675 0.764104 1.4841 -0.0909125 0.611161 -0.376473 0.690279 0.307967 -0.181062 -0.112062 -0.000491267 0.0848542 0.340864
14.673 0.70329 1.41214 -0.112819 0.602446 -0.378059 0.693831 0.246406 -0.181062 -0.112062 -0.000491267 0.0848542 0.340864
14.6728 0.65387 1.358 -0.134662 0.593387 -0.379429 0.696988 0.184845 -0.181062 -0.112062 -0.000491267 0.0848542 0.340864
14.6737 0.617136 1.32067 -0.156427 0.58399 -0.380581 0.699746 0.123284 -0.181062 -0.112062 -0.000491267 0.0848542 0.340864
14.6749 0.594285 1.2991 -0.178103 0.574259 -0.381517 0.702105 0.0617228 -0.181062 -0.112062 -0.000491267 0.0848542 0.340864
14.6755 0.586413 1.29214 -0.199678 0.5642 -0.382235 0.704062 0.000161709 -0.181062 -0.112062 -0.000491267 0.0848542 0.340864
