14.6755 0.586413 1.29214 -0.199678 0.5642 -0.382235 0.704062 0.000161709 0 0 0 0 0
14.6775 0.568818 1.27812 -0.229963 0.555822 -0.376341 0.704661 0.132749 0.389963 -0.124023 0.0383414 0.136133 0.340864
14.6804 0.534031 1.25088 -0.220882 0.578622 -0.387061 0.683075 0.12775 -0.0147034 0.0238683 0.130502 -0.152786 0.340864
14.6802 0.500725 1.22435 -0.21154 0.600737 -0.397324 0.660681 0.122751 -0.0147034 0.0238683 0.130502 -0.152786 0.340864
14.6773 0.469035 1.1987 -0.201948 0.622141 -0.407117 0.637506 0.117752 -0.0147034 0.0238683 0.130502 -0.152786 0.340864
14.6719 0.439077 1.17405 -0.192116 0.64281 -0.416428 0.613576 0.112753 -0.0147034 0.0238683 0.130502 -0.152786 0.340864
14.6641 0.410946 1.15052 -0.182057 0.662717 -0.425246 0.58892 0.107753 -0.0147034 0.0238683 0.130502 -0.152786 0.340864
14.6544 0.384718 1.12823 -0.171783 0.681841 -0.433561 0.563567 0.102754 -0.0147034 0.0238683 0.130502 -0.152786 0.340864
14.6428 0.360447 1.10726 -0.161305 0.700158 -0.441363 0.537548 0.0977551 -0.0147034 0.0238683 0.130502 -0.152786 0.340864
14.627 0.329422 1.08027 -0.154884 0.686834 -0.450661 0.548794 0.161421 0.187254 -0.0419135 -0.113954 -0.0140087 0.340864
14.6048 0.282694 1.0398 -0.148395 0.673213 -0.459764 0.559804 0.225088 0.187254 -0.0419135 -0.113954 -0.0140087 0.340864
14.5769 0.219944 0.985776 -0.141842 0.659302 -0.468669 0.570571 0.288754 0.187254 -0.0419135 -0.113954 -0.0140087 0.340864
14.5445 0.140846 0.918185 -0.135229 0.645105 -0.477372 0.581093 0.352421 0.187254 -0.0419135 -0.113954 -0.0140087 0.340864
14.5082 0.0450657 0.837071 -0.128556 0.630631 -0.485868 0.591363 0.416087 0.187254 -0.0419135 -0.113954 -0.0140087 0.340864
14.4738 -0.0398723 0.761714 -0.105513 0.652826 -0.480606 0.575937 0.281894 -0.394685 0.151481 0.0725658 -0.128075 0.340864
14.4494 -0.0887846 0.713329 -0.0823334 0.674179 -0.474724 0.559769 0.147701 -0.394685 0.151481 0.0725658 -0.128075 0.340864
14.4391 -0.105884 0.694556 -0.0590478 0.694663 -0.46823 0.542879 0.0135083 -0.394685 0.151481 0.0725658 -0.128075 0.340864
14.4374 -0.10847 0.691609 -0.0562968 0.673974 -0.498016 0.542742 0.0117051 -0.00530348 -0.169998 -0.0834459 -0.099577 0.340864
14.4359 -0.110778 0.689172 -0.0534713 0.652395 -0.527144 0.541886 0.00990195 -0.00530348 -0.169998 -0.0834459 -0.099577 0.340864
14.4346 -0.112775 0.687219 -0.0505751 0.629952 -0.555575 0.540314 0.00809877 -0.00530348 -0.169998 -0.0834459 -0.099577 0.340864
