0 0 0 0 0 0 1 4.68182e-310 0 0 0 0 0
0.0359688 -0.00122266 -0.00102823 -0.00361661 0.0214909 -0.0254143 0.999439 0.211816 0.622989 -0.0212782 0.12644 -0.149524 0.340864
0.143397 -0.00979052 -0.00818831 -0.00722917 0.0429576 -0.0508001 0.997758 0.423632 0.622989 -0.0212782 0.12644 -0.149524 0.340864
0.275714 -0.0235153 -0.0170642 -0.0347853 0.0253872 -0.0510133 0.997769 0.360663 -0.185203 -0.167065 -0.0949181 0.00646288 0.340864
0.38698 -0.0350947 -0.0202805 -0.0623043 0.00778963 -0.0511722 0.996714 0.297694 -0.185203 -0.167065 -0.0949181 0.00646288 0.340864
0.477012 -0.0443125 -0.0194608 -0.0897567 -0.00981625 -0.0512763 0.994594 0.234725 -0.185203 -0.167065 -0.0949181 0.00646288 0.340864
0.545701 -0.0510911 -0.0162402 -0.117113 -0.0274116 -0.0513257 0.991413 0.171755 -0.185203 -0.167065 -0.0949181 0.00646288 0.340864
0.593019 -0.0554922 -0.0122511 -0.144345 -0.0449778 -0.0513202 0.987172 0.108786 -0.185203 -0.167065 -0.0949181 0.00646288 0.340864
0.619016 -0.0577152 -0.00910974 -0.171422 -0.0624958 -0.05126 0.981876 0.0458171 -0.185203 -0.167065 -0.0949181 0.00646288 0.340864
0.666885 -0.062276 -0.00201859 -0.144605 -0.0666157 -0.0620935 0.98529 0.240103 0.571428 0.161091 -0.0415567 -0.0475367 0.340864
0.779398 -0.0756175 0.0155808 -0.117664 -0.070678 -0.0728734 0.987851 0.434388 0.571428 0.161091 -0.0415567 -0.0475367 0.340864
0.914784 -0.0886578 0.0389535 -0.133317 -0.0865884 -0.0420367 0.986388 0.377589 -0.167057 -0.11164 -0.0650241 0.18311 0.340864
1.0312 -0.0918195 0.0618992 -0.148777 -0.102373 -0.011139 0.983494 0.320789 -0.167057 -0.11164 -0.0650241 0.18311 0.340864
1.12819 -0.0876586 0.0832288 -0.164021 -0.118009 0.0197748 0.979173 0.263989 -0.167057 -0.11164 -0.0650241 0.18311 0.340864
1.20556 -0.0788034 0.101897 -0.179027 -0.133474 0.05066 0.973431 0.20719 -0.167057 -0.11164 -0.0650241 0.18311 0.340864
1.26341 -0.0679234 0.117014 -0.193773 -0.148746 0.0814716 0.966276 0.15039 -0.167057 -0.11164 -0.0650241 0.18311 0.340864
1.30211 -0.0576987 0.127851 -0.208238 -0.163801 0.112165 0.957719 0.0935909 -0.167057 -0.11164 -0.0650241 0.18311 0.340864
1.32229 -0.0507887 0.133852 -0.222401 -0.178619 0.142696 0.947772 0.0367914 -0.167057 -0.11164 -0.0650241 0.18311 0.340864
1.34345 -0.0428893 0.14079 -0.198026 -0.188002 0.130171 0.953151 0.102217 0.192429 0.163987 -0.0425963 -0.0364623 0.340864
1.38451 -0.0288034 0.15562 -0.17348 -0.197223 0.117533 0.957702 0.167643 0.192429 0.163987 -0.0425963 -0.0364623 0.340864
1.4454 -0.00989901 0.179608 -0.148783 -0.206272 0.104793 0.961423 0.233069 0.192429 0.163987 -0.0425963 -0.0364623 0.340864
1.52598 0.0123535 0.213901 -0.123958 -0.215143 0.0919618 0.964309 0.298494 0.192429 0.163987 -0.0425963 -0.0364623 0.340864
1.62608 0.0363917 0.259519 -0.099024 -0.223826 0.0790511 0.966358 0.36392 0.192429 0.163987 -0.0425963 -0.0364623 0.340864
1.74547 0.0605712 0.317351 -0.0740045 -0.232316 0.0660717 0.967568 0.429346 0.192429 0.163987 -0.0425963 -0.0364623 0.340864
1.86088 0.0813729 0.373959 -0.0898516 -0.227359 0.0599946 0.967799 0.336602 -0.272777 -0.0837201 0.0197259 -0.0584954 0.340864
1.94892 0.0966019 0.415835 -0.105671 -0.222331 0.0538987 0.967728 0.243858 -0.272777 -0.0837201 0.0197259 -0.0584954 0.340864
2.04284 0.111495 0.455392 -0.137271 -0.188015 0.0443809 0.971513 0.362135 0.347874 -0.176032 0.184429 -0.118084 0.340864
2.13551 0.125651 0.493409 -0.133768 -0.213907 0.0439633 0.966653 0.23297 -0.379895 0.0233163 -0.152785 0.0236665 0.340864
2.21143 0.135129 0.525679 -0.114891 -0.195175 0.0216124 0.973776 0.255592 0.0665352 0.136251 0.102792 -0.119946 0.340864
2.2959 0.140498 0.558376 -0.0958698 -0.176198 -0.000765671 0.979675 0.278214 0.0665352 0.136251 0.102792 -0.119946 0.340864
2.38884 0.140987 0.590765 -0.0767277 -0.156999 -0.0231428 0.984342 0.300836 0.0665352 0.136251 0.102792 -0.119946 0.340864
2.4901 0.135873 0.622059 -0.0574892 -0.137602 -0.0454908 0.987771 0.323458 0.0665352 0.136251 0.102792 -0.119946 0.340864
2.59946 0.124487 0.651421 -0.0381784 -0.118033 -0.0677816 0.989958 0.34608 0.0665352 0.136251 0.102792 -0.119946 0.340864
2.7166 0.10622 0.677976 -0.0188195 -0.0983153 -0.0899872 0.9909 0.368702 0.0665352 0.136251 0.102792 -0.119946 0.340864
2.84112 0.080535 0.700813 0.00056295 -0.0784738 -0.11208 0.990596 0.391324 0.0665352 0.136251 0.102792 -0.119946 0.340864
2.97256 0.0469676 0.718998 0.0199447 -0.0585337 -0.134031 0.989046 0.413946 0.0665352 0.136251 0.102792 -0.119946 0.340864
3.11037 0.00513616 0.73158 0.0393014 -0.03852 -0.155814 0.986252 0.436568 0.0665352 0.136251 0.102792 -0.119946 0.340864
3.24547 -0.038704 0.744471 0.0206188 -0.062867 -0.152762 0.986046 0.402468 -0.100295 -0.131367 -0.124897 0.00765693 0.340864
3.32607 -0.0636852 0.755462 0.03628 -0.0793694 -0.138019 0.986577 0.0981492 -0.895054 0.0705029 -0.111397 0.0897909 0.340864
3.3644 -0.0746444 0.763119 0.0117024 -0.116176 -0.131667 0.984393 0.140681 0.125093 -0.175074 -0.196089 0.0157668 0.340864
3.41562 -0.0884926 0.777768 -0.0128986 -0.152749 -0.125051 0.980236 0.183213 0.125093 -0.175074 -0.196089 0.0157668 0.340864
3.47898 -0.104384 0.801506 -0.0374738 -0.189017 -0.118184 0.974115 0.225744 0.125093 -0.175074 -0.196089 0.0157668 0.340864
3.55351 -0.121292 0.836276 -0.0619739 -0.224906 -0.111081 0.966042 0.268276 0.125093 -0.175074 -0.196089 0.0157668 0.340864
3.63803 -0.138027 0.883842 -0.0863498 -0.260344 -0.103755 0.956033 0.310808 0.125093 -0.175074 -0.196089 0.0157668 0.340864
3.73118 -0.153249 0.945749 -0.110553 -0.29526 -0.0962205 0.944109 0.35334 0.125093 -0.175074 -0.196089 0.0157668 0.340864
3.83142 -0.165485 1.0233 -0.134534 -0.329585 -0.0884937 0.930292 0.395871 0.125093 -0.175074 -0.196089 0.0157668 0.340864
3.94054 -0.171855 1.11737 -0.130457 -0.352077 -0.0571525 0.925071 0.452613 0.166886 -0.0543063 -0.110555 0.194544 0.340864
4.02277 -0.174757 1.19139 -0.115115 -0.354671 -0.0669604 0.925458 0.198453 -0.747527 0.103227 -0.0259999 -0.019477 0.340864
4.05733 -0.176985 1.22467 -0.128523 -0.383363 -0.0822502 0.910906 0.0840727 -0.336414 -0.0622619 -0.191675 -0.0975352 0.340864
4.07974 -0.178058 1.24732 -0.146265 -0.372776 -0.0691024 0.913712 0.103532 0.0572326 -0.117484 0.0815925 0.0237949 0.340864
4.10757 -0.178056 1.27394 -0.163919 -0.361961 -0.0559127 0.915963 0.122991 0.0572326 -0.117484 0.0815925 0.0237949 0.340864
4.14101 -0.176563 1.30419 -0.181472 -0.350927 -0.0426889 0.917658 0.14245 0.0572326 -0.117484 0.0815925 0.0237949 0.340864
4.18029 -0.173177 1.3377 -0.198916 -0.33968 -0.0294393 0.918795 0.161909 0.0572326 -0.117484 0.0815925 0.0237949 0.340864
4.22557 -0.167517 1.37406 -0.216238 -0.328226 -0.0161717 0.919373 0.181368 0.0572326 -0.117484 0.0815925 0.0237949 0.340864
4.27703 -0.159221 1.41285 -0.23343 -0.316573 -0.00289434 0.919393 0.200827 0.0572326 -0.117484 0.0815925 0.0237949 0.340864
4.3348 -0.147952 1.45358 -0.250479 -0.304727 0.0103848 0.918855 0.220286 0.0572326 -0.117484 0.0815925 0.0237949 0.340864
4.3657 -0.141141 1.47398 -0.215685 -0.286246 0.0410224 0.932663 0.00115615 -0.6445 0.152431 0.17199 0.199982 0.340864
4.37078 -0.139885 1.47687 -0.199109 -0.25979 0.0593363 0.94305 0.0340144 0.0966418 0.0669088 0.189915 0.0923335 0.340864
4.3857 -0.13603 1.48439 -0.182252 -0.232965 0.0775661 0.9521 0.0668726 0.0966418 0.0669088 0.189915 0.0923335 0.340864
4.41088 -0.129159 1.49537 -0.165136 -0.20581 0.0956859 0.9598 0.0997308 0.0966418 0.0669088 0.189915 0.0923335 0.340864
4.4466 -0.118797 1.50864 -0.147786 -0.178364 0.11367 0.966139 0.132589 0.0966418 0.0669088 0.189915 0.0923335 0.340864
4.493 -0.104419 1.52302 -0.130226 -0.150664 0.131493 0.971108 0.165447 0.0966418 0.0669088 0.189915 0.0923335 0.340864
4.55008 -0.0854521 1.53732 -0.112482 -0.122751 0.149129 0.9747 0.198305 0.0966418 0.0669088 0.189915 0.0923335 0.340864
4.61772 -0.0612828 1.55038 -0.0945784 -0.0946638 0.166554 0.97691 0.231164 0.0966418 0.0669088 0.189915 0.0923335 0.340864
4.69562 -0.0312638 1.56107 -0.0765405 -0.0664424 0.183743 0.977735 0.264022 0.0966418 0.0669088 0.189915 0.0923335 0.340864
4.78112 0.00196423 1.57096 -0.099596 -0.0751969 0.171958 0.977168 0.278692 0.0431478 -0.118803 -0.0808078 -0.0722448 0.340864
4.87178 0.0352119 1.5825 -0.122577 -0.0838953 0.160045 0.97587 0.293362 0.0431478 -0.118803 -0.0808078 -0.0722448 0.340864
4.96757 0.0683328 1.59587 -0.145466 -0.0925309 0.148012 0.973843 0.308033 0.0431478 -0.118803 -0.0808078 -0.0722448 0.340864
5.06846 0.101191 1.6113 -0.168247 -0.101097 0.135868 0.971088 0.322703 0.0431478 -0.118803 -0.0808078 -0.0722448 0.340864
5.1744 0.133664 1.629 -0.190902 -0.109588 0.123623 0.967607 0.337373 0.0431478 -0.118803 -0.0808078 -0.0722448 0.340864
5.28533 0.16564 1.6492 -0.213414 -0.117997 0.111285 0.963404 0.352043 0.0431478 -0.118803 -0.0808078 -0.0722448 0.340864
5.40117 0.197022 1.67213 -0.235767 -0.126318 0.0988643 0.95848 0.366714 0.0431478 -0.118803 -0.0808078 -0.0722448 0.340864
5.52183 0.227727 1.69804 -0.257944 -0.134544 0.0863696 0.95284 0.381384 0.0431478 -0.118803 -0.0808078 -0.0722448 0.340864
5.64721 0.257688 1.72715 -0.279927 -0.14267 0.0738103 0.946487 0.396054 0.0431478 -0.118803 -0.0808078 -0.0722448 0.340864
5.76677 0.283034 1.75114 -0.304011 -0.10264 0.0651864 0.944877 0.336789 -0.17431 -0.146938 0.196937 -0.133493 0.340864
5.86895 0.300506 1.76351 -0.327408 -0.0623778 0.0564151 0.941132 0.277523 -0.17431 -0.146938 0.196937 -0.133493 0.340864
5.95639 0.313471 1.77208 -0.315111 -0.0769105 0.0509649 0.944559 0.244875 -0.0960235 0.0815077 -0.0856181 0.00119098 0.340864
6.03263 0.324604 1.78211 -0.302686 -0.0914121 0.045494 0.947605 0.212227 -0.0960235 0.0815077 -0.0856181 0.00119098 0.340864
6.0977 0.333905 1.79287 -0.290139 -0.105877 0.0400048 0.950268 0.179579 -0.0960235 0.0815077 -0.0856181 0.00119098 0.340864
6.15164 0.341406 1.80361 -0.277475 -0.120299 0.0344994 0.952547 0.146931 -0.0960235 0.0815077 -0.0856181 0.00119098 0.340864
6.19452 0.347168 1.81361 -0.264699 -0.134672 0.0289801 0.954441 0.114283 -0.0960235 0.0815077 -0.0856181 0.00119098 0.340864
6.24994 0.354901 1.82911 -0.248009 -0.158304 0.0311939 0.955227 0.227346 0.332537 0.0972136 -0.12578 0.0623209 0.340864
6.34062 0.368745 1.85912 -0.231111 -0.181802 0.0333814 0.955208 0.340408 0.332537 0.0972136 -0.12578 0.0623209 0.340864
6.46508 0.389268 1.90706 -0.214017 -0.205147 0.0355408 0.954384 0.453471 0.332537 0.0972136 -0.12578 0.0623209 0.340864
6.56172 0.407107 1.94553 -0.197222 -0.193438 0.0579238 0.959338 0.167365 -0.841488 0.07108 0.103418 0.130171 0.340864
6.58972 0.413053 1.9564 -0.207345 -0.206312 0.0633077 0.954167 0.0127593 -0.454723 -0.0648678 -0.07574 0.0355621 0.340864
6.6087 0.41707 1.96381 -0.214935 -0.195444 0.0532761 0.955388 0.109399 0.284236 -0.0329902 0.0474209 -0.0792302 0.340864
6.65823 0.426414 1.98211 -0.222466 -0.184522 0.0432298 0.956343 0.206039 0.284236 -0.0329902 0.0474209 -0.0792302 0.340864
6.73894 0.439681 2.0102 -0.229935 -0.173548 0.0331714 0.957032 0.30268 0.284236 -0.0329902 0.0474209 -0.0792302 0.340864
6.85137 0.455419 2.04698 -0.237341 -0.162526 0.0231038 0.957455 0.39932 0.284236 -0.0329902 0.0474209 -0.0792302 0.340864
6.96172 0.470017 2.08273 -0.236921 -0.169376 0.0253384 0.956315 0.288418 -0.326183 -0.000435781 -0.0364904 0.0227039 0.340864
7.0361 0.480479 2.10786 -0.236489 -0.176216 0.0275716 0.955123 0.177515 -0.326183 -0.000435781 -0.0364904 0.0227039 0.340864
7.07487 0.486252 2.1215 -0.236045 -0.183047 0.0298033 0.953881 0.0666132 -0.326183 -0.000435781 -0.0364904 0.0227039 0.340864
7.10207 0.491579 2.1312 -0.248227 -0.188405 0.0635237 0.948078 0.106129 0.116223 -0.111808 0.00837501 0.184588 0.340864
7.14117 0.502309 2.14487 -0.260075 -0.193509 0.0971585 0.940997 0.145645 0.116223 -0.111808 0.00837501 0.184588 0.340864
7.1916 0.520247 2.1621 -0.271572 -0.198352 0.130662 0.932648 0.185161 0.116223 -0.111808 0.00837501 0.184588 0.340864
7.25259 0.54712 2.18233 -0.282704 -0.202928 0.16399 0.923042 0.224676 0.116223 -0.111808 0.00837501 0.184588 0.340864
7.35118 0.595344 2.21418 -0.27484 -0.200038 0.170656 0.924838 0.447542 0.655488 0.0349387 0.0365074 0.0390429 0.340864
7.43465 0.635007 2.24048 -0.296134 -0.194781 0.150685 0.922854 0.117702 -0.970119 -0.100843 -0.0274021 -0.14023 0.340864
7.46611 0.650184 2.25065 -0.311031 -0.216419 0.169056 0.909858 0.0963272 -0.0628664 -0.105398 -0.11358 0.131899 0.340864
7.4904 0.663733 2.25927 -0.325556 -0.237799 0.187225 0.895774 0.0749526 -0.0628664 -0.105398 -0.11358 0.131899 0.340864
7.50789 0.674932 2.26605 -0.339692 -0.258894 0.20517 0.880618 0.053578 -0.0628664 -0.105398 -0.11358 0.131899 0.340864
7.51904 0.683074 2.27074 -0.353421 -0.279679 0.22287 0.864409 0.0322035 -0.0628664 -0.105398 -0.11358 0.131899 0.340864
7.52436 0.687475 2.27314 -0.366727 -0.300129 0.240302 0.847165 0.0108289 -0.0628664 -0.105398 -0.11358 0.131899 0.340864
7.5424 0.704834 2.28121 -0.356198 -0.29135 0.278883 0.842889 0.143901 0.39139 -0.0372849 0.134347 0.198009 0.340864
7.58933 0.755226 2.30059 -0.345065 -0.282078 0.31699 0.837185 0.276974 0.39139 -0.0372849 0.134347 0.198009 0.340864
7.66164 0.842764 2.32784 -0.333347 -0.272327 0.354561 0.830063 0.410046 0.39139 -0.0372849 0.134347 0.198009 0.340864
7.71679 0.911716 2.3477 -0.361353 -0.281596 0.331107 0.824922 0.122322 -0.846247 -0.0899459 -0.157935 -0.130518 0.340864
7.74686 0.950318 2.35945 -0.343139 -0.29539 0.353804 0.818427 0.173727 0.15119 0.0638625 0.00603485 0.18231 0.340864
7.78414 1.00437 2.37634 -0.324554 -0.308864 0.376119 0.81105 0.225132 0.15119 0.0638625 0.00603485 0.18231 0.340864
7.8268 1.07464 2.39898 -0.305618 -0.322005 0.398029 0.802797 0.276536 0.15119 0.0638625 0.00603485 0.18231 0.340864
7.87296 1.16172 2.42803 -0.286353 -0.334798 0.419509 0.793678 0.327941 0.15119 0.0638625 0.00603485 0.18231 0.340864
7.92066 1.26599 2.46414 -0.266778 -0.347231 0.440536 0.783702 0.379345 0.15119 0.0638625 0.00603485 0.18231 0.340864
7.96792 1.38765 2.50802 -0.246916 -0.359288 0.461087 0.77288 0.43075 0.15119 0.0638625 0.00603485 0.18231 0.340864
8.00447 1.49857 2.55102 -0.245471 -0.390804 0.462171 0.757241 0.301405 -0.380424 0.0670568 -0.170876 0.0961923 0.340864
8.02412 1.57034 2.58167 -0.243722 -0.421834 0.462682 0.740663 0.172061 -0.380424 0.0670568 -0.170876 0.0961923 0.340864
8.03124 1.60283 2.59672 -0.24167 -0.452342 0.462618 0.723165 0.0427169 -0.380424 0.0670568 -0.170876 0.0961923 0.340864
8.03284 1.61266 2.60119 -0.252357 -0.444923 0.488286 0.707062 0.0214958 -0.062415 -0.156873 -0.0038819 0.114049 0.340864
8.03327 1.61607 2.60254 -0.26277 -0.43702 0.513424 0.69019 0.000274684 -0.062415 -0.156873 -0.0038819 0.114049 0.340864
8.03527 1.65005 2.61618 -0.220858 -0.454508 0.524454 0.685268 0.215462 0.632904 0.187086 0.059998 0.194493 0.340864
8.03614 1.74953 2.66267 -0.178458 -0.470993 0.534325 0.678833 0.43065 0.632904 0.187086 0.059998 0.194493 0.340864
8.03749 1.86639 2.72511 -0.165181 -0.472717 0.508059 0.700807 0.348916 -0.240392 0.15431 0.0681684 -0.135386 0.340864
8.04392 1.95587 2.77912 -0.15168 -0.473802 0.481106 0.721833 0.267183 -0.240392 0.15431 0.0681684 -0.135386 0.340864
8.05254 2.01915 2.822 -0.137974 -0.474246 0.453502 0.741883 0.18545 -0.240392 0.15431 0.0681684 -0.135386 0.340864
8.06048 2.05781 2.85129 -0.124082 -0.474049 0.425285 0.76093 0.103716 -0.240392 0.15431 0.0681684 -0.135386 0.340864
8.06492 2.0738 2.86474 -0.110022 -0.473211 0.396493 0.778948 0.0219831 -0.240392 0.15431 0.0681684 -0.135386 0.340864
8.069 2.0843 2.87383 -0.130805 -0.444753 0.381543 0.799694 0.0631245 0.121004 -0.106594 0.130038 -0.193219 0.340864
8.07905 2.10496 2.89059 -0.151341 -0.415451 0.365869 0.818924 0.104266 0.121004 -0.106594 0.130038 -0.193219 0.340864
8.0971 2.13558 2.91378 -0.171589 -0.385362 0.349502 0.836601 0.145407 0.121004 -0.106594 0.130038 -0.193219 0.340864
8.12502 2.17565 2.94201 -0.191512 -0.354543 0.332473 0.852693 0.186549 0.121004 -0.106594 0.130038 -0.193219 0.340864
8.16457 2.22444 2.97382 -0.211071 -0.323051 0.314813 0.867168 0.22769 0.121004 -0.106594 0.130038 -0.193219 0.340864
8.21734 2.28093 3.00766 -0.230231 -0.290948 0.296556 0.879999 0.268832 0.121004 -0.106594 0.130038 -0.193219 0.340864
8.2847 2.34389 3.04193 -0.248954 -0.258292 0.277737 0.891162 0.309973 0.121004 -0.106594 0.130038 -0.193219 0.340864
8.36782 2.41185 3.075 -0.267206 -0.225147 0.258392 0.900635 0.351114 0.121004 -0.106594 0.130038 -0.193219 0.340864
8.46764 2.48315 3.10524 -0.284951 -0.191575 0.238557 0.908401 0.392256 0.121004 -0.106594 0.130038 -0.193219 0.340864
8.5848 2.55593 3.13104 -0.302155 -0.15764 0.218269 0.914445 0.433397 0.121004 -0.106594 0.130038 -0.193219 0.340864
8.6946 2.62085 3.14854 -0.286875 -0.136135 0.237919 0.917913 0.324002 -0.321751 0.0425307 0.173469 0.0772067 0.340864
8.77207 2.66888 3.15711 -0.271281 -0.114481 0.257309 0.920376 0.214607 -0.321751 0.0425307 0.173469 0.0772067 0.340864
8.81755 2.69852 3.15998 -0.255391 -0.0927014 0.276417 0.921833 0.105211 -0.321751 0.0425307 0.173469 0.0772067 0.340864
8.858 2.72549 3.16223 -0.241218 -0.103043 0.270908 0.926177 0.181101 0.223207 0.103207 -0.0389428 -0.0136689 0.340864
8.92003 2.76631 3.16791 -0.226958 -0.113349 0.265303 0.930191 0.256992 0.223207 0.103207 -0.0389428 -0.0136689 0.340864
9.00368 2.82058 3.17855 -0.212618 -0.123613 0.259604 0.933873 0.332882 0.223207 0.103207 -0.0389428 -0.0136689 0.340864
9.10896 2.88779 3.19568 -0.198202 -0.133834 0.253811 0.937222 0.408772 0.223207 0.103207 -0.0389428 -0.0136689 0.340864
9.23586 2.96736 3.22081 -0.183715 -0.144007 0.247928 0.940235 0.484662 0.223207 0.103207 -0.0389428 -0.0136689 0.340864
9.33951 3.03207 3.24477 -0.154749 -0.151523 0.250713 0.943524 0.247811 -0.696622 0.172389 0.00646557 0.043272 0.340864
9.37584 3.05494 3.25438 -0.125641 -0.158902 0.253268 0.945949 0.0109596 -0.696622 0.172389 0.00646557 0.043272 0.340864
9.38695 3.06212 3.25734 -0.105543 -0.139227 0.26741 0.947612 0.0688427 0.170244 0.0705461 0.151453 0.0804713 0.340864
9.41407 3.08027 3.26371 -0.0853393 -0.119414 0.281286 0.948333 0.126726 0.170244 0.0705461 0.151453 0.0804713 0.340864
9.45693 3.1101 3.27236 -0.0650512 -0.0994816 0.294882 0.948112 0.184609 0.170244 0.0705461 0.151453 0.0804713 0.340864
9.51515 3.15234 3.28223 -0.0446984 -0.0794508 0.308185 0.946949 0.242492 0.170244 0.0705461 0.151453 0.0804713 0.340864
9.58824 3.20777 3.2923 -0.0243012 -0.0593411 0.321182 0.944844 0.300375 0.170244 0.0705461 0.151453 0.0804713 0.340864
9.65618 3.25735 3.3001 -0.0225258 -0.0525792 0.292107 0.954673 0.196594 -0.305238 0.00864766 0.0402176 -0.180543 0.340864
9.69746 3.2838 3.30418 -0.0207282 -0.0457652 0.262743 0.963557 0.0928128 -0.305238 0.00864766 0.0402176 -0.180543 0.340864
9.72284 3.29784 3.30637 -0.0208785 -0.042819 0.233578 0.97117 0.0783439 -0.0425556 0.00337438 0.0149624 -0.177499 0.340864
9.7446 3.30822 3.3081 -0.0210097 -0.0398336 0.204199 0.977893 0.063875 -0.0425556 0.00337438 0.0149624 -0.177499 0.340864
9.78001 3.32265 3.31146 -0.0300659 -0.057226 0.180054 0.98153 0.161912 0.288345 -0.0250997 -0.113075 -0.143255 0.340864
9.84708 3.34652 3.32002 -0.0390927 -0.0745624 0.155733 0.984205 0.25995 0.288345 -0.0250997 -0.113075 -0.143255 0.340864
9.94636 3.37687 3.33602 -0.048081 -0.0918256 0.131258 0.985915 0.357987 0.288345 -0.0250997 -0.113075 -0.143255 0.340864
10.078 3.41068 3.36181 -0.0570222 -0.108999 0.106655 0.986657 0.456025 0.288345 -0.0250997 -0.113075 -0.143255 0.340864
10.2279 3.44482 3.39344 -0.0559238 -0.107197 0.101439 0.987467 0.466886 0.0319449 0.00886113 0.00991844 -0.0306841 0.340864
10.3817 3.47806 3.42541 -0.0548235 -0.105391 0.0962188 0.988245 0.477747 0.0319449 0.00886113 0.00991844 -0.0306841 0.340864
10.5395 3.51033 3.45768 -0.0537214 -0.103582 0.090996 0.988992 0.488609 0.0319449 0.00886113 0.00991844 -0.0306841 0.340864
10.6562 3.53254 3.47782 -0.0480921 -0.0699976 0.0849957 0.992755 0.220341 -0.789023 0.0196218 0.198831 -0.0441133 0.340864
10.7365 3.54565 3.48644 -0.0411033 -0.043703 0.0714457 0.995639 0.260983 0.119534 0.0340665 0.154425 -0.0851445 0.340864
10.7946 3.55442 3.49263 -0.0628221 -0.0741572 0.0721118 0.99265 0.086391 -0.513505 -0.115323 -0.18814 0.00693852 0.340864
10.836 3.56088 3.49788 -0.0587525 -0.0611239 0.0736571 0.993673 0.162156 0.222837 0.0179389 0.0788488 0.00554845 0.340864
10.9028 3.57137 3.50464 -0.0546718 -0.0480791 0.0751885 0.994508 0.23792 0.222837 0.0179389 0.0788488 0.00554845 0.340864
10.9952 3.58596 3.51159 -0.0505807 -0.0350251 0.0767055 0.995154 0.313685 0.222837 0.0179389 0.0788488 0.00554845 0.340864
11.093 3.60403 3.51842 -0.0655527 -0.0446127 0.101639 0.991656 0.272986 -0.119704 -0.0895101 -0.0561905 0.147325 0.340864
11.1539 3.61582 3.52434 -0.0882051 -0.0688307 0.0768414 0.990746 0.0934552 -0.528031 -0.111533 -0.164662 -0.140752 0.340864
11.1707 3.61829 3.52686 -0.0661439 -0.0982033 0.0460703 0.991896 0.00773732 -0.252111 0.154963 -0.176777 -0.155739 0.340864
11.2138 3.62102 3.53476 -0.0618331 -0.0892166 0.0148297 0.99398 0.250069 0.71274 0.0415815 0.042659 -0.183883 0.340864
11.3382 3.62166 3.55593 -0.0574556 -0.0801336 -0.0164269 0.994991 0.492401 0.71274 0.0415815 0.042659 -0.183883 0.340864
11.4753 3.61761 3.57734 -0.0537411 -0.0721744 -0.0218058 0.995704 0.324287 -0.49445 0.0252864 0.0447447 -0.0323527 0.340864
11.5561 3.61426 3.58872 -0.0500209 -0.0642074 -0.0271823 0.996311 0.156174 -0.49445 0.0252864 0.0447447 -0.0323527 0.340864
11.6089 3.61141 3.59452 -0.0503536 -0.0421532 -0.0319914 0.997329 0.156797 0.00183193 0.00369241 0.128286 -0.0346392 0.340864
11.6621 3.60791 3.59802 -0.0506606 -0.0200774 -0.036784 0.997836 0.15742 0.00183193 0.00369241 0.128286 -0.0346392 0.340864
11.7155 3.60376 3.5992 -0.0509417 0.00200858 -0.0415579 0.997835 0.158043 0.00183193 0.00369241 0.128286 -0.0346392 0.340864
11.7691 3.59897 3.59804 -0.0511969 0.0240936 -0.0463106 0.997323 0.158666 0.00183193 0.00369241 0.128286 -0.0346392 0.340864
11.8614 3.58694 3.59488 -0.0752558 0.0190372 -0.0765607 0.994039 0.389007 0.677474 -0.147836 -0.0317623 -0.173472 0.340864
12.0092 3.56796 3.59352 -0.050244 -0.00103104 -0.0510476 0.997431 0.487596 0.289968 0.141612 -0.117728 0.156837 0.340864
12.1298 3.55367 3.59071 -0.0441941 0.0340631 -0.0676279 0.996149 0.227009 -0.766433 0.0457675 0.199232 -0.108029 0.340864
12.2231 3.53787 3.58243 -0.0258256 0.0575512 -0.0946031 0.993515 0.332085 0.309048 0.110918 0.123875 -0.168947 0.340864
12.3495 3.50942 3.56479 -0.00741504 0.080946 -0.121425 0.989267 0.437161 0.309048 0.110918 0.123875 -0.168947 0.340864
12.4814 3.47394 3.54169 0.00790213 0.0878955 -0.138234 0.98646 0.377689 -0.174917 0.0859796 0.0301068 -0.10743 0.340864
12.5926 3.44017 3.51989 0.0232148 0.0947947 -0.154965 0.983087 0.318217 -0.174917 0.0859796 0.0301068 -0.10743 0.340864
12.6836 3.40938 3.50003 0.0385141 0.10164 -0.171606 0.979151 0.258745 -0.174917 0.0859796 0.0301068 -0.10743 0.340864
12.766 3.37725 3.48145 0.0263458 0.0964149 -0.198428 0.975006 0.273169 0.0424235 -0.0904708 -0.00925589 -0.152601 0.340864
12.8526 3.33941 3.4652 0.0099731 0.07007 -0.209111 0.975327 0.291011 0.0524771 -0.130785 -0.130536 -0.0557026 0.340864
12.9446 3.2968 3.45385 -0.0064103 0.0436498 -0.219569 0.974599 0.308854 0.0524771 -0.130785 -0.130536 -0.0557026 0.340864
13.0415 3.24942 3.44819 -0.0227868 0.0171825 -0.22979 0.972822 0.326696 0.0524771 -0.130785 -0.130536 -0.0557026 0.340864
13.138 3.2004 3.44678 -0.012351 0.00448317 -0.235619 0.971757 0.309916 -0.0493511 0.0418232 -0.0874561 -0.034145 0.340864
13.2288 3.15292 3.44749 -0.00191141 -0.00821758 -0.241375 0.970395 0.293137 -0.0493511 0.0418232 -0.0874561 -0.034145 0.340864
13.2838 3.12258 3.44836 -0.0366017 0.00468684 -0.261509 0.964495 0.0763386 -0.637642 -0.178844 0.122441 -0.125168 0.340864
13.3199 3.10079 3.44861 -0.00788732 0.000979653 -0.273337 0.961886 0.171676 0.280405 0.156346 -0.0676895 -0.0711252 0.340864
13.3828 3.06075 3.44844 0.0208348 -0.0027285 -0.284896 0.958328 0.267014 0.280405 0.156346 -0.0676895 -0.0711252 0.340864
13.4717 3.00122 3.44715 0.0495364 -0.00643396 -0.296174 0.953827 0.362352 0.280405 0.156346 -0.0676895 -0.0711252 0.340864
13.5857 2.92101 3.44394 0.0781893 -0.0101331 -0.30716 0.948386 0.45769 0.280405 0.156346 -0.0676895 -0.0711252 0.340864
13.7142 2.82752 3.44434 0.0597712 -0.0371401 -0.309631 0.948249 0.477168 0.057288 -0.151364 -0.11628 -0.0275567 0.340864
13.8469 2.72918 3.45506 0.0412888 -0.0641073 -0.311769 0.947093 0.496646 0.057288 -0.151364 -0.11628 -0.0275567 0.340864
13.9646 2.64296 3.46963 0.0124358 -0.0582468 -0.30374 0.950892 0.365979 -0.384313 -0.153971 0.0850596 0.0422487 0.340864
14.0478 2.58458 3.48049 -0.0164289 -0.0523312 -0.295423 0.953791 0.235313 -0.384313 -0.153971 0.0850596 0.0422487 0.340864
14.0955 2.55256 3.48696 -0.0452781 -0.0463662 -0.286827 0.955788 0.104646 -0.384313 -0.153971 0.0850596 0.0422487 0.340864
14.1293 2.52878 3.49035 -0.0407549 -0.0136743 -0.315951 0.947801 0.139643 0.10293 0.0864341 0.166292 -0.184755 0.340864
14.171 2.49545 3.49137 -0.0361502 0.019045 -0.344443 0.937918 0.174639 0.10293 0.0864341 0.166292 -0.184755 0.340864
14.2194 2.4516 3.48859 -0.031473 0.0517262 -0.372246 0.926157 0.209636 0.10293 0.0864341 0.166292 -0.184755 0.340864
14.2728 2.39646 3.4806 -0.0267329 0.0843039 -0.399303 0.912543 0.244632 0.10293 0.0864341 0.166292 -0.184755 0.340864
14.3297 2.32946 3.46613 -0.0219393 0.116713 -0.425562 0.897103 0.279628 0.10293 0.0864341 0.166292 -0.184755 0.340864
14.3883 2.25022 3.44396 -0.0171018 0.148888 -0.450969 0.879868 0.314625 0.10293 0.0864341 0.166292 -0.184755 0.340864
14.4465 2.15857 3.41304 -0.0122301 0.180766 -0.475473 0.860871 0.349621 0.10293 0.0864341 0.166292 -0.184755 0.340864
14.5023 2.0546 3.37245 -0.00733392 0.212281 -0.499026 0.840152 0.384617 0.10293 0.0864341 0.166292 -0.184755 0.340864
14.5534 1.93859 3.32144 -0.00242304 0.243372 -0.52158 0.817752 0.419614 0.10293 0.0864341 0.166292 -0.184755 0.340864
14.5978 1.81107 3.25944 0.00249269 0.273976 -0.543091 0.793715 0.45461 0.10293 0.0864341 0.166292 -0.184755 0.340864
14.6209 1.72434 3.21633 -0.0179197 0.288728 -0.566755 0.771429 0.131212 -0.951171 -0.0860116 0.170398 -0.14861 0.340864
14.6291 1.67489 3.1937 -0.0403063 0.299106 -0.594436 0.745357 0.192435 0.180069 -0.11679 0.163144 -0.175665 0.340864
14.6348 1.60504 3.16477 -0.06261 0.308868 -0.620895 0.717753 0.253659 0.180069 -0.11679 0.163144 -0.175665 0.340864
14.6347 1.51441 3.13126 -0.084785 0.317997 -0.646079 0.688674 0.314882 0.180069 -0.11679 0.163144 -0.175665 0.340864
14.6259 1.40302 3.09516 -0.106786 0.326471 -0.669934 0.65818 0.376105 0.180069 -0.11679 0.163144 -0.175665 0.340864
14.6055 1.27123 3.05873 -0.128567 0.334275 -0.692414 0.626334 0.437329 0.180069 -0.11679 0.163144 -0.175665 0.340864
14.5708 1.11984 3.02444 -0.150085 0.341392 -0.71347 0.5932 0.498552 0.180069 -0.11679 0.163144 -0.175665 0.340864
14.5355 0.976075 2.99646 -0.168606 0.344815 -0.699156 0.603204 0.387658 -0.326159 -0.012688 0.0822302 0.126121 0.340864
14.5131 0.867164 2.97663 -0.187016 0.34801 -0.684381 0.612811 0.276764 -0.326159 -0.012688 0.0822302 0.126121 0.340864
14.5009 0.79398 2.9641 -0.205303 0.350976 -0.669154 0.622013 0.16587 -0.326159 -0.012688 0.0822302 0.126121 0.340864
14.4962 0.757218 2.95815 -0.223454 0.35371 -0.653486 0.630804 0.0549759 -0.326159 -0.012688 0.0822302 0.126121 0.340864
14.4923 0.728831 2.95264 -0.173383 0.359261 -0.670939 0.625069 0.116749 0.181687 0.163355 -0.182969 -0.198382 0.340864
14.483 0.681148 2.94005 -0.122815 0.363779 -0.686463 0.617535 0.178523 0.181687 0.163355 -0.182969 -0.198382 0.340864
14.4679 0.624156 2.92187 -0.111623 0.393349 -0.696966 0.589114 0.184489 0.0175478 0.117087 0.115493 -0.198294 0.340864
14.4477 0.567278 2.90148 -0.100218 0.422164 -0.706133 0.559562 0.190456 0.0175478 0.117087 0.115493 -0.198294 0.340864
14.422 0.511025 2.87908 -0.0886206 0.450171 -0.713945 0.528938 0.196422 0.0175478 0.117087 0.115493 -0.198294 0.340864
14.3922 0.447626 2.85262 -0.0907605 0.438297 -0.703583 0.551932 0.244282 0.140765 -0.0170988 -0.0834549 0.140683 0.340864
14.3604 0.368646 2.8199 -0.0928294 0.426081 -0.692671 0.574494 0.292142 0.140765 -0.0170988 -0.0834549 0.140683 0.340864
14.3287 0.273698 2.78092 -0.0948258 0.413532 -0.681218 0.596608 0.340003 0.140765 -0.0170988 -0.0834549 0.140683 0.340864
14.2986 0.162518 2.73573 -0.0967481 0.40066 -0.669232 0.618255 0.387863 0.140765 -0.0170988 -0.0834549 0.140683 0.340864
14.2721 0.0349736 2.68447 -0.0985948 0.387475 -0.656723 0.639419 0.435723 0.140765 -0.0170988 -0.0834549 0.140683 0.340864
14.2456 -0.0937472 2.63494 -0.0909197 0.373784 -0.684111 0.619686 0.39053 -0.132921 -0.0979094 -0.0520615 -0.188841 0.340864
14.2154 -0.208073 2.59416 -0.0831187 0.359576 -0.710551 0.599094 0.345337 -0.132921 -0.0979094 -0.0520615 -0.188841 0.340864
14.1831 -0.307615 2.5612 -0.0752025 0.34487 -0.736006 0.577672 0.300144 -0.132921 -0.0979094 -0.0520615 -0.188841 0.340864
14.1504 -0.392183 2.53514 -0.067182 0.329685 -0.760441 0.55545 0.254951 -0.132921 -0.0979094 -0.0520615 -0.188841 0.340864
14.1188 -0.461787 2.51514 -0.0590685 0.314044 -0.783822 0.532457 0.209758 -0.132921 -0.0979094 -0.0520615 -0.188841 0.340864
14.0906 -0.522675 2.49585 -0.0273363 0.317299 -0.768113 0.555497 0.201137 -0.0253544 0.151469 -0.173266 0.0957076 0.340864
14.0667 -0.580771 2.47287 0.00444499 0.319985 -0.751025 0.577539 0.192517 -0.0253544 0.151469 -0.173266 0.0957076 0.340864
14.047 -0.635777 2.44679 0.0362183 0.322097 -0.732589 0.598544 0.183896 -0.0253544 0.151469 -0.173266 0.0957076 0.340864
14.0315 -0.687443 2.41821 0.0679265 0.32363 -0.712838 0.618475 0.175276 -0.0253544 0.151469 -0.173266 0.0957076 0.340864
14.0201 -0.735571 2.38773 0.0995129 0.324583 -0.691808 0.637296 0.166655 -0.0253544 0.151469 -0.173266 0.0957076 0.340864
14.0124 -0.780008 2.35591 0.130921 0.324952 -0.669535 0.654972 0.158035 -0.0253544 0.151469 -0.173266 0.0957076 0.340864
14.0084 -0.820653 2.32333 0.162093 0.324739 -0.646061 0.671473 0.149414 -0.0253544 0.151469 -0.173266 0.0957076 0.340864
14.0066 -0.861626 2.28621 0.208855 0.319857 -0.63799 0.66861 0.176039 0.0783087 0.184366 -0.199299 -0.0730117 0.340864
14.0064 -0.906477 2.24004 0.255141 0.314244 -0.628463 0.664221 0.202664 0.0783087 0.184366 -0.199299 -0.0730117 0.340864
14.0086 -0.954265 2.18435 0.300843 0.307914 -0.6175 0.658314 0.229289 0.0783087 0.184366 -0.199299 -0.0730117 0.340864
14.0142 -1.00403 2.11882 0.345859 0.30088 -0.605126 0.650903 0.255914 0.0783087 0.184366 -0.199299 -0.0730117 0.340864
14.024 -1.05481 2.04333 0.390084 0.293159 -0.591371 0.642006 0.282539 0.0783087 0.184366 -0.199299 -0.0730117 0.340864
14.0393 -1.10567 1.95791 0.433419 0.284769 -0.576265 0.631643 0.309164 0.0783087 0.184366 -0.199299 -0.0730117 0.340864
14.0609 -1.15567 1.86279 0.475763 0.275728 -0.559843 0.619838 0.335789 0.0783087 0.184366 -0.199299 -0.0730117 0.340864
14.0901 -1.20395 1.75839 0.517022 0.266058 -0.542143 0.606616 0.362414 0.0783087 0.184366 -0.199299 -0.0730117 0.340864
14.113 -1.24017 1.67844 0.49709 0.263091 -0.562858 0.605703 0.171213 -0.562355 -0.110244 0.117425 -0.0546703 0.340864
14.1193 -1.25298 1.65302 0.479826 0.243744 -0.585578 0.60618 0.000323809 -0.502616 -0.162154 0.0539373 -0.109246 0.340864
14.1221 -1.25901 1.64099 0.481542 0.278703 -0.564653 0.609598 0.0805037 0.235823 0.146933 0.054792 0.182651 0.340864
14.1308 -1.27492 1.60422 0.482452 0.313194 -0.542781 0.611995 0.160684 0.235823 0.146933 0.054792 0.182651 0.340864
14.1456 -1.29749 1.54153 0.482554 0.347161 -0.520001 0.613368 0.240863 0.235823 0.146933 0.054792 0.182651 0.340864
14.1664 -1.3234 1.452 0.481848 0.380547 -0.496349 0.613713 0.321043 0.235823 0.146933 0.054792 0.182651 0.340864
14.1929 -1.3493 1.33496 0.480335 0.413296 -0.471867 0.613031 0.401223 0.235823 0.146933 0.054792 0.182651 0.340864
14.2242 -1.3718 1.18998 0.478017 0.445352 -0.446594 0.611322 0.481403 0.235823 0.146933 0.054792 0.182651 0.340864
14.2472 -1.38315 1.08711 0.477894 0.45506 -0.419078 0.623628 0.142276 -0.997432 0.0625511 -0.0743883 0.158929 0.340864
14.2543 -1.38592 1.05887 0.477145 0.445108 -0.420344 0.630494 0.0297364 -0.331 -0.049972 -0.0494825 -0.0136895 0.340864
14.2564 -1.38667 1.04954 0.487703 0.471807 -0.427804 0.597099 0.0267014 -0.00892634 0.179434 0.181348 -0.0629721 0.340864
14.2577 -1.38687 1.04109 0.497289 0.497564 -0.43441 0.562513 0.0236665 -0.00892634 0.179434 0.181348 -0.0629721 0.340864
14.2585 -1.38661 1.0336 0.505883 0.522329 -0.44015 0.526804 0.0206315 -0.00892634 0.179434 0.181348 -0.0629721 0.340864
14.2587 -1.386 1.02714 0.513468 0.546051 -0.445012 0.490044 0.0175966 -0.00892634 0.179434 0.181348 -0.0629721 0.340864
14.2589 -1.38433 1.01608 0.527626 0.55148 -0.433623 0.479011 0.0482424 0.0901349 0.124941 -0.0203716 -0.0251366 0.340864
14.2593 -1.38025 0.994859 0.54153 0.556644 -0.422026 0.467747 0.0788883 0.0901349 0.124941 -0.0203716 -0.0251366 0.340864
14.2602 -1.37289 0.9637 0.555174 0.561539 -0.410226 0.456257 0.109534 0.0901349 0.124941 -0.0203716 -0.0251366 0.340864
14.2618 -1.36141 0.922863 0.56855 0.566164 -0.398228 0.444548 0.14018 0.0901349 0.124941 -0.0203716 -0.0251366 0.340864
14.2643 -1.345 0.872668 0.581653 0.570517 -0.386038 0.432625 0.170826 0.0901349 0.124941 -0.0203716 -0.0251366 0.340864
14.2678 -1.32286 0.813489 0.594476 0.574595 -0.373663 0.420494 0.201472 0.0901349 0.124941 -0.0203716 -0.0251366 0.340864
14.2726 -1.29421 0.745752 0.607012 0.578396 -0.361108 0.40816 0.232118 0.0901349 0.124941 -0.0203716 -0.0251366 0.340864
14.2789 -1.25831 0.669935 0.619257 0.581919 -0.348379 0.39563 0.262764 0.0901349 0.124941 -0.0203716 -0.0251366 0.340864
14.287 -1.21445 0.586568 0.631203 0.585162 -0.335482 0.382909 0.293409 0.0901349 0.124941 -0.0203716 -0.0251366 0.340864
14.2978 -1.16398 0.493757 0.645487 0.566242 -0.350736 0.373765 0.331315 0.111488 -0.0237188 0.0173111 -0.171843 0.340864
14.3125 -1.109 0.389155 0.659204 0.546825 -0.365681 0.364292 0.369221 0.111488 -0.0237188 0.0173111 -0.171843 0.340864
14.3317 -1.05005 0.272645 0.672342 0.526928 -0.380306 0.3545 0.407127 0.111488 -0.0237188 0.0173111 -0.171843 0.340864
14.3557 -0.987683 0.144113 0.68489 0.506568 -0.394596 0.344396 0.445033 0.111488 -0.0237188 0.0173111 -0.171843 0.340864
14.3759 -0.940534 0.0459465 0.687469 0.508067 -0.382026 0.351155 0.206536 -0.701462 0.0189285 -0.0737326 0.0395078 0.340864
14.3854 -0.920345 0.00574571 0.696893 0.507935 -0.357848 0.358172 0.0639558 -0.419352 0.0630628 -0.140214 0.0370134 0.340864
14.3886 -0.91418 -0.00617099 0.688796 0.510703 -0.346205 0.380636 0.0171839 -0.137565 -0.0685423 -0.0919842 0.107375 0.340864
14.39 -0.911846 -0.0109178 0.693451 0.494684 -0.349417 0.390283 0.0149746 -0.00649793 -0.0709402 -0.0613129 -0.0664412 0.340864
14.3913 -0.909959 -0.0150332 0.697841 0.478477 -0.352497 0.39978 0.0127653 -0.00649793 -0.0709402 -0.0613129 -0.0664412 0.340864
14.3926 -0.908483 -0.0185058 0.701965 0.462086 -0.355441 0.409125 0.010556 -0.00649793 -0.0709402 -0.0613129 -0.0664412 0.340864
14.3936 -0.907377 -0.0213268 0.705821 0.445519 -0.35825 0.418313 0.00834669 -0.00649793 -0.0709402 -0.0613129 -0.0664412 0.340864
